0.00997765 0 4.13168e-05 27.4578 33.1409 -5.6831
0.0199553 0 0.000165179 27.4578 33.1035 -5.64577
0.029933 0 0.00037144 27.4577 33.062 -5.60423
0.0399106 0 0.00065993 27.4577 33.016 -5.55827
0.0498883 0 0.00103046 27.4577 32.9654 -5.50766
0.0598659 0 0.00148281 27.4577 32.9098 -5.45217
0.0698436 0 0.00201674 27.4576 32.8492 -5.39155
0.0798212 0 0.00263197 27.4576 32.7832 -5.32553
0.0897989 0 0.00332822 27.4576 32.7115 -5.25386
0.0997765 0 0.00410514 27.4576 32.6338 -5.17626
0.109754 0 0.00496238 27.4576 32.55 -5.09243
0.119732 0 0.00589954 27.4575 32.4596 -5.00209
0.129709 0 0.00691617 27.4575 32.3624 -4.90491
0.139687 0 0.00801181 27.4575 32.258 -4.80057
0.149665 0 0.00918593 27.4574 32.1462 -4.68876
0.159642 0 0.010438 27.4574 32.0265 -4.56912
0.16962 0 0.0117673 27.4574 31.8987 -4.4413
0.179598 0 0.0131734 27.4573 31.7623 -4.30495
0.189575 0 0.0146553 27.4573 31.617 -4.15969
0.199553 0 0.0162124 27.4573 31.4624 -4.00513
0.209531 0 0.0178439 27.4572 31.2981 -3.8409
0.219508 0 0.0195489 27.4572 31.1238 -3.6666
0.229486 0 0.0213264 27.4572 30.939 -3.48182
0.239464 0 0.0231753 27.4571 30.7433 -3.28615
0.249441 0 0.0250947 27.4571 30.5363 -3.07918
0.259419 0 0.0270834 27.457 30.3176 -2.86051
0.269397 0 0.02914 27.457 30.0867 -2.6297
0.279374 0 0.0312633 27.457 29.8433 -2.38636
0.289352 0 0.0334519 27.4569 29.587 -2.13006
0.29933 0 0.0357043 27.4569 29.3173 -1.8604
0.309307 0 0.0380188 27.4568 29.0338 -1.57699
0.319285 0 0.0403939 27.4568 28.7362 -1.27944
0.329263 0 0.0428276 27.4568 28.4242 -0.967384
0.33924 0 0.0453182 27.4567 28.0972 -0.640475
0.349218 0 0.0478636 27.4567 27.7551 -0.298387
0.359196 0 0.0504617 27.4567 27.3975 0.0591745
0.369173 0 0.0531103 27.4566 27.0242 0.432472
0.379151 0 0.0558071 27.4566 26.6349 0.821727
0.389128 0 0.0585495 27.4566 26.2295 1.22712
0.399106 0 0.061335 27.4565 25.8078 1.64877
0.409084 0 0.0641609 27.4565 25.3698 2.08675
0.419061 0 0.0670244 27.4565 24.9155 2.54106
0.429039 0 0.0699224 27.4565 24.4449 3.01163
0.439017 0 0.0728519 27.4565 23.9582 3.49832
0.448994 0 0.0758097 27.4565 23.4556 4.00087
0.458972 0 0.0787923 27.4565 22.9375 4.51897
0.46895 0 0.0817964 27.4565 22.4043 5.05217
0.478927 0 0.0848183 27.4565 21.8566 5.59992
0.488905 0 0.0878543 27.4566 21.295 6.16156
0.498883 0 0.0909004 27.4566 20.7203 6.7363
0.50886 0 0.0939528 27.4567 20.1335 7.3232
0.518838 0 0.0970074 27.4567 19.5355 7.92121
0.528816 0 0.10006 27.4568 18.9277 8.52912
0.538793 0 0.103106 27.4569 18.3113 9.14556
0.548771 0 0.106142 27.4569 17.6879 9.76904
0.558749 0 0.109162 27.457 17.0591 10.3979
0.568726 0 0.112163 27.4571 16.4268 11.0303
0.578704 0 0.11514 27.4573 15.7929 11.6644
0.588682 0 0.118088 27.4574 15.1595 12.2979
0.598659 0 0.121002 27.4575 14.5288 12.9288
0.608637 0 0.123879 27.4577 13.9032 13.5545
0.618615 0 0.126713 27.4578 13.2851 14.1727
0.628592 0 0.1295 27.458 12.6772 14.7807
0.63857 0 0.132236 27.4581 12.0822 15.376
0.648547 0 0.134916 27.4583 11.5026 15.9557
0.658525 0 0.137535 27.4585 10.9413 16.5171
0.668503 0 0.14009 27.4586 10.4011 17.0575
0.67848 0 0.142577 27.4588 9.88477 17.574
0.688458 0 0.144991 27.459 9.39497 18.064
0.698436 0 0.147329 27.4591 8.93439 18.5247
0.708413 0 0.149589 27.4593 8.5056 18.9537
0.718391 0 0.151765 27.4594 8.11103 19.3484
0.728369 0 0.153856 27.4596 7.75297 19.7066
0.738346 0 0.155859 27.4597 7.4335 20.0262
0.748324 0 0.157772 27.4598 7.15451 20.3053
0.758302 0 0.159591 27.4648 6.89638 20.5684
0.768279 0 0.161317 27.4648 6.65833 20.8065
0.778257 0 0.162946 27.4649 6.46156 21.0033
0.788235 0 0.164479 27.4649 6.3069 21.158
0.798212 0 0.165912 27.4649 6.19489 21.27
0.80819 0 0.167247 27.4649 6.12577 21.3391
0.818168 0 0.168483 27.4651 6.09614 21.3689
0.828145 0 0.169619 27.465 6.10535 21.3597
0.838123 0 0.170656 27.465 6.15612 21.3089
0.848101 0 0.171595 27.4649 6.24761 21.2173
0.858078 0 0.172436 27.4648 6.3787 21.0861
0.868056 0 0.173181 27.4647 6.54807 20.9167
0.878034 0 0.173832 27.4646 6.75414 20.7105
0.888011 0 0.17439 27.4645 6.99518 20.4693
0.897989 0 0.174857 27.4644 7.26926 20.1951
0.907966 0 0.175236 27.4642 7.57432 19.8899
0.917944 0 0.17553 27.4641 7.90817 19.5559
0.927922 0 0.17574 27.464 8.26855 19.1954
0.937899 0 0.17587 27.4638 8.65313 18.8107
0.947877 0 0.175924 27.4637 9.05953 18.4041
0.957855 0 0.175904 27.4635 9.48537 17.9782
0.967832 0 0.175814 27.4634 9.92828 17.5351
0.97781 0 0.175657 27.4633 10.3859 17.0773
0.987788 0 0.175438 27.4631 10.856 16.6072
0.997765 0 0.175159 27.463 11.3363 16.1267
1.00774 0 0.174824 27.4629 11.8246 15.6383
1.01772 0 0.174438 27.4628 12.319 15.1438
1.0277 0 0.174003 27.4627 12.8175 14.6452
1.03768 0 0.173525 27.4626 13.3183 14.1443
1.04765 0 0.173006 27.4625 13.8196 13.6429
1.05763 0 0.17245 27.4624 14.3199 13.1425
1.06761 0 0.17186 27.4624 14.8178 12.6446
1.07759 0 0.171242 27.4623 15.3119 12.1504
1.08756 0 0.170598 27.4622 15.801 11.6612
1.09754 0 0.169931 27.4622 16.2841 11.1781
1.10752 0 0.169245 27.4663 16.7544 10.7119
1.1175 0 0.168544 27.4662 17.2104 10.2559
1.12747 0 0.167831 27.4662 17.6566 9.80959
1.13745 0 0.167109 27.4662 18.0925 9.37373
1.14743 0 0.16638 27.4662 18.5173 8.94884
1.15741 0 0.165649 27.4662 18.9308 8.53539
1.16739 0 0.164917 27.4662 19.3324 8.13377
1.17736 0 0.164187 27.4662 19.7219 7.74427
1.18734 0 0.163463 27.4662 20.0991 7.36712
1.19732 0 0.162746 27.4662 20.4637 7.00249
1.2073 0 0.162039 27.4662 20.8157 6.65048
1.21727 0 0.161344 27.4662 21.1551 6.31115
1.22725 0 0.160664 27.4662 21.4817 5.98449
1.23723 0 0.160001 27.4611 21.7574 5.70372
1.24721 0 0.159355 27.4611 21.9813 5.47982
1.25718 0 0.15873 27.4612 22.1917 5.26943
1.26716 0 0.158126 27.4612 22.3889 5.07226
1.27714 0 0.157545 27.4612 22.5732 4.88804
1.28712 0 0.156987 27.4613 22.7448 4.71645
1.29709 0 0.156454 27.4613 22.9041 4.55717
1.30707 0 0.155947 27.4613 23.0514 4.40989
1.31705 0 0.155467 27.4614 23.1871 4.27428
1.32703 0 0.155014 27.4614 23.3114 4.14999
1.33701 0 0.15459 27.4614 23.4247 4.03669
1.34698 0 0.154195 27.4614 23.5274 3.93404
1.35696 0 0.153829 27.4615 23.6198 3.84172
1.36694 0 0.153493 27.4615 23.7021 3.75939
1.37692 0 0.153188 27.4615 23.7748 3.68672
1.38689 0 0.152914 27.4599 23.8327 3.62728
1.39687 0 0.152671 27.46 23.8761 3.58388
1.40685 0 0.15246 27.46 23.911 3.54899
1.41683 0 0.15228 27.46 23.9377 3.52231
1.4268 0 0.152132 27.46 23.9565 3.50351
1.43678 0 0.152016 27.4601 23.9678 3.49231
1.44676 0 0.151932 27.4601 23.9717 3.4884
1.45674 0 0.15188 27.4601 23.9686 3.4915
1.46672 0 0.15186 27.4601 23.9588 3.50132
1.47669 0 0.151872 27.4601 23.9426 3.51758
1.48667 0 0.151915 27.4602 23.9202 3.54001
1.49665 0 0.151989 27.4602 23.8918 3.56834
1.50663 0 0.152094 27.4602 23.8579 3.6023
1.5166 0 0.15223 27.4602 23.8186 3.64161
1.52658 0 0.152397 27.4602 23.7742 3.68601
1.53656 0 0.152594 27.4603 23.725 3.73524
1.54654 0 0.15282 27.4603 23.6713 3.78901
1.55651 0 0.153076 27.4603 23.6132 3.84707
1.56649 0 0.15336 27.4603 23.5512 3.90913
1.57647 0 0.153673 27.4655 23.4801 3.9854
1.58645 0 0.154014 27.4655 23.401 4.06452
1.59642 0 0.154382 27.4655 23.3202 4.14533
1.6064 0 0.154777 27.4655 23.2379 4.22765
1.61638 0 0.155198 27.4655 23.1543 4.31124
1.62636 0 0.155645 27.4656 23.0697 4.39588
1.63634 0 0.156117 27.4656 22.9842 4.48133
1.64631 0 0.156613 27.4656 22.8982 4.56734
1.65629 0 0.157132 27.4646 22.8063 4.65828
1.66627 0 0.157675 27.4646 22.7078 4.75677
1.67625 0 0.15824 27.4646 22.6079 4.85664
1.68622 0 0.158826 27.4646 22.5069 4.95768
1.6962 0 0.159434 27.4646 22.4049 5.05966
1.70618 0 0.160062 27.4647 22.2854 5.17928
1.71616 0 0.160709 27.4647 22.1486 5.31607
1.72613 0 0.161374 27.4647 22.0117 5.45294
1.73611 0 0.162058 27.4647 21.875 5.58973
1.74609 0 0.162758 27.4647 21.7384 5.72627
1.75607 0 0.163473 27.4647 21.6023 5.86239
1.76604 0 0.164204 27.4647 21.4668 5.99791
1.77602 0 0.164949 27.4938 21.2933 6.20055
1.786 0 0.165707 27.4938 21.082 6.41178
1.79598 0 0.166477 27.4938 20.8728 6.62101
1.80596 0 0.167256 27.4938 20.6658 6.82803
1.81593 0 0.168045 27.4938 20.4613 7.03258
1.82591 0 0.168841 27.4939 20.2594 7.23446
1.83589 0 0.169643 27.4939 20.0604 7.43345
1.84587 0 0.170451 27.4939 19.8645 7.62939
1.85584 0 0.171262 27.4939 19.6718 7.82209
1.86582 0 0.172076 27.4939 19.4824 8.01144
1.8758 0 0.172891 27.4939 19.2966 8.1973
1.88578 0 0.173707 27.4939 19.1143 8.37959
1.89575 0 0.174521 27.4939 18.9356 8.55825
1.90573 0 0.175334 27.4938 18.7606 8.73325
1.91571 0 0.176144 27.4938 18.5892 8.90461
1.92569 0 0.17695 27.4938 18.4215 9.07235
1.93566 0 0.17775 27.4938 18.2573 9.23654
1.94564 0 0.178545 27.4938 18.0965 9.3973
1.95562 0 0.179333 27.4938 17.939 9.55475
1.9656 0 0.180113 27.4938 17.7847 9.70908
1.97558 0 0.180883 27.4937 17.6333 9.86048
1.98555 0 0.181645 27.4937 17.4845 10.0092
1.99553 0 0.182395 27.4937 17.3382 10.1555
2.00551 0 0.183135 27.4937 17.194 10.2996
2.01549 0 0.183862 27.4936 17.0516 10.442
2.02546 0 0.184576 27.4936 16.9108 10.5828
2.03544 0 0.185276 27.4936 16.771 10.7225
2.04542 0 0.185961 27.4935 16.6321 10.8615
2.0554 0 0.186631 27.4935 16.4935 11
2.06537 0 0.187284 27.4935 16.355 11.1384
2.07535 0 0.187921 27.4934 16.2162 11.2772
2.08533 0 0.188539 27.4934 16.0768 11.4166
2.09531 0 0.189138 27.4934 15.9363 11.557
2.10528 0 0.189717 27.4933 15.7946 11.6987
2.11526 0 0.190276 27.4933 15.6513 11.842
2.12524 0 0.190813 27.4933 15.5063 11.987
2.13522 0 0.191328 27.4933 15.3593 12.134
2.1452 0 0.191818 27.4933 15.2101 12.2831
2.15517 0 0.192285 27.4932 15.0588 12.4345
2.16515 0 0.192725 27.4932 14.9053 12.588
2.17513 0 0.193139 27.4932 14.7496 12.7436
2.18511 0 0.193524 27.4932 14.592 12.9013
2.19508 0 0.193881 27.4933 14.4325 13.0607
2.20506 0 0.194207 27.4933 14.2716 13.2217
2.21504 0 0.194501 27.4933 14.1095 13.3837
2.22502 0 0.194763 27.4933 13.9469 13.5464
2.23499 0 0.19499 27.4934 13.7842 13.7092
2.24497 0 0.195182 27.4934 13.6221 13.8713
2.25495 0 0.195337 27.4935 13.4613 14.0322
2.26493 0 0.195453 27.4935 13.3027 14.1908
2.27491 0 0.19553 27.4936 13.1472 14.3464
2.28488 0 0.195565 27.4922 12.9936 14.4986
2.29486 0 0.195559 27.4922 12.8431 14.6492
2.30484 0 0.195508 27.4923 12.6989 14.7934
2.31482 0 0.195412 27.4924 12.5622 14.9302
2.32479 0 0.19527 27.4925 12.4341 15.0583
2.33477 0 0.19508 27.4304 12.1873 15.2431
2.34475 0 0.19484 27.4305 11.826 15.6046
2.35473 0 0.194548 27.4306 11.4822 15.9485
2.3647 0 0.194201 27.4308 11.158 16.2728
2.37468 0 0.193796 27.4309 10.8552 16.5757
2.38466 0 0.193331 27.431 10.5757 16.8553
2.39464 0 0.192804 27.4311 10.3212 17.1099
2.40461 0 0.192212 27.4312 10.0934 17.3378
2.41459 0 0.191554 27.4313 9.8938 17.5375
2.42457 0 0.190828 27.4313 9.72373 17.7076
2.43455 0 0.190032 27.4314 9.58438 17.847
2.44453 0 0.189166 27.4315 9.47675 17.9547
2.4545 0 0.188229 27.4315 9.40167 18.0298
2.46448 0 0.187219 27.4315 9.35973 18.0718
2.47446 0 0.186136 27.4315 9.35135 18.0802
2.48444 0 0.184981 27.4315 9.37671 18.0548
2.49441 0 0.183753 27.4534 9.41414 18.0393
2.50439 0 0.182452 27.4534 9.46431 17.9891
2.51437 0 0.181079 27.4534 9.54881 17.9046
2.52435 0 0.179635 27.4533 9.66698 17.7863
2.53432 0 0.17812 27.4532 9.81802 17.6352
2.5443 0 0.176536 27.4532 10.0009 17.4523
2.55428 0 0.174884 27.4531 10.2145 17.2386
2.56426 0 0.173165 27.453 10.4574 16.9956
2.57423 0 0.171382 27.4529 10.7282 16.7247
2.58421 0 0.169537 27.4528 11.0253 16.4275
2.59419 0 0.167632 27.4527 11.3471 16.1056
2.60417 0 0.165669 27.4526 11.6918 15.7608
2.61415 0 0.163652 27.4525 12.0575 15.395
2.62412 0 0.161582 27.4523 12.4424 15.0099
2.6341 0 0.159462 27.4522 12.8447 14.6075
2.64408 0 0.157297 27.4521 13.2625 14.1897
2.65406 0 0.155088 27.452 13.6938 13.7582
2.66403 0 0.15284 27.4519 14.1368 13.3151
2.67401 0 0.150554 27.4518 14.5898 12.862
2.68399 0 0.148236 27.4517 15.0509 12.4008
2.69397 0 0.145887 27.4516 15.5184 11.9332
2.70394 0 0.143512 27.4515 15.9907 11.4608
2.71392 0 0.141113 27.4494 16.4638 10.9856
2.7239 0 0.138695 27.4493 16.9361 10.5132
2.73388 0 0.13626 27.4492 17.4085 10.0407
2.74385 0 0.133813 27.4492 17.8799 9.56927
2.75383 0 0.131355 27.4491 18.349 9.10014
2.76381 0 0.128891 27.4491 18.8147 8.6344
2.77379 0 0.126425 27.449 19.276 8.17306
2.78377 0 0.123958 27.449 19.732 7.71703
2.79374 0 0.121494 27.4489 20.1818 7.26713
2.80372 0 0.119037 27.4489 20.6248 6.8241
2.8137 0 0.116589 27.4489 21.0603 6.3886
2.82368 0 0.114153 27.4489 21.4877 5.9612
2.83365 0 0.111732 27.4489 21.9065 5.54239
2.84363 0 0.10933 27.4489 22.3163 5.13259
2.85361 0 0.106947 27.4489 22.7167 4.73216
2.86359 0 0.104589 27.4489 23.1075 4.34138
2.87356 0 0.102255 27.4489 23.4884 3.9605
2.88354 0 0.0999506 27.4489 23.8592 3.58967
2.89352 0 0.0976764 27.4489 24.2198 3.22904
2.9035 0 0.0954352 27.4489 24.5702 2.87866
2.91347 0 0.0932291 27.4489 24.9103 2.53859
2.92345 0 0.0910603 27.4489 25.2401 2.20881
2.93343 0 0.0889308 27.4489 25.5596 1.88929
2.94341 0 0.0868427 27.4489 25.869 1.57996
2.95339 0 0.0847977 27.449 26.1682 1.28072
2.96336 0 0.0827979 27.449 26.4575 0.991455
2.97334 0 0.0808448 27.449 26.737 0.712017
2.98332 0 0.0789402 27.449 27.0068 0.442249
2.9933 0 0.0770856 27.4491 27.2671 0.181975
3.00327 0 0.0752827 27.4491 27.5181 -0.0689939
3.01325 0 0.0735328 27.4431 27.7253 -0.282157
3.02323 0 0.0718373 27.4431 27.8895 -0.446387
3.03321 0 0.070197 27.4431 28.0467 -0.603546
3.04318 0 0.0686129 27.4432 28.197 -0.753857
3.05316 0 0.0670859 27.4432 28.3407 -0.897543
3.06314 0 0.0656167 27.4432 28.478 -1.03483
3.07312 0 0.0642062 27.4432 28.6092 -1.16593
3.08309 0 0.062855 27.4292 28.7064 -1.27723
3.09307 0 0.0615638 27.4292 28.7719 -1.34271
3.10305 0 0.0603329 27.4292 28.8356 -1.40643
3.11303 0 0.0591627 27.4292 28.8976 -1.46845
3.12301 0 0.0580535 27.4292 28.958 -1.52883
3.13298 0 0.0570057 27.4292 29.0168 -1.58762
3.14296 0 0.0560195 27.4292 29.0741 -1.64487
3.15294 0 0.0550954 27.4292 29.1298 -1.70065
3.16292 0 0.0542334 27.4292 29.1842 -1.755
3.17289 0 0.0534341 27.4292 29.2372 -1.80799
3.18287 0 0.0526976 27.4292 29.2889 -1.85966
3.19285 0 0.0520241 27.4292 29.3393 -1.91007
3.20283 0 0.0514141 27.4292 29.3885 -1.95929
3.2128 0 0.0508676 27.4292 29.4366 -2.00735
3.22278 0 0.0503851 27.4292 29.4835 -2.05431
3.23276 0 0.0499666 27.4292 29.5295 -2.10023
3.24274 0 0.0496124 27.4292 29.5744 -2.14515
3.25272 0 0.0493228 27.4292 29.6184 -2.18912
3.26269 0 0.0490979 27.4292 29.6615 -2.2322
3.27267 0 0.0489381 27.4293 29.7037 -2.27444
3.28265 0 0.0488434 27.4293 29.7451 -2.31587
3.29263 0 0.0488141 27.4293 29.7858 -2.35655
3.3026 0 0.0488504 27.4293 29.8258 -2.39651
3.31258 0 0.0489524 27.4293 29.8651 -2.43582
3.32256 0 0.0491204 27.4293 29.9038 -2.4745
3.33254 0 0.0493546 27.4362 29.9179 -2.48163
3.34251 0 0.049655 27.4362 29.9068 -2.47062
3.35249 0 0.0500214 27.4362 29.8943 -2.45806
3.36247 0 0.0504538 27.4362 29.8802 -2.444
3.37245 0 0.0509522 27.4362 29.8647 -2.42851
3.38242 0 0.0515163 27.4362 29.8479 -2.41162
3.3924 0 0.052146 27.4448 29.8183 -2.37357
3.40238 0 0.0528412 27.4445 29.77 -2.32543
3.41236 0 0.0536015 27.4445 29.7145 -2.26999
3.42234 0 0.0544266 27.4445 29.6587 -2.21413
3.43231 0 0.0553163 27.4445 29.6024 -2.15788
3.44229 0 0.0562701 27.4445 29.5458 -2.10123
3.45227 0 0.0572878 27.4445 29.4887 -2.0442
3.46225 0 0.058369 27.4445 29.4313 -1.98679
3.47222 0 0.0595134 27.4329 29.3466 -1.91369
3.4822 0 0.0607205 27.4329 29.2328 -1.79988
3.49218 0 0.0619898 27.4329 29.115 -1.68206
3.50216 0 0.0633205 27.4329 28.993 -1.56009
3.51213 0 0.064712 27.4329 28.8667 -1.43383
3.52211 0 0.0661636 27.4329 28.736 -1.30313
3.53209 0 0.0676745 27.4329 28.6007 -1.16785
3.54207 0 0.0692441 27.4328 28.4607 -1.02783
3.55204 0 0.0708714 27.4328 28.3158 -0.882929
3.56202 0 0.0725556 27.4328 28.1658 -0.732991
3.572 0 0.074296 27.4328 28.0107 -0.577863
3.58198 0 0.0760916 27.4328 27.8502 -0.417393
3.59196 0 0.0779414 27.4345 27.6803 -0.24579
3.60193 0 0.0798446 27.4345 27.5006 -0.0660687
3.61191 0 0.0818 27.4345 27.3143 0.120208
3.62189 0 0.0838066 27.4345 27.1213 0.313222
3.63187 0 0.0858632 27.4345 26.9213 0.513148
3.64184 0 0.0879687 27.4344 26.7143 0.720158
3.65182 0 0.0901218 27.4344 26.5 0.934416
3.6618 0 0.0923213 27.4344 26.2783 1.15608
3.67178 0 0.0945659 27.4344 26.0491 1.38529
3.68175 0 0.096854 27.4344 25.8122 1.62217
3.69173 0 0.0991844 27.4344 25.5675 1.86686
3.70171 0 0.101556 27.4343 25.3149 2.11944
3.71169 0 0.103966 27.4344 25.0523 2.38208
3.72166 0 0.106414 27.4344 24.7797 2.6547
3.73164 0 0.108897 27.4343 24.499 2.9353
3.74162 0 0.111415 27.4343 24.2104 3.22389
3.7516 0 0.113966 27.4343 23.9139 3.52042
3.76158 0 0.116546 27.4343 23.6095 3.82484
3.77155 0 0.119156 27.4343 23.2973 4.13704
3.78153 0 0.121792 27.4343 22.9775 4.45686
3.79151 0 0.124452 27.4264 22.5982 4.82823
3.80149 0 0.127135 27.4264 22.1587 5.2677
3.81146 0 0.129837 27.4264 21.7098 5.71669
3.82144 0 0.132555 27.4265 21.2518 6.17464
3.83142 0 0.135287 27.4265 20.7856 6.64092
3.8414 0 0.13803 27.4265 20.3117 7.11482
3.85137 0 0.14078 27.4266 19.8311 7.59551
3.86135 0 0.143534 27.4266 19.3445 8.0821
3.87133 0 0.14629 27.4267 18.8531 8.57359
3.88131 0 0.149043 27.4267 18.3579 9.06888
3.89128 0 0.151791 27.4268 17.86 9.5668
3.90126 0 0.15453 27.4269 17.3608 10.0661
3.91124 0 0.157256 27.427 16.8617 10.5653
3.92122 0 0.159968 27.4271 16.3641 11.063
3.9312 0 0.16266 27.4272 15.8695 11.5577
3.94117 0 0.165331 27.4273 15.3795 12.0477
3.95115 0 0.167976 27.4274 14.896 12.5314
3.96113 0 0.170592 27.4275 14.4205 13.0069
3.97111 0 0.173177 27.4276 13.955 13.4726
3.98108 0 0.175726 27.4277 13.5011 13.9265
3.99106 0 0.178237 27.4278 13.0609 14.3668
4.00104 0 0.180707 27.4279 12.6362 14.7917
4.01102 0 0.183133 27.428 12.2288 15.1992
4.02099 0 0.185512 27.4281 11.8405 15.5876
4.03097 0 0.187841 27.4282 11.4731 15.9551
4.04095 0 0.190119 27.4283 11.1285 16.2999
4.05093 0 0.192342 27.4284 10.8081 16.6203
4.0609 0 0.194508 27.4285 10.5136 16.9149
4.07088 0 0.196616 27.4286 10.2464 17.1822
4.08086 0 0.198664 27.4274 10.0063 17.4211
4.09084 0 0.200651 27.4275 9.79439 17.6331
4.10082 0 0.202573 27.4275 9.61306 17.8145
4.11079 0 0.204432 27.4276 9.46315 17.9644
4.12077 0 0.206226 27.4276 9.34535 18.0823
4.13075 0 0.207953 27.4276 9.26014 18.1675
4.14073 0 0.209614 27.4276 9.20784 18.2198
4.1507 0 0.211209 27.4276 9.18854 18.2391
4.16068 0 0.212737 27.4276 9.2022 18.2254
4.17066 0 0.214199 27.4276 9.24853 18.179
4.18064 0 0.215596 27.4275 9.32712 18.1004
4.19061 0 0.216927 27.4275 9.43735 17.9902
4.20059 0 0.218194 27.4274 9.57844 17.849
4.21057 0 0.219399 27.4274 9.74946 17.6779
4.22055 0 0.220542 27.4273 9.94937 17.4779
4.23053 0 0.221625 27.4272 10.1769 17.2503
4.2405 0 0.22265 27.4271 10.4309 16.9962
4.25048 0 0.223619 27.427 10.7098 16.7172
4.26046 0 0.224534 27.427 11.0122 16.4147
4.27044 0 0.225397 27.4269 11.3366 16.0903
4.28041 0 0.226211 27.4268 11.6813 15.7455
4.29039 0 0.226978 27.4267 12.0447 15.3819
4.30037 0 0.227701 27.4459 12.4025 15.0434
4.31035 0 0.228383 27.4458 12.7517 14.6941
4.32032 0 0.229026 27.4457 13.1124 14.3332
4.3303 0 0.229632 27.4456 13.4831 13.9624
4.34028 0 0.230205 27.4455 13.8621 13.5834
4.35026 0 0.230748 27.4454 14.2478 13.1976
4.36023 0 0.231262 27.4453 14.6387 12.8066
4.37021 0 0.231751 27.4452 15.0332 12.412
4.38019 0 0.232218 27.4451 15.43 12.0151
4.39017 0 0.232666 27.4451 15.8277 11.6174
4.40015 0 0.233096 27.445 16.2249 11.2201
4.41012 0 0.233513 27.4449 16.6205 10.8244
4.4201 0 0.233919 27.4449 17.0132 10.4317
4.43008 0 0.234316 27.4448 17.402 10.0428
4.44006 0 0.234707 27.4448 17.7858 9.65896
4.45003 0 0.235095 27.4447 18.1637 9.281
4.46001 0 0.235482 27.4447 18.5348 8.90984
4.46999 0 0.235871 27.4446 18.8984 8.54626
4.47997 0 0.236265 27.4446 19.2536 8.19101
4.48994 0 0.236664 27.4446 19.5998 7.84476
4.49992 0 0.237073 27.4446 19.9365 7.50809
4.5099 0 0.237492 27.4445 20.263 7.18154
4.51988 0 0.237924 27.4939 20.4553 7.03869
4.52985 0 0.238371 27.5511 20.4492 7.10194
4.53983 0 0.23883 27.5512 20.3674 7.1838
4.54981 0 0.239303 27.5512 20.272 7.27924
4.55979 0 0.239787 27.5512 20.1635 7.38773
4.56977 0 0.240283 27.5513 20.0425 7.50874
4.57974 0 0.240788 27.5513 19.9096 7.64168
4.58972 0 0.241303 27.5514 19.7654 7.78596
4.5997 0 0.241825 27.5514 19.6105 7.94096
4.60968 0 0.242354 27.5515 19.4454 8.10603
4.61965 0 0.242887 27.5515 19.271 8.2805
4.62963 0 0.243425 27.5516 19.0879 8.46367
4.63961 0 0.243964 27.5516 18.8968 8.65484
4.64959 0 0.244504 27.5517 18.6984 8.85327
4.65956 0 0.245043 27.5517 18.4935 9.0582
4.66954 0 0.245579 27.5518 18.2829 9.26886
4.67952 0 0.246111 27.5518 18.0673 9.48447
4.6895 0 0.246637 27.5127 17.8029 9.70978
4.69947 0 0.247155 27.5127 17.4928 10.0199
4.70945 0 0.247663 27.5128 17.1844 10.3284
4.71943 0 0.248158 27.5128 16.8784 10.6344
4.72941 0 0.248638 27.5128 16.5754 10.9375
4.73939 0 0.249102 27.5129 16.2761 11.2368
4.74936 0 0.249546 27.5129 15.9812 11.5317
4.75934 0 0.24997 27.513 15.6914 11.8216
4.76932 0 0.25037 27.513 15.4073 12.1057
4.7793 0 0.250745 27.5131 15.1298 12.3833
4.78927 0 0.251093 27.5131 14.8595 12.6536
4.79925 0 0.251411 27.5131 14.5971 12.9161
4.80923 0 0.251698 27.5132 14.3432 13.1699
4.81921 0 0.251951 27.5132 14.0987 13.4145
4.82918 0 0.25217 27.5133 13.8642 13.6491
4.83916 0 0.252352 27.5133 13.6403 13.873
4.84914 0 0.252496 27.5134 13.4277 14.0856
4.85912 0 0.2526 27.5134 13.2271 14.2863
4.86909 0 0.252662 27.5134 13.0389 14.4745
4.87907 0 0.252682 27.5135 12.8638 14.6496
4.88905 0 0.252657 27.5135 12.7024 14.8111
4.89903 0 0.252587 27.5135 12.5551 14.9584
4.90901 0 0.25247 27.5135 12.4224 15.0912
4.91898 0 0.252306 27.5136 12.3047 15.2089
4.92896 0 0.252094 27.5136 12.2025 15.3111
4.93894 0 0.251832 27.5136 12.116 15.3976
4.94892 0 0.251521 27.5136 12.0455 15.4681
4.95889 0 0.251159 27.5136 11.9914 15.5223
4.96887 0 0.250746 27.5137 11.9537 15.5599
4.97885 0 0.250282 27.5137 11.9327 15.581
4.98883 0 0.249767 27.5135 11.915 15.5985
4.9988 0 0.2492 27.5135 11.9007 15.6127
5.00878 0 0.248582 27.5135 11.9033 15.6102
5.01876 0 0.247913 27.5135 11.9226 15.5909
5.02874 0 0.247193 27.5134 11.9584 15.555
5.03872 0 0.246421 27.5134 12.0106 15.5028
5.04869 0 0.2456 27.5134 12.0788 15.4346
5.05867 0 0.244728 27.5134 12.1628 15.3506
5.06865 0 0.243808 27.5134 12.2621 15.2512
5.07863 0 0.242839 27.5133 12.3764 15.1369
5.0886 0 0.241823 27.5133 12.5052 15.0081
5.09858 0 0.24076 27.5133 12.648 14.8653
5.10856 0 0.239653 27.5132 12.8042 14.709
5.11854 0 0.238501 27.5132 12.9734 14.5398
5.12851 0 0.237307 27.5131 13.1548 14.3583
5.13849 0 0.236071 27.5131 13.3479 14.1652
5.14847 0 0.234796 27.5131 13.552 13.961
5.15845 0 0.233483 27.513 13.7665 13.7465
5.16842 0 0.232132 27.513 13.9906 13.5224
5.1784 0 0.230748 27.5129 14.2237 13.2893
5.18838 0 0.229329 27.5129 14.465 13.0479
5.19836 0 0.22788 27.5128 14.7138 12.7991
5.20834 0 0.226401 27.5128 14.9694 12.5434
5.21831 0 0.224895 27.5128 15.2311 12.2817
5.22829 0 0.223363 27.5127 15.4981 12.0146
5.23827 0 0.221808 27.5127 15.7699 11.7428
5.24825 0 0.220231 27.5126 16.0456 11.4671
5.25822 0 0.218634 27.5126 16.3246 11.188
5.2682 0 0.21702 27.5126 16.6062 10.9064
5.27818 0 0.21539 27.5125 16.8898 10.6227
5.28816 0 0.213747 27.5125 17.1748 10.3377
5.29813 0 0.212093 27.5125 17.4605 10.052
5.30811 0 0.210429 27.5124 17.7463 9.7661
5.31809 0 0.208758 27.5124 18.0318 9.48059
5.32807 0 0.207082 27.5124 18.3163 9.19602
5.33804 0 0.205403 27.5123 18.5995 8.91287
5.34802 0 0.203723 27.5123 18.8807 8.63162
5.358 0 0.202043 27.5123 19.1596 8.35274
5.36798 0 0.200366 27.5123 19.4356 8.07663
5.37796 0 0.198694 27.5123 19.7086 7.80369
5.38793 0 0.197028 27.5122 19.9779 7.53429
5.39791 0 0.195371 27.5122 20.2435 7.26877
5.40789 0 0.193724 27.5122 20.5048 7.00742
5.41787 0 0.192089 27.5122 20.7617 6.75054
5.42784 0 0.190467 27.5122 21.0138 6.49837
5.43782 0 0.188862 27.5122 21.261 6.25116
5.4478 0 0.187273 27.5122 21.5031 6.0091
5.45778 0 0.185703 27.5122 21.7398 5.77237
5.46775 0 0.184153 27.5122 21.971 5.54113
5.47773 0 0.182625 27.5122 22.1966 5.31552
5.48771 0 0.18112 27.5122 22.4165 5.09563
5.49769 0 0.17964 27.5122 22.6306 4.88157
5.50766 0 0.178185 27.5122 22.8388 4.6734
5.51764 0 0.176758 27.5122 23.041 4.47118
5.52762 0 0.17536 27.5122 23.2372 4.27493
5.5376 0 0.173992 27.5122 23.4275 4.08468
5.54758 0 0.172654 27.5122 23.6118 3.90041
5.55755 0 0.171349 27.4239 23.6887 3.7352
5.56753 0 0.170077 27.4239 23.658 3.76594
5.57751 0 0.168837 27.4239 23.6203 3.80356
5.58749 0 0.167629 27.4239 23.5759 3.84801
5.59746 0 0.166454 27.4239 23.5247 3.8992
5.60744 0 0.16531 27.4239 23.4669 3.95703
5.61742 0 0.164198 27.4239 23.4025 4.02138
5.6274 0 0.163115 27.4239 23.3318 4.09212
5.63737 0 0.162063 27.4239 23.2549 4.16907
5.64735 0 0.161041 27.4239 23.1719 4.25205
5.65733 0 0.160046 27.424 23.0831 4.34085
5.66731 0 0.15908 27.424 22.9887 4.43524
5.67728 0 0.158142 27.424 22.889 4.53494
5.68726 0 0.157229 27.424 22.7843 4.63968
5.69724 0 0.156342 27.424 22.6749 4.74913
5.70722 0 0.15548 27.424 22.5611 4.86295
5.7172 0 0.154641 27.4241 22.4433 4.98077
5.72717 0 0.153825 27.4309 22.2716 5.15935
5.73715 0 0.15303 27.431 22.0462 5.38476
5.74713 0 0.152255 27.431 21.8174 5.61358
5.75711 0 0.151498 27.4311 21.586 5.8451
5.76708 0 0.150758 27.4311 21.3525 6.07857
5.77706 0 0.150032 27.4312 21.1179 6.31321
5.78704 0 0.149318 27.4312 20.883 6.54821
5.79702 0 0.148616 27.4313 20.6485 6.78272
5.80699 0 0.147923 27.4313 20.4154 7.0159
5.81697 0 0.147238 27.4314 20.1845 7.24684
5.82695 0 0.146558 27.4314 19.9568 7.47464
5.83693 0 0.145882 27.4315 19.7331 7.69839
5.8469 0 0.145209 27.4315 19.5144 7.91716
5.85688 0 0.144536 27.4316 19.3016 8.13
5.86686 0 0.143862 27.4317 19.0957 8.33599
5.87684 0 0.143186 27.4317 18.8975 8.5342
5.88682 0 0.142505 27.4318 18.7081 8.72372
5.89679 0 0.141818 27.4318 18.5282 8.90364
5.90677 0 0.141124 27.4342 18.3565 9.07768
5.91675 0 0.140421 27.4343 18.1942 9.24011
5.92673 0 0.139709 27.4343 18.0443 9.39002
5.9367 0 0.138985 27.4344 17.9077 9.52668
5.94668 0 0.13825 27.4344 17.785 9.64939
5.95666 0 0.137501 27.4344 17.6769 9.75753
5.96664 0 0.136737 27.4345 17.5839 9.85053
5.97661 0 0.135959 27.4345 17.5066 9.92788
5.98659 0 0.135166 27.4345 17.4454 9.98914
5.99657 0 0.134356 27.4372 17.3973 10.0399
6.00655 0 0.133529 27.4372 17.3626 10.0746
6.01653 0 0.132685 27.4372 17.3446 10.0926
6.0265 0 0.131825 27.4372 17.3435 10.0938
6.03648 0 0.130946 27.4372 17.3592 10.078
6.04646 0 0.130051 27.4372 17.3917 10.0455
6.05644 0 0.129139 27.4372 17.441 9.99622
6.06641 0 0.128209 27.4372 17.5068 9.93042
6.07639 0 0.127264 27.4372 17.5888 9.84838
6.08637 0 0.126302 27.4372 17.6867 9.75044
6.09635 0 0.125326 27.4352 17.7978 9.63734
6.10632 0 0.124335 27.4351 17.9218 9.51334
6.1163 0 0.12333 27.4351 18.0605 9.37455
6.12628 0 0.122313 27.435 18.2135 9.22157
6.13626 0 0.121284 27.435 18.3799 9.0551
6.14623 0 0.120246 27.435 18.5591 8.87585
6.15621 0 0.119198 27.4349 18.7503 8.68456
6.16619 0 0.118143 27.4349 18.9528 8.48204
6.17617 0 0.117081 27.4348 19.1657 8.26909
6.18615 0 0.116015 27.4347 19.3882 8.04655
6.19612 0 0.114946 27.4347 19.6194 7.81527
6.2061 0 0.113876 27.4346 19.8585 7.57609
6.21608 0 0.112806 27.4346 20.1047 7.32989
6.22606 0 0.111738 27.4345 20.357 7.0775
6.23603 0 0.110675 27.4345 20.6147 6.81979
6.24601 0 0.109617 27.4344 20.8769 6.55757
6.25599 0 0.108566 27.4344 21.1427 6.29167
6.26597 0 0.107525 27.4343 21.4115 6.02287
6.27594 0 0.106496 27.4343 21.6823 5.75196
6.28592 0 0.105479 27.4343 21.9546 5.47967
6.2959 0 0.104478 27.4342 22.2275 5.20671
6.30588 0 0.103495 27.4342 22.5004 4.93378
6.31585 0 0.10253 27.4361 22.7705 4.66562
6.32583 0 0.101586 27.4361 23.037 4.39906
6.33581 0 0.100665 27.436 23.3015 4.13456
6.34579 0 0.099768 27.436 23.5633 3.87268
6.35577 0 0.0988979 27.436 23.8221 3.61393
6.36574 0 0.0980559 27.436 24.0772 3.3588
6.37572 0 0.0972439 27.4359 24.3282 3.10772
6.3857 0 0.0964635 27.4359 24.5748 2.8611
6.39568 0 0.0957165 27.4359 24.8166 2.6193
6.40565 0 0.0950044 27.4359 25.0532 2.38266
6.41563 0 0.0943288 27.4359 25.2844 2.15149
6.42561 0 0.0936914 27.4359 25.5098 1.92605
6.43559 0 0.0930936 27.4191 25.6963 1.72287
6.44556 0 0.0925367 27.4191 25.8436 1.57549
6.45554 0 0.0920218 27.4191 25.9851 1.43403
6.46552 0 0.0915498 27.4191 26.1205 1.29864
6.4755 0 0.0911218 27.4191 26.2497 1.16942
6.48547 0 0.0907386 27.4191 26.3727 1.04646
6.49545 0 0.0904011 27.4191 26.4893 0.929857
6.50543 0 0.09011 27.4191 26.5995 0.819649
6.51541 0 0.0898662 27.4191 26.7033 0.715875
6.52539 0 0.0896703 27.4191 26.8006 0.618554
6.53536 0 0.0895229 27.4191 26.8915 0.527688
6.54534 0 0.0894248 27.4191 26.9759 0.443261
6.55532 0 0.0893765 27.4192 27.0539 0.365247
6.5653 0 0.0893784 27.4192 27.1256 0.293601
6.57527 0 0.0894311 27.4192 27.1909 0.228268
6.58525 0 0.089535 27.4192 27.25 0.16918
6.59523 0 0.0896904 27.4192 27.3029 0.116256
6.60521 0 0.0898976 27.4192 27.3498 0.0694063
6.61518 0 0.0901571 27.4192 27.3907 0.0285283
6.62516 0 0.090469 27.4192 27.4257 -0.00648842
6.63514 0 0.0908335 27.4192 27.455 -0.0357641
6.64512 0 0.0912507 27.4192 27.4787 -0.0594273
6.65509 0 0.0917209 27.4193 27.4969 -0.0776146
6.66507 0 0.0922441 27.4193 27.5097 -0.0904699
6.67505 0 0.0928204 27.4193 27.5174 -0.0981441
6.68503 0 0.0934497 27.4193 27.5201 -0.100795
6.69501 0 0.0941321 27.4193 27.5179 -0.0985846
6.70498 0 0.0948674 27.4231 27.4846 -0.0614707
6.71496 0 0.0956556 27.4187 27.393 0.025679
6.72494 0 0.0964959 27.4187 27.2702 0.148577
6.73492 0 0.0973877 27.4187 27.1435 0.27524
6.74489 0 0.0983303 27.4187 27.0132 0.405583
6.75487 0 0.0993229 27.4187 26.8792 0.539516
6.76485 0 0.100365 27.4188 26.7418 0.676943
6.77483 0 0.101455 27.4188 26.601 0.817764
6.7848 0 0.102592 27.4188 26.4569 0.961873
6.79478 0 0.103776 27.4188 26.3096 1.10916
6.80476 0 0.105006 27.4188 26.1593 1.2595
6.81474 0 0.106281 27.4188 26.006 1.41278
6.82472 0 0.1076 27.4188 25.8499 1.56888
6.83469 0 0.108961 27.4188 25.6911 1.72766
6.84467 0 0.110365 27.4188 25.5298 1.889
6.85465 0 0.11181 27.4188 25.3661 2.05275
6.86463 0 0.113294 27.4188 25.2001 2.21877
6.8746 0 0.114818 27.4188 25.0319 2.38692
6.88458 0 0.11638 27.4188 24.8618 2.55705
6.89456 0 0.117978 27.4189 24.6898 2.72902
6.90454 0 0.119613 27.4189 24.5162 2.90267
6.91451 0 0.121282 27.4189 24.341 3.07783
6.92449 0 0.122985 27.4189 24.1645 3.25437
6.93447 0 0.124721 27.4189 23.9868 3.43211
6.94445 0 0.126488 27.4189 23.808 3.6109
6.95442 0 0.128286 27.4189 23.6283 3.79057
6.9644 0 0.130113 27.4189 23.448 3.97095
6.97438 0 0.131968 27.4189 23.267 4.15189
6.98436 0 0.133851 27.4189 23.0857 4.3332
6.99434 0 0.135759 27.419 22.9042 4.51474
7.00431 0 0.137693 27.419 22.7227 4.69631
7.01429 0 0.13965 27.419 22.5412 4.87777
7.02427 0 0.14163 27.419 22.3601 5.05893
7.03425 0 0.143631 27.419 22.1794 5.23962
7.04422 0 0.145653 27.419 21.9993 5.41968
7.0542 0 0.147695 27.419 21.8201 5.59893
7.06418 0 0.149754 27.419 21.6418 5.77721
7.07416 0 0.151831 27.419 21.4647 5.95434
7.08413 0 0.153924 27.419 21.2889 6.13015
7.09411 0 0.156032 27.4191 21.1146 6.30447
7.10409 0 0.158153 27.4191 20.9419 6.47714
7.11407 0 0.160288 27.4191 20.7711 6.64798
7.12404 0 0.162434 27.4198 20.5998 6.82
7.13402 0 0.164591 27.4198 20.4283 6.99144
7.144 0 0.166758 27.4198 20.2596 7.16016
7.15398 0 0.168934 27.4198 20.0938 7.32601
7.16396 0 0.171117 27.4198 19.931 7.48885
7.17393 0 0.173307 27.4198 19.7713 7.64853
7.18391 0 0.175503 27.4198 19.6149 7.80492
7.19389 0 0.177703 27.4198 19.462 7.95787
7.20387 0 0.179907 27.4198 19.3126 8.10723
7.21384 0 0.182115 27.4198 19.167 8.25287
7.22382 0 0.184324 27.4199 19.0252 8.39466
7.2338 0 0.186534 27.4199 18.8874 8.53245
7.24378 0 0.188745 27.4199 18.7538 8.66611
7.25375 0 0.190956 27.4199 18.6244 8.79551
7.26373 0 0.193165 27.4199 18.4994 8.92051
7.27371 0 0.195372 27.4199 18.3789 9.041
7.28369 0 0.197577 27.4199 18.2631 9.15684
7.29366 0 0.199778 27.4199 18.152 9.26791
7.30364 0 0.201975 27.4199 18.0458 9.37409
7.31362 0 0.204167 27.4199 17.9447 9.47526
7.3236 0 0.206354 27.4199 17.8486 9.57131
7.33358 0 0.208534 27.4199 17.7578 9.66211
7.34355 0 0.210709 27.4199 17.6724 9.74757
7.35353 0 0.212876 27.4199 17.5924 9.82757
7.36351 0 0.215036 27.3746 17.4465 9.92809
7.37349 0 0.217187 27.3745 17.2303 10.1442
7.38346 0 0.219329 27.3745 17.0113 10.3632
7.39344 0 0.22146 27.3745 16.7894 10.5851
7.40342 0 0.223578 27.3745 16.5648 10.8097
7.4134 0 0.225682 27.3745 16.3375 11.037
7.42337 0 0.227771 27.3745 16.1076 11.2669
7.43335 0 0.229842 27.434 15.8107 11.6233
7.44333 0 0.231895 27.434 15.4474 11.9865
7.45331 0 0.233925 27.434 15.0821 12.3519
7.46328 0 0.235932 27.434 14.7152 12.7188
7.47326 0 0.237912 27.4341 14.3473 13.0867
7.48324 0 0.239864 27.4341 13.9792 13.4549
7.49322 0 0.241784 27.4341 13.6114 13.8228
7.5032 0 0.243671 27.4342 13.2447 14.1895
7.51317 0 0.245522 27.4342 12.88 14.5542
7.52315 0 0.247334 27.4343 12.518 14.9163
7.53313 0 0.249105 27.4343 12.1597 15.2747
7.54311 0 0.250833 27.4344 11.8059 15.6285
7.55308 0 0.252516 27.4344 11.4577 15.9767
7.56306 0 0.25415 27.4345 11.1162 16.3183
7.57304 0 0.255734 27.4346 10.7823 16.6523
7.58302 0 0.257265 27.4346 10.4572 16.9774
7.59299 0 0.258741 27.4347 10.1421 17.2926
7.60297 0 0.26016 27.4348 9.83807 17.5967
7.61295 0 0.26152 27.4348 9.54638 17.8885
7.62293 0 0.262819 27.4349 9.26822 18.1667
7.6329 0 0.264055 27.435 9.00482 18.4302
7.64288 0 0.265225 27.4351 8.7574 18.6777
7.65286 0 0.266329 27.4351 8.52717 18.908
7.66284 0 0.267364 27.4352 8.31533 19.1199
7.67282 0 0.268329 27.4353 8.12304 19.3122
7.68279 0 0.269224 27.4353 7.95143 19.4839
7.69277 0 0.270045 27.4354 7.80158 19.6338
7.70275 0 0.270793 27.4355 7.67449 19.761
7.71273 0 0.271467 27.4355 7.57112 19.8644
7.7227 0 0.272065 27.4356 7.49233 19.9432
7.73268 0 0.272587 27.4356 7.43887 19.9967
7.74266 0 0.273033 27.4356 7.41141 20.0242
7.75264 0 0.273403 27.4357 7.41051 20.0252
7.76261 0 0.273696 27.4357 7.43659 19.9991
7.77259 0 0.273913 27.4357 7.48996 19.9457
7.78257 0 0.274054 27.4357 7.57079 19.8649
7.79255 0 0.27412 27.4357 7.67911 19.7566
7.80253 0 0.274111 27.4357 7.81482 19.6209
7.8125 0 0.274028 27.4357 7.97768 19.458
7.82248 0 0.273873 27.4356 8.16731 19.2683
7.83246 0 0.273647 27.4356 8.38317 19.0524
7.84244 0 0.273352 27.4355 8.62461 18.8109
7.85241 0 0.272988 27.4355 8.89085 18.5446
7.86239 0 0.272559 27.4354 9.18099 18.2544
7.87237 0 0.272065 27.4353 9.49401 17.9413
7.88235 0 0.27151 27.4353 9.82878 17.6065
7.89232 0 0.270896 27.4352 10.1841 17.2511
7.9023 0 0.270225 27.4351 10.5587 16.8764
7.91228 0 0.269501 27.435 10.9511 16.4839
7.92226 0 0.268724 27.4349 11.3601 16.0749
7.93223 0 0.2679 27.4348 11.784 15.6509
7.94221 0 0.26703 27.4348 12.2214 15.2134
7.95219 0 0.266118 27.4347 12.6708 14.7639
7.96217 0 0.265167 27.4346 13.1307 14.3039
7.97215 0 0.264179 27.4345 13.5995 13.835
7.98212 0 0.263159 27.4344 14.0758 13.3586
7.9921 0 0.26211 27.4343 14.558 12.8763
8.00208 0 0.261035 27.4342 15.0447 12.3895
8.01206 0 0.259937 27.4341 15.5346 11.8995
8.02203 0 0.258819 27.4341 16.0262 11.4078
8.03201 0 0.257686 27.434 16.5184 10.9156
8.04199 0 0.25654 27.4339 17.0097 10.4242
8.05197 0 0.255384 27.3502 17.2642 10.0859
8.06194 0 0.254221 27.3502 17.2813 10.0689
8.07192 0 0.253051 27.3502 17.2971 10.0531
8.0819 0 0.251873 27.3503 17.3122 10.038
8.09188 0 0.250687 27.3503 17.3271 10.0231
8.10185 0 0.249493 27.3503 17.3425 10.0078
8.11183 0 0.248291 27.3504 17.359 9.99136
8.12181 0 0.247081 27.3409 17.3344 10.0065
8.13179 0 0.245861 27.3409 17.269 10.0719
8.14177 0 0.244632 27.341 17.2067 10.1343
8.15174 0 0.243393 27.341 17.1482 10.1928
8.16172 0 0.242144 27.3411 17.0943 10.2468
8.1717 0 0.240883 27.3411 17.0457 10.2954
8.18168 0 0.239609 27.3563 16.9678 10.3886
8.19165 0 0.238324 27.3564 16.8623 10.4941
8.20163 0 0.237024 27.3564 16.7665 10.5899
8.21161 0 0.235711 27.3565 16.681 10.6754
8.22159 0 0.234382 27.3565 16.6064 10.7501
8.23156 0 0.233038 27.3565 16.5432 10.8133
8.24154 0 0.231677 27.3565 16.4919 10.8647
8.25152 0 0.2303 27.3566 16.4528 10.9038
8.2615 0 0.228906 27.3566 16.4263 10.9303
8.27147 0 0.227494 27.3566 16.4126 10.944
8.28145 0 0.226064 27.3566 16.4121 10.9445
8.29143 0 0.224617 27.3566 16.4247 10.9319
8.30141 0 0.223152 27.3566 16.4507 10.9059
8.31139 0 0.22167 27.3566 16.4899 10.8667
8.32136 0 0.22017 27.3566 16.5422 10.8144
8.33134 0 0.218653 27.3566 16.6076 10.7489
8.34132 0 0.217119 27.3566 16.6859 10.6707
8.3513 0 0.215569 27.3565 16.7766 10.5799
8.36127 0 0.214003 27.3565 16.8795 10.477
8.37125 0 0.212422 27.3631 16.9678 10.3953
8.38123 0 0.210827 27.3631 17.0406 10.3225
8.39121 0 0.209218 27.363 17.1235 10.2395
8.40118 0 0.207596 27.363 17.2161 10.147
8.41116 0 0.205961 27.363 17.3177 10.0453
8.42114 0 0.204315 27.363 17.428 9.93497
8.43112 0 0.202657 27.3629 17.5463 9.81663
8.44109 0 0.20099 27.3629 17.6721 9.6908
8.45107 0 0.199314 27.3628 17.8048 9.55807
8.46105 0 0.197629 27.3628 17.9438 9.41902
8.47103 0 0.195937 27.3628 18.0885 9.27424
8.48101 0 0.19424 27.3627 18.2384 9.1243
8.49098 0 0.192537 27.3627 18.3929 8.96977
8.50096 0 0.190831 27.3627 18.5515 8.81122
8.51094 0 0.189122 27.3627 18.7135 8.64917
8.52092 0 0.187411 27.3626 18.8785 8.48415
8.53089 0 0.185701 27.3626 19.046 8.31664
8.54087 0 0.183991 27.3626 19.2154 8.14713
8.55085 0 0.182283 27.3626 19.3865 7.97605
8.56083 0 0.180579 27.3625 19.5587 7.80381
8.5708 0 0.178879 27.3625 19.7317 7.6308
8.58078 0 0.177185 27.3625 19.9051 7.45737
8.59076 0 0.175498 27.3625 20.0786 7.28385
8.60074 0 0.173819 27.3625 20.2519 7.11053
8.61072 0 0.172149 27.3625 20.4248 6.93768
8.62069 0 0.17049 27.3625 20.5969 6.76554
8.63067 0 0.168843 27.3625 20.7681 6.59431
8.64065 0 0.167208 27.3625 20.9383 6.42418
8.65063 0 0.165587 27.3625 21.1071 6.25531
8.6606 0 0.163981 27.3624 21.2746 6.08784
8.67058 0 0.162391 27.3624 21.4406 5.92187
8.68056 0 0.160818 27.3625 21.6049 5.75751
8.69054 0 0.159263 27.3625 21.7676 5.59482
8.70051 0 0.157728 27.3625 21.9286 5.43387
8.71049 0 0.156213 27.3625 22.0878 5.2747
8.72047 0 0.154719 27.3625 22.2451 5.11734
8.73045 0 0.153247 27.3625 22.4007 4.9618
8.74042 0 0.151799 27.3625 22.5544 4.8081
8.7504 0 0.150375 27.3589 22.698 4.66095
8.76038 0 0.148975 27.359 22.8317 4.52728
8.77036 0 0.147602 27.359 22.9638 4.39512
8.78034 0 0.146255 27.359 23.0945 4.26449
8.79031 0 0.144936 27.359 23.2236 4.13539
8.80029 0 0.143644 27.359 23.3512 4.0078
8.81027 0 0.142382 27.359 23.4773 3.88172
8.82025 0 0.14115 27.359 23.6018 3.75714
8.83022 0 0.139948 27.359 23.725 3.63403
8.8402 0 0.138778 27.359 23.8466 3.5124
8.85018 0 0.137639 27.359 23.9668 3.39221
8.86016 0 0.136533 27.359 24.0856 3.27344
8.87013 0 0.135461 27.359 24.2029 3.15609
8.88011 0 0.134422 27.359 24.3189 3.04013
8.89009 0 0.133419 27.359 24.4335 2.92555
8.90007 0 0.13245 27.3794 24.523 2.85643
8.91004 0 0.131518 27.3794 24.5891 2.79024
8.92002 0 0.130622 27.3794 24.6576 2.72172
8.93 0 0.129762 27.3794 24.7284 2.651
8.93998 0 0.12894 27.3794 24.8011 2.57822
8.94996 0 0.128155 27.3793 24.8758 2.50352
8.95993 0 0.127407 27.3793 24.9523 2.42704
8.96991 0 0.126699 27.3793 25.0304 2.3489
8.97989 0 0.126029 27.3793 25.1101 2.26925
8.98987 0 0.125398 27.3793 25.1911 2.18821
8.99984 0 0.124807 27.3793 25.2734 2.10591
9.00982 0 0.124257 27.3793 25.3568 2.02248
9.0198 0 0.123747 27.3458 25.3737 1.97208
9.02978 0 0.123278 27.3458 25.3228 2.02302
9.03975 0 0.122849 27.3458 25.2702 2.07562
9.04973 0 0.122461 27.3458 25.2159 2.12993
9.05971 0 0.122113 27.3458 25.1598 2.18597
9.06969 0 0.121805 27.3458 25.102 2.24379
9.07966 0 0.121536 27.3458 25.0424 2.3034
9.08964 0 0.121306 27.3458 24.981 2.36482
9.09962 0 0.121114 27.3458 24.9177 2.42806
9.1096 0 0.120961 27.3458 24.8527 2.49311
9.11958 0 0.120845 27.3458 24.7858 2.55996
9.12955 0 0.120767 27.3458 24.7172 2.62859
9.13953 0 0.120726 27.3458 24.6468 2.69896
9.14951 0 0.120721 27.3458 24.5748 2.77103
9.15949 0 0.120752 27.3458 24.5011 2.84472
9.16946 0 0.120819 27.3458 24.4258 2.91998
9.17944 0 0.120921 27.3458 24.3491 2.9967
9.18942 0 0.121057 27.3458 24.271 3.07479
9.1994 0 0.121228 27.3458 24.1917 3.15413
9.20937 0 0.121432 27.3458 24.1112 3.23458
9.21935 0 0.121669 27.3458 24.0298 3.316
9.22933 0 0.121939 27.3458 23.9476 3.39821
9.23931 0 0.12224 27.3458 23.8648 3.48104
9.24928 0 0.122573 27.3458 23.7816 3.56429
9.25926 0 0.122936 27.3459 23.6981 3.64773
9.26924 0 0.12333 27.3459 23.6147 3.73115
9.27922 0 0.123753 27.3459 23.5316 3.81429
9.2892 0 0.124205 27.3459 23.449 3.89688
9.29917 0 0.124686 27.3459 23.3673 3.97866
9.30915 0 0.125195 27.3459 23.2866 4.05933
9.31913 0 0.125731 27.346 23.2074 4.13858
9.32911 0 0.126293 27.3479 23.113 4.23492
9.33908 0 0.126882 27.3479 23.003 4.3449
9.34906 0 0.127495 27.3479 22.8939 4.45402
9.35904 0 0.128134 27.3479 22.7859 4.56206
9.36902 0 0.128796 27.3479 22.6792 4.66876
9.37899 0 0.129482 27.3479 22.5741 4.77388
9.38897 0 0.130189 27.348 22.4708 4.87718
9.39895 0 0.130919 27.348 22.3696 4.97841
9.40893 0 0.13167 27.348 22.2706 5.07735
9.4189 0 0.132442 27.348 22.1742 5.17377
9.42888 0 0.133233 27.348 22.0805 5.26746
9.43886 0 0.134043 27.348 21.9898 5.35822
9.44884 0 0.134872 27.348 21.9021 5.44588
9.45882 0 0.13572 27.348 21.8178 5.53026
9.46879 0 0.136584 27.348 21.7368 5.61122
9.47877 0 0.137466 27.348 21.6594 5.68866
9.48875 0 0.138364 27.348 21.5856 5.76247
9.49873 0 0.139279 27.348 21.5154 5.83259
9.5087 0 0.140208 27.348 21.449 5.89897
9.51868 0 0.141153 27.348 21.3864 5.96162
9.52866 0 0.142113 27.348 21.3275 6.02056
9.53864 0 0.143087 27.348 21.2722 6.07583
9.54861 0 0.144075 27.348 21.2205 6.12752
9.55859 0 0.145077 27.348 21.1722 6.17576
9.56857 0 0.146093 27.348 21.1273 6.22068
9.57855 0 0.147121 27.3479 21.0855 6.26248
9.58853 0 0.148163 27.3479 21.0466 6.30136
9.5985 0 0.149217 27.3479 21.0103 6.33756
9.60848 0 0.150284 27.3479 20.9765 6.37135
9.61846 0 0.151362 27.3478 20.9448 6.40301
9.62844 0 0.152454 27.3478 20.915 6.43287
9.63841 0 0.153557 27.347 20.8757 6.47128
9.64839 0 0.154671 27.347 20.8272 6.51982
9.65837 0 0.155798 27.347 20.7798 6.56719
9.66835 0 0.156935 27.3469 20.7332 6.6137
9.67832 0 0.158083 27.3469 20.6872 6.65966
9.6883 0 0.159242 27.3469 20.6415 6.70538
9.69828 0 0.160411 27.3469 20.5957 6.75117
9.70826 0 0.16159 27.3468 20.5495 6.79732
9.71823 0 0.162779 27.3468 20.5027 6.84411
9.72821 0 0.163978 27.3468 20.455 6.8918
9.73819 0 0.165185 27.3568 20.3688 6.98804
9.74817 0 0.166401 27.3568 20.241 7.11579
9.75815 0 0.167625 27.3586 20.1046 7.25407
9.76812 0 0.168855 27.3586 19.9594 7.39922
9.7781 0 0.170091 27.3586 19.8079 7.55072
9.78808 0 0.171332 27.3586 19.6499 7.70868
9.79806 0 0.172577 27.3586 19.4854 7.87315
9.80803 0 0.173824 27.3586 19.3145 8.04413
9.81801 0 0.175073 27.3586 19.137 8.22156
9.82799 0 0.176322 27.3586 18.9533 8.40533
9.83797 0 0.17757 27.3586 18.7634 8.59525
9.84794 0 0.178815 27.3586 18.5675 8.79107
9.85792 0 0.180056 27.3592 18.3637 8.99552
9.8679 0 0.181293 27.3593 18.1521 9.20721
9.87788 0 0.182522 27.3593 17.9352 9.42411
9.88785 0 0.183743 27.3593 17.7136 9.64574
9.89783 0 0.184953 27.3593 17.4878 9.87157
9.90781 0 0.186152 27.3594 17.2584 10.101
9.91779 0 0.187337 27.3594 17.026 10.3334
9.92777 0 0.188508 27.3595 16.7913 10.5681
9.93774 0 0.189661 27.3595 16.5551 10.8044
9.94772 0 0.190795 27.3596 16.3181 11.0415
9.9577 0 0.191909 27.3596 16.0811 11.2785
9.96768 0 0.193001 27.3597 15.8449 11.5147
9.97765 0 0.194068 27.3597 15.6105 11.7492
