0.00997765 0 3.12295e-05 19.3576 25.0511 -5.69347
0.0199553 0 0.000124859 19.3576 25.0264 -5.66872
0.029933 0 0.000280792 19.3576 24.9998 -5.64216
0.0399106 0 0.000498923 19.3576 24.9714 -5.61374
0.0498883 0 0.000779139 19.3576 24.941 -5.5834
0.0598659 0 0.00112131 19.3576 24.9087 -5.55109
0.0698436 0 0.00152531 19.3576 24.8744 -5.51678
0.0798212 0 0.00199099 19.3576 24.838 -5.48039
0.0897989 0 0.0025182 19.3576 24.7995 -5.44189
0.0997765 0 0.00310676 19.3576 24.7588 -5.40123
0.109754 0 0.0037565 19.3576 24.7159 -5.35834
0.119732 0 0.00446722 19.3576 24.6708 -5.31317
0.129709 0 0.00523873 19.3576 24.6233 -5.26569
0.139687 0 0.00607081 19.3576 24.5734 -5.21582
0.149665 0 0.00696323 19.3576 24.5211 -5.16353
0.159642 0 0.00791575 19.3576 24.4663 -5.10875
0.16962 0 0.00892812 19.3576 24.409 -5.05144
0.179598 0 0.0100001 19.3576 24.3491 -4.99154
0.189575 0 0.0111313 19.3576 24.2866 -4.929
0.199553 0 0.0123215 19.3576 24.2213 -4.86377
0.209531 0 0.0135704 19.3576 24.1534 -4.7958
0.219508 0 0.0148777 19.3575 24.0826 -4.72505
0.229486 0 0.0162429 19.3575 24.009 -4.65145
0.239464 0 0.0176658 19.3575 23.9325 -4.57497
0.249441 0 0.019146 19.3575 23.8531 -4.49556
0.259419 0 0.020683 19.3575 23.7707 -4.41317
0.269397 0 0.0222765 19.3575 23.6853 -4.32776
0.279374 0 0.0239261 19.3575 23.5968 -4.23928
0.289352 0 0.0256312 19.3575 23.5052 -4.14771
0.29933 0 0.0273914 19.3575 23.4105 -4.05299
0.309307 0 0.0292063 19.3575 23.3126 -3.95509
0.319285 0 0.0310752 19.3575 23.2115 -3.85399
0.329263 0 0.0329978 19.3575 23.1072 -3.74965
0.33924 0 0.0349735 19.3575 22.9995 -3.64203
0.349218 0 0.0370017 19.3575 22.8886 -3.53113
0.359196 0 0.0390818 19.3575 22.7744 -3.41691
0.369173 0 0.0412132 19.3575 22.6569 -3.29937
0.379151 0 0.0433953 19.3575 22.536 -3.17847
0.389128 0 0.0456275 19.3575 22.4117 -3.05423
0.399106 0 0.0479091 19.3575 22.2841 -2.92662
0.409084 0 0.0502394 19.3575 22.1531 -2.79566
0.419061 0 0.0526177 19.3575 22.0188 -2.66134
0.429039 0 0.0550433 19.3575 21.8812 -2.52367
0.439017 0 0.0575154 19.3575 21.7402 -2.38268
0.448994 0 0.0600334 19.3575 21.5959 -2.23837
0.458972 0 0.0625963 19.3575 21.4483 -2.09078
0.46895 0 0.0652035 19.3575 21.2974 -1.93994
0.478927 0 0.067854 19.3575 21.1434 -1.78589
0.488905 0 0.0705471 19.3575 20.9862 -1.62868
0.498883 0 0.0732818 19.3575 20.8257 -1.46822
0.50886 0 0.0760573 19.3575 20.662 -1.30455
0.518838 0 0.0788727 19.3575 20.4954 -1.13787
0.528816 0 0.081727 19.3575 20.3258 -0.968281
0.538793 0 0.0846193 19.3575 20.1533 -0.79585
0.548771 0 0.0875487 19.3575 19.9782 -0.620669
0.558749 0 0.0905142 19.3575 19.8003 -0.442835
0.568726 0 0.0935148 19.3575 19.62 -0.262452
0.578704 0 0.0965495 19.3575 19.4371 -0.0796317
0.588682 0 0.0996172 19.3575 19.252 0.105505
0.598659 0 0.102717 19.3575 19.0647 0.292829
0.608637 0 0.105848 19.3575 18.8753 0.482207
0.618615 0 0.109008 19.3575 18.684 0.673493
0.628592 0 0.112198 19.3575 18.491 0.866538
0.63857 0 0.115415 19.3576 18.2964 1.06118
0.648547 0 0.118659 19.3576 18.1003 1.25726
0.658525 0 0.121929 19.3576 17.903 1.4546
0.668503 0 0.125223 19.3576 17.7046 1.65302
0.67848 0 0.12854 19.3576 17.5053 1.85234
0.688458 0 0.13188 19.3576 17.3053 2.05236
0.698436 0 0.13524 19.3576 17.1047 2.25289
0.708413 0 0.138621 19.3576 16.9039 2.45373
0.718391 0 0.142021 19.3577 16.703 2.65467
0.728369 0 0.145438 19.3577 16.5022 2.8555
0.738346 0 0.148872 19.3577 16.3017 3.056
0.748324 0 0.152322 19.3577 16.1017 3.25597
0.758302 0 0.155786 19.3577 15.9025 3.45518
0.768279 0 0.159263 19.3577 15.7043 3.65341
0.778257 0 0.162752 19.3577 15.5073 3.85045
0.788235 0 0.166253 19.3577 15.3117 4.04607
0.798212 0 0.169764 19.3578 15.1177 4.24006
0.80819 0 0.173284 19.3578 14.9256 4.4322
0.818168 0 0.176811 19.3578 14.7355 4.62228
0.828145 0 0.180346 19.3578 14.5477 4.81009
0.838123 0 0.183887 19.3578 14.3624 4.99542
0.848101 0 0.187432 19.3578 14.1798 5.17808
0.858078 0 0.190982 19.3577 13.9998 5.35789
0.868056 0 0.194534 19.3577 13.8228 5.53487
0.878034 0 0.198089 19.3577 13.6492 5.70856
0.888011 0 0.201645 19.3577 13.479 5.87877
0.897989 0 0.205201 19.3578 13.3124 6.04532
0.907966 0 0.208757 19.3578 13.1497 6.20805
0.917944 0 0.212311 19.3578 12.991 6.36682
0.927922 0 0.215863 19.3578 12.8363 6.52147
0.937899 0 0.219412 19.3578 12.6859 6.67187
0.947877 0 0.222957 19.3579 12.5397 6.81826
0.957855 0 0.226498 19.3579 12.3976 6.96031
0.967832 0 0.230034 19.358 12.26 7.0979
0.97781 0 0.233564 19.358 12.127 7.23096
0.987788 0 0.237088 19.358 11.9985 7.35943
0.997765 0 0.240604 19.358 11.8747 7.48324
1.00774 0 0.244113 19.358 11.7556 7.60236
1.01772 0 0.247614 19.358 11.6412 7.71676
1.0277 0 0.251107 19.358 11.5315 7.82642
1.03768 0 0.25459 19.358 11.4266 7.93134
1.04765 0 0.258063 19.358 11.3264 8.03152
1.05763 0 0.261527 19.358 11.231 8.12696
1.06761 0 0.26498 19.358 11.1403 8.21771
1.07759 0 0.268423 19.358 11.0542 8.30378
1.08756 0 0.271855 19.358 10.9727 8.38522
1.09754 0 0.275275 19.358 10.8959 8.46208
1.10752 0 0.278683 19.3579 10.8235 8.5344
1.1175 0 0.28208 19.3579 10.7557 8.60227
1.12747 0 0.285465 19.3579 10.6922 8.66573
1.13745 0 0.288837 19.3579 10.6331 8.72486
1.14743 0 0.292196 19.3579 10.5782 8.77973
1.15741 0 0.295544 19.4362 10.4324 9.00387
1.16739 0 0.298877 19.4363 10.1953 9.24094
1.17736 0 0.302195 19.4363 9.96114 9.47516
1.18734 0 0.305498 19.4363 9.73029 9.70604
1.19732 0 0.308782 19.4364 9.50327 9.93309
1.2073 0 0.312049 19.4364 9.28058 10.1558
1.21727 0 0.315295 19.4364 9.06275 10.3737
1.22725 0 0.31852 19.4365 8.85028 10.5862
1.23723 0 0.321724 19.4365 8.6437 10.7928
1.24721 0 0.324903 19.4365 8.44355 10.993
1.25718 0 0.328059 19.4366 8.25035 11.1862
1.26716 0 0.33119 19.4366 8.06463 11.372
1.27714 0 0.334294 19.4366 7.88689 11.5497
1.28712 0 0.337371 19.4366 7.71766 11.719
1.29709 0 0.34042 19.4367 7.55742 11.8793
1.30707 0 0.343441 19.4367 7.40667 12.03
1.31705 0 0.346432 19.4367 7.26584 12.1709
1.32703 0 0.349393 19.4368 7.1354 12.3014
1.33701 0 0.352323 19.4368 7.01575 12.421
1.34698 0 0.355221 19.4368 6.90727 12.5295
1.35696 0 0.358088 19.4368 6.81033 12.6265
1.36694 0 0.360923 19.4368 6.72524 12.7116
1.37692 0 0.363726 19.4369 6.65228 12.7846
1.38689 0 0.366495 19.4369 6.59171 12.8452
1.39687 0 0.369232 19.4369 6.54373 12.8932
1.40685 0 0.371936 19.4369 6.5085 12.9284
1.41683 0 0.374607 19.4369 6.48614 12.9508
1.4268 0 0.377245 19.4369 6.47672 12.9602
1.43678 0 0.37985 19.4369 6.48028 12.9566
1.44676 0 0.382423 19.4369 6.4968 12.9401
1.45674 0 0.384963 19.4369 6.52621 12.9107
1.46672 0 0.387472 19.4369 6.56842 12.8685
1.47669 0 0.389949 19.4369 6.62326 12.8136
1.48667 0 0.392396 19.4368 6.69055 12.7463
1.49665 0 0.394812 19.4368 6.77005 12.6668
1.50663 0 0.397199 19.4368 6.86148 12.5753
1.5166 0 0.399557 19.4368 6.96454 12.4723
1.52658 0 0.401887 19.4368 7.07887 12.3579
1.53656 0 0.40419 19.4367 7.20409 12.2326
1.54654 0 0.406467 19.4367 7.3398 12.0969
1.55651 0 0.408719 19.4367 7.48556 11.9511
1.56649 0 0.410946 19.4367 7.64092 11.7957
1.57647 0 0.413151 19.4366 7.80539 11.6312
1.58645 0 0.415334 19.4366 7.97848 11.4581
1.59642 0 0.417496 19.4366 8.15968 11.2769
1.6064 0 0.419638 19.4365 8.34848 11.0881
1.61638 0 0.421762 19.4365 8.54434 10.8922
1.62636 0 0.42387 19.4365 8.74675 10.6897
1.63634 0 0.425962 19.4364 8.95518 10.4813
1.64631 0 0.428039 19.4364 9.1691 10.2673
1.65629 0 0.430104 19.4914 9.25225 10.2391
1.66627 0 0.432156 19.4914 9.2024 10.289
1.67625 0 0.434196 19.4914 9.15482 10.3366
1.68622 0 0.436223 19.4915 9.10985 10.3816
1.6962 0 0.438237 19.4915 9.06788 10.4236
1.70618 0 0.440238 19.4915 9.02926 10.4622
1.71616 0 0.442226 19.4915 8.9944 10.4971
1.72613 0 0.4442 19.4916 8.96366 10.5279
1.73611 0 0.446162 19.4916 8.93743 10.5541
1.74609 0 0.44811 19.4916 8.91609 10.5755
1.75607 0 0.450044 19.4989 8.85364 10.6452
1.76604 0 0.451965 19.4989 8.75027 10.7486
1.77602 0 0.453871 19.4989 8.65194 10.847
1.786 0 0.455763 19.499 8.55909 10.9399
1.79598 0 0.457639 19.499 8.47214 11.0268
1.80596 0 0.4595 19.499 8.39152 11.1075
1.81593 0 0.461344 19.499 8.31764 11.1814
1.82591 0 0.463172 19.4991 8.25089 11.2482
1.83589 0 0.464982 19.4991 8.19166 11.3074
1.84587 0 0.466775 19.4991 8.14031 11.3588
1.85584 0 0.46855 19.4991 8.0972 11.4019
1.86582 0 0.470308 19.4991 8.06263 11.4365
1.8758 0 0.472047 19.4992 8.03692 11.4622
1.88578 0 0.473768 19.4992 8.02034 11.4788
1.89575 0 0.475471 19.4992 8.01312 11.4861
1.90573 0 0.477155 19.4992 8.01548 11.4837
1.91571 0 0.47882 19.4992 8.0276 11.4716
1.92569 0 0.480468 19.4992 8.04963 11.4496
1.93566 0 0.482097 19.4992 8.0817 11.4175
1.94564 0 0.483708 19.4992 8.12387 11.3753
1.95562 0 0.485301 19.4992 8.17621 11.323
1.9656 0 0.486876 19.4992 8.23872 11.2605
1.97558 0 0.488435 19.4992 8.3114 11.1878
1.98555 0 0.489977 19.4992 8.39418 11.105
1.99553 0 0.491502 19.4992 8.48698 11.0122
2.00551 0 0.493011 19.4992 8.5897 10.9095
2.01549 0 0.494506 19.4992 8.70218 10.797
2.02546 0 0.495986 19.5378 8.78145 10.7563
2.03544 0 0.497451 19.5378 8.82758 10.7102
2.04542 0 0.498903 19.5377 8.88299 10.6547
2.0554 0 0.500341 19.5377 8.94731 10.5904
2.06537 0 0.501767 19.5377 9.02011 10.5176
2.07535 0 0.50318 19.5377 9.10098 10.4367
2.08533 0 0.504581 19.5376 9.18947 10.3482
2.09531 0 0.50597 19.5376 9.28512 10.2525
2.10528 0 0.507349 19.5573 9.36483 10.1925
2.11526 0 0.508718 19.5572 9.42754 10.1297
2.12524 0 0.510077 19.5572 9.49491 10.0623
2.13522 0 0.511427 19.5572 9.56645 9.99074
2.1452 0 0.512768 19.5572 9.64166 9.91549
2.15517 0 0.514101 19.5571 9.72008 9.83705
2.16515 0 0.515427 19.5571 9.80123 9.75587
2.17513 0 0.516746 19.5571 9.88465 9.67242
2.18511 0 0.518059 19.557 9.96988 9.58717
2.19508 0 0.519366 19.5614 10.0491 9.51227
2.20506 0 0.520668 19.5614 10.1221 9.43928
2.21504 0 0.521966 19.5613 10.1958 9.36556
2.22502 0 0.52326 19.5613 10.2698 9.29149
2.23499 0 0.52455 19.5583 10.2726 9.28574
2.24497 0 0.525838 19.5583 10.2045 9.35382
2.25495 0 0.527121 19.5583 10.1367 9.42164
2.26493 0 0.528401 19.5583 10.0692 9.48911
2.27491 0 0.529676 19.4912 9.91588 9.57534
2.28488 0 0.530947 19.4912 9.67822 9.81301
2.29486 0 0.532211 19.4912 9.44487 10.0464
2.30484 0 0.533468 19.4913 9.2161 10.2752
2.31482 0 0.534716 19.4913 8.99213 10.4991
2.32479 0 0.535954 19.4913 8.77319 10.7181
2.33477 0 0.537182 19.4913 8.55949 10.9318
2.34475 0 0.538398 19.4913 8.3512 11.1401
2.35473 0 0.539602 19.4913 8.1485 11.3428
2.3647 0 0.540791 19.4913 7.95153 11.5398
2.37468 0 0.541966 19.4913 7.7604 11.7309
2.38466 0 0.543125 19.4913 7.5752 11.9161
2.39464 0 0.544268 19.4913 7.39602 12.0953
2.40461 0 0.545393 19.4913 7.2229 12.2684
2.41459 0 0.5465 19.4913 7.05585 12.4355
2.42457 0 0.547588 19.4913 6.89489 12.5964
2.43455 0 0.548657 19.4913 6.73999 12.7513
2.44453 0 0.549705 19.4913 6.5911 12.9002
2.4545 0 0.550732 19.4913 6.44815 13.0431
2.46448 0 0.551737 19.4913 6.31105 13.1802
2.47446 0 0.55272 19.4913 6.1797 13.3116
2.48444 0 0.55368 19.4913 6.05398 13.4373
2.49441 0 0.554617 19.4912 5.93373 13.5575
2.50439 0 0.555529 19.4912 5.81881 13.6724
2.51437 0 0.556418 19.4912 5.70905 13.7822
2.52435 0 0.557282 19.4912 5.60428 13.8869
2.53432 0 0.55812 19.4912 5.50431 13.9869
2.5443 0 0.558933 19.4912 5.40896 14.0822
2.55428 0 0.559719 19.4912 5.31806 14.1731
2.56426 0 0.560479 19.4911 5.23141 14.2597
2.57423 0 0.561213 19.4911 5.14884 14.3423
2.58421 0 0.561919 19.5511 4.993 14.5581
2.59419 0 0.562597 19.5512 4.76441 14.7868
2.60417 0 0.563246 19.5512 4.54093 15.0103
2.61415 0 0.563864 19.5512 4.32316 15.2281
2.62412 0 0.564451 19.5513 4.11171 15.4396
2.6341 0 0.565004 19.5513 3.90717 15.6441
2.64408 0 0.565523 19.5514 3.71019 15.8412
2.65406 0 0.566006 19.5514 3.52139 16.03
2.66403 0 0.566453 19.5514 3.34139 16.21
2.67401 0 0.566863 19.5515 3.17084 16.3806
2.68399 0 0.567234 19.5515 3.01036 16.5411
2.69397 0 0.567566 19.5515 2.86056 16.691
2.70394 0 0.567857 19.5516 2.72206 16.8295
2.71392 0 0.568107 19.5516 2.59543 16.9562
2.7239 0 0.568315 19.5516 2.48124 17.0704
2.73388 0 0.568481 19.5517 2.38003 17.1716
2.74385 0 0.568603 19.5517 2.29233 17.2594
2.75383 0 0.568682 19.5517 2.21859 17.3331
2.76381 0 0.568717 19.5518 2.15926 17.3925
2.77379 0 0.568706 19.5518 2.11474 17.437
2.78377 0 0.568651 19.5518 2.08538 17.4664
2.79374 0 0.568551 19.5518 2.07148 17.4803
2.80372 0 0.568406 19.5552 2.06779 17.4874
2.8137 0 0.568215 19.5552 2.07472 17.4805
2.82368 0 0.567979 19.5553 2.09791 17.4573
2.83365 0 0.567697 19.5553 2.13745 17.4178
2.84363 0 0.567371 19.5553 2.19337 17.3619
2.85361 0 0.567 19.5552 2.26563 17.2896
2.86359 0 0.566584 19.5552 2.35411 17.2011
2.87356 0 0.566124 19.5552 2.45864 17.0966
2.88354 0 0.565621 19.5552 2.579 16.9762
2.89352 0 0.565075 19.5552 2.71487 16.8403
2.9035 0 0.564487 19.5552 2.86591 16.6892
2.91347 0 0.563858 19.4786 2.95354 16.5251
2.92345 0 0.563188 19.4786 2.97527 16.5033
2.93343 0 0.562478 19.4786 3.00865 16.4699
2.94341 0 0.561728 19.4786 3.05362 16.425
2.95339 0 0.560937 19.4786 3.11011 16.3685
2.96336 0 0.560106 19.4786 3.17803 16.3006
2.97334 0 0.559235 19.4786 3.25726 16.2213
2.98332 0 0.558325 19.4786 3.34767 16.1309
2.9933 0 0.557375 19.4785 3.44911 16.0294
3.00327 0 0.556387 19.4785 3.56142 15.9171
3.01325 0 0.555361 19.4785 3.68442 15.7941
3.02323 0 0.554297 19.4785 3.8179 15.6606
3.03321 0 0.553197 19.4785 3.96165 15.5168
3.04318 0 0.55206 19.4785 4.11546 15.363
3.05316 0 0.550887 19.4785 4.27906 15.1994
3.06314 0 0.54968 19.4785 4.45223 15.0262
3.07312 0 0.548439 19.4784 4.63468 14.8438
3.08309 0 0.547165 19.4784 4.82614 14.6523
3.09307 0 0.545859 19.4784 5.02633 14.4521
3.10305 0 0.544522 19.4784 5.23495 14.2434
3.11303 0 0.543156 19.4784 5.4517 14.0267
3.12301 0 0.54176 19.4783 5.67625 13.8021
3.13298 0 0.540337 19.4783 5.90829 13.57
3.14296 0 0.538887 19.4783 6.14747 13.3308
3.15294 0 0.537412 19.4783 6.39348 13.0848
3.16292 0 0.535913 19.4783 6.64595 12.8323
3.17289 0 0.534392 19.4782 6.90455 12.5737
3.18287 0 0.532849 19.4782 7.16892 12.3093
3.19285 0 0.531286 19.4782 7.43869 12.0395
3.20283 0 0.529704 19.4782 7.71351 11.7647
3.2128 0 0.528105 19.4782 7.99302 11.4851
3.22278 0 0.526491 19.4781 8.27684 11.2013
3.23276 0 0.524862 19.4781 8.56462 10.9135
3.24274 0 0.523221 19.4781 8.85597 10.6221
3.25272 0 0.521568 19.4781 9.15054 10.3275
3.26269 0 0.519906 19.4781 9.44797 10.0301
3.27267 0 0.518235 19.478 9.74788 9.73015
3.28265 0 0.516558 19.478 10.0499 9.4281
3.29263 0 0.514875 19.478 10.3537 9.12427
3.3026 0 0.513189 19.478 10.6589 8.81903
3.31258 0 0.511501 19.478 10.9652 8.51271
3.32256 0 0.509813 19.4779 11.2723 8.20567
3.33254 0 0.508126 19.4779 11.5797 7.89824
3.34251 0 0.506442 19.4779 11.8872 7.59073
3.35249 0 0.504762 19.4779 12.1944 7.28348
3.36247 0 0.503088 19.4779 12.5011 6.97679
3.37245 0 0.501421 19.4778 12.8069 6.67097
3.38242 0 0.499764 19.5791 12.9095 6.66955
3.3924 0 0.498116 19.6386 12.7461 6.89251
3.40238 0 0.496476 19.6386 12.519 7.11968
3.41236 0 0.494843 19.6386 12.2916 7.34702
3.42234 0 0.493216 19.6387 12.0642 7.57444
3.43231 0 0.491593 19.6387 11.8368 7.80182
3.44229 0 0.489974 19.6387 11.6096 8.02903
3.45227 0 0.488356 19.6387 11.3827 8.25596
3.46225 0 0.486739 19.6387 11.1562 8.48246
3.47222 0 0.485121 19.6387 10.9303 8.70839
3.4822 0 0.483502 19.6387 10.7051 8.93359
3.49218 0 0.481879 19.6387 10.4808 9.1579
3.50216 0 0.480251 19.6387 10.2576 9.38112
3.51213 0 0.478618 19.6387 10.0356 9.60309
3.52211 0 0.476977 19.6387 9.81516 9.82357
3.53209 0 0.475328 19.6387 9.59638 10.0424
3.54207 0 0.473669 19.6388 9.37954 10.2592
3.55204 0 0.471999 19.6388 9.16489 10.4739
3.56202 0 0.470316 19.6388 8.95269 10.6861
3.572 0 0.468619 19.6388 8.74324 10.8956
3.58198 0 0.466907 19.6388 8.53683 11.102
3.59196 0 0.465179 19.6388 8.33379 11.3051
3.60193 0 0.463433 19.6389 8.13445 11.5044
3.61191 0 0.461668 19.6389 7.93917 11.6997
3.62189 0 0.459882 19.6389 7.74831 11.8906
3.63187 0 0.458075 19.6389 7.56226 12.0767
3.64184 0 0.456245 19.639 7.38141 12.2575
3.65182 0 0.454392 19.639 7.20618 12.4328
3.6618 0 0.452513 19.639 7.03698 12.602
3.67178 0 0.450607 19.639 6.87426 12.7648
3.68175 0 0.448674 19.6391 6.71843 12.9206
3.69173 0 0.446713 19.6391 6.56996 13.0691
3.70171 0 0.444721 19.6391 6.42928 13.2098
3.71169 0 0.442699 19.6391 6.29683 13.3423
3.72166 0 0.440646 19.6441 6.16799 13.4761
3.73164 0 0.438559 19.6441 6.04308 13.601
3.74162 0 0.43644 19.6441 5.92764 13.7165
3.7516 0 0.434285 19.6442 5.8221 13.8221
3.76158 0 0.432095 19.6442 5.72686 13.9173
3.77155 0 0.429869 19.6442 5.64232 14.0019
3.78153 0 0.427607 19.6442 5.56885 14.0754
3.79151 0 0.425306 19.6443 5.5068 14.1375
3.80149 0 0.422968 19.6443 5.45649 14.1878
3.81146 0 0.420591 19.6443 5.41821 14.2261
3.82144 0 0.418176 19.6443 5.3922 14.2521
3.83142 0 0.41572 19.6443 5.3787 14.2656
3.8414 0 0.413226 19.6443 5.37788 14.2665
3.85137 0 0.410691 19.6443 5.38988 14.2545
3.86135 0 0.408116 19.6443 5.41481 14.2295
3.87133 0 0.405501 19.6443 5.45271 14.1916
3.88131 0 0.402847 19.6443 5.5036 14.1407
3.89128 0 0.400152 19.6443 5.56745 14.0769
3.90126 0 0.397418 19.6443 5.64418 14.0002
3.91124 0 0.394644 19.6443 5.73366 13.9107
3.92122 0 0.391832 19.6443 5.83574 13.8086
3.9312 0 0.38898 19.6443 5.95021 13.6941
3.94117 0 0.386091 19.6443 6.07681 13.5675
3.95115 0 0.383164 19.6443 6.21526 13.429
3.96113 0 0.380201 19.6442 6.36524 13.279
3.97111 0 0.377201 19.6442 6.52637 13.1178
3.98108 0 0.374167 19.6442 6.69828 12.9459
3.99106 0 0.371098 19.6442 6.88053 12.7636
4.00104 0 0.367995 19.6441 7.07268 12.5714
4.01102 0 0.364861 19.6441 7.27426 12.3698
4.02099 0 0.361695 19.6441 7.48478 12.1593
4.03097 0 0.358499 19.644 7.70373 11.9403
4.04095 0 0.355275 19.644 7.93059 11.7134
4.05093 0 0.352022 19.644 8.16482 11.4791
4.0609 0 0.348744 19.6439 8.40589 11.238
4.07088 0 0.34544 19.6439 8.65326 10.9906
4.08086 0 0.342113 19.6439 8.90639 10.7375
4.09084 0 0.338764 19.6438 9.16473 10.4791
4.10082 0 0.335394 19.6438 9.42776 10.216
4.11079 0 0.332004 19.6438 9.69494 9.94883
4.12077 0 0.328597 19.6437 9.96576 9.67798
4.13075 0 0.325174 19.6437 10.2397 9.404
4.14073 0 0.321736 19.6437 10.5163 9.12738
4.1507 0 0.318285 19.6437 10.7951 8.8486
4.16068 0 0.314822 19.6436 11.0755 8.56811
4.17066 0 0.31135 19.6436 11.3572 8.28637
4.18064 0 0.307869 19.6436 11.6398 8.0038
4.19061 0 0.304381 19.6436 11.9228 7.72079
4.20059 0 0.300888 19.6435 12.2058 7.43774
4.21057 0 0.297391 19.6435 12.4885 7.15501
4.22055 0 0.293892 19.6353 12.7558 6.87943
4.23053 0 0.290392 19.6352 13.0082 6.62706
4.2405 0 0.286893 19.6352 13.2604 6.37481
4.25048 0 0.283396 19.6352 13.5122 6.12304
4.26046 0 0.279903 19.6352 13.7631 5.87207
4.27044 0 0.276415 19.6352 14.013 5.62222
4.28041 0 0.272933 19.6352 14.2614 5.37376
4.29039 0 0.269459 19.6351 14.5082 5.12696
4.30037 0 0.265994 19.6351 14.7531 4.88206
4.31035 0 0.262539 19.6351 14.9958 4.63928
4.32032 0 0.259095 19.6351 15.2363 4.39883
4.3303 0 0.255665 19.6351 15.4742 4.16088
4.34028 0 0.252249 19.6351 15.7095 3.92561
4.35026 0 0.248848 19.6351 15.942 3.69315
4.36023 0 0.245464 19.6351 16.1715 3.46364
4.37021 0 0.242098 19.6351 16.3979 3.2372
4.38019 0 0.23875 19.6351 16.6212 3.01392
4.39017 0 0.235424 19.6351 16.8412 2.79389
4.40015 0 0.232118 19.6351 17.0579 2.57719
4.41012 0 0.228835 19.6351 17.2712 2.36388
4.4201 0 0.225576 19.6351 17.4811 2.15402
4.43008 0 0.222342 19.6351 17.6875 1.94764
4.44006 0 0.219133 19.6515 17.8397 1.81178
4.45003 0 0.215951 19.6515 17.9374 1.71413
4.46001 0 0.212796 19.6515 18.0307 1.62078
4.46999 0 0.209669 19.6515 18.12 1.53156
4.47997 0 0.206569 19.6515 18.2053 1.4463
4.48994 0 0.203497 19.652 18.2862 1.36575
4.49992 0 0.200454 19.652 18.3631 1.28892
4.5099 0 0.197439 19.652 18.4365 1.21546
4.51988 0 0.194453 19.652 18.5068 1.14518
4.52985 0 0.191497 19.652 18.5742 1.07786
4.53983 0 0.18857 19.652 18.6387 1.01331
4.54981 0 0.185672 19.6521 18.7007 0.951323
4.55979 0 0.182804 19.6521 18.7604 0.891684
4.56977 0 0.179967 19.6521 18.8179 0.834186
4.57974 0 0.177159 19.6521 18.8735 0.778619
4.58972 0 0.174382 19.6521 18.9273 0.724775
4.5997 0 0.171635 19.6521 18.9797 0.672447
4.60968 0 0.168919 19.6415 19.0088 0.632686
4.61965 0 0.166234 19.6415 19.0164 0.625139
4.62963 0 0.163579 19.6415 19.0257 0.615807
4.63961 0 0.160954 19.6415 19.0369 0.60458
4.64959 0 0.15836 19.6415 19.0502 0.591351
4.65956 0 0.155796 19.6415 19.0655 0.576017
4.66954 0 0.153263 19.6415 19.0831 0.558481
4.67952 0 0.15076 19.6415 19.1029 0.538649
4.6895 0 0.148287 19.6454 19.1183 0.527192
4.69947 0 0.145844 19.6455 19.1291 0.516305
4.70945 0 0.143431 19.6455 19.1424 0.503022
4.71943 0 0.141049 19.6455 19.1582 0.487275
4.72941 0 0.138697 19.6455 19.1765 0.469
4.73939 0 0.136375 19.6389 19.1846 0.454334
4.74936 0 0.134083 19.6389 19.1827 0.456215
4.75934 0 0.131821 19.6389 19.184 0.454926
4.76932 0 0.129588 19.6389 19.1885 0.450442
4.7793 0 0.127386 19.6389 19.1962 0.442744
4.78927 0 0.125214 19.6389 19.2071 0.431823
4.79925 0 0.123071 19.6389 19.2212 0.417678
4.80923 0 0.120959 19.6389 19.2386 0.400315
4.81921 0 0.118876 19.6389 19.2592 0.379749
4.82918 0 0.116823 19.6389 19.2829 0.356003
4.83916 0 0.1148 19.6389 19.3098 0.329106
4.84914 0 0.112807 19.6389 19.3398 0.299097
4.85912 0 0.110845 19.6389 19.3729 0.266023
4.86909 0 0.108913 19.6389 19.409 0.229937
4.87907 0 0.107012 19.6389 19.448 0.190899
4.88905 0 0.105141 19.6389 19.4899 0.148977
4.89903 0 0.103301 19.6389 19.5346 0.104245
4.90901 0 0.101493 19.6389 19.5821 0.0567846
4.91898 0 0.0997158 19.6389 19.6322 0.00668133
4.92896 0 0.0979706 19.6389 19.6848 -0.0459727
4.93894 0 0.0962573 19.6388 19.7399 -0.10108
4.94892 0 0.0945764 19.6388 19.7974 -0.15854
4.95889 0 0.0929282 19.6388 19.8571 -0.218247
4.96887 0 0.0913129 19.6388 19.9189 -0.28009
4.97885 0 0.089731 19.6388 19.9828 -0.343958
4.98883 0 0.0881828 19.6386 20.0482 -0.409602
4.9988 0 0.0866687 19.6386 20.115 -0.476424
5.00878 0 0.0851891 19.6386 20.1835 -0.544925
5.01876 0 0.0837444 19.6385 20.2535 -0.614985
5.02874 0 0.082335 19.6385 20.325 -0.686483
5.03872 0 0.0809614 19.6385 20.3978 -0.759296
5.04869 0 0.0796239 19.6385 20.4718 -0.833303
5.05867 0 0.078323 19.6374 20.5443 -0.906889
5.06865 0 0.0770592 19.6374 20.6152 -0.977786
5.07863 0 0.0758328 19.6374 20.6871 -1.04972
5.0886 0 0.0746444 19.6374 20.7599 -1.12256
5.09858 0 0.0734943 19.6374 20.8335 -1.19619
5.10856 0 0.0723831 19.6374 20.9079 -1.2705
5.11854 0 0.0713111 19.6373 20.9827 -1.34538
5.12851 0 0.0702788 19.6373 21.058 -1.42071
5.13849 0 0.0692866 19.6373 21.1337 -1.49638
5.14847 0 0.0683352 19.6373 21.2096 -1.5723
5.15845 0 0.0674247 19.6373 21.2857 -1.64836
5.16842 0 0.0665559 19.6373 21.3618 -1.72445
5.1784 0 0.065729 19.6373 21.4378 -1.8005
5.18838 0 0.0649447 19.6313 21.4957 -1.86436
5.19836 0 0.0642031 19.6313 21.5344 -1.90315
5.20834 0 0.0635047 19.6313 21.5713 -1.94002
5.21831 0 0.0628497 19.6313 21.6061 -1.97485
5.22829 0 0.0622383 19.6313 21.6388 -2.00752
5.23827 0 0.0616708 19.6312 21.6692 -2.03792
5.24825 0 0.0611474 19.6312 21.6972 -2.06593
5.25822 0 0.0606683 19.6312 21.7227 -2.09146
5.2682 0 0.0602336 19.6312 21.7456 -2.11438
5.27818 0 0.0598436 19.6312 21.7658 -2.13461
5.28816 0 0.0594984 19.6312 21.7832 -2.15204
5.29813 0 0.059198 19.631 21.7973 -2.1663
5.30811 0 0.0589428 19.631 21.8079 -2.17691
5.31809 0 0.0587326 19.631 21.8154 -2.18443
5.32807 0 0.0585676 19.631 21.8198 -2.18877
5.33804 0 0.0584478 19.631 21.8209 -2.18986
5.34802 0 0.0583732 19.631 21.8186 -2.18763
5.358 0 0.0583439 19.631 21.813 -2.18201
5.36798 0 0.0583597 19.631 21.8039 -2.17293
5.37796 0 0.0584207 19.631 21.7913 -2.16034
5.38793 0 0.0585267 19.631 21.7751 -2.14418
5.39791 0 0.0586776 19.631 21.7554 -2.12441
5.40789 0 0.0588734 19.6439 21.714 -2.07018
5.41787 0 0.0591136 19.6439 21.6503 -2.00641
5.42784 0 0.059398 19.6439 21.581 -1.93715
5.43782 0 0.0597261 19.6438 21.5062 -1.86232
5.4478 0 0.0600974 19.6438 21.4257 -1.78184
5.45778 0 0.0605114 19.6438 21.3395 -1.69565
5.46775 0 0.0609676 19.6438 21.2475 -1.6037
5.47773 0 0.0614654 19.6438 21.1497 -1.50592
5.48771 0 0.0620042 19.6438 21.0461 -1.40228
5.49769 0 0.0625832 19.6438 20.9365 -1.29274
5.50766 0 0.0632019 19.6438 20.8211 -1.17728
5.51764 0 0.0638594 19.6438 20.6997 -1.05589
5.52762 0 0.0645549 19.6438 20.5724 -0.928568
5.5376 0 0.0652875 19.6438 20.4391 -0.795322
5.54758 0 0.0660564 19.6438 20.3 -0.656178
5.55755 0 0.0668607 19.6438 20.155 -0.511172
5.56753 0 0.0676994 19.6438 20.0042 -0.360358
5.57751 0 0.0685714 19.6438 19.8476 -0.203801
5.58749 0 0.0694756 19.6438 19.6854 -0.041584
5.59746 0 0.070411 19.6438 19.5176 0.126195
5.60744 0 0.0713764 19.6438 19.3444 0.299419
5.61742 0 0.0723706 19.6438 19.1659 0.477956
5.6274 0 0.0733924 19.6438 18.9822 0.661653
5.63737 0 0.0744404 19.6438 18.7935 0.850341
5.64735 0 0.0755134 19.6438 18.6 1.04383
5.65733 0 0.07661 19.6438 18.4019 1.2419
5.66731 0 0.0777287 19.6453 18.1957 1.44958
5.67728 0 0.0788682 19.6453 17.9817 1.66353
5.68726 0 0.080027 19.6469 17.7617 1.88517
5.69724 0 0.0812034 19.6469 17.5358 2.11104
5.70722 0 0.0823959 19.6469 17.3074 2.33951
5.7172 0 0.0836029 19.6469 17.0766 2.57028
5.72717 0 0.0848228 19.6469 16.8439 2.80301
5.73715 0 0.086054 19.6469 16.6096 3.03735
5.74713 0 0.0872946 19.647 16.374 3.27293
5.75711 0 0.0885432 19.647 16.1376 3.50934
5.76708 0 0.0897979 19.647 15.9008 3.74619
5.77706 0 0.0910572 19.647 15.664 3.98303
5.78704 0 0.0923192 19.6471 15.4276 4.21943
5.79702 0 0.0935823 19.6471 15.1922 4.45492
5.80699 0 0.0948447 19.6471 14.9581 4.68903
5.81697 0 0.0961048 19.6472 14.7259 4.92128
5.82695 0 0.0973609 19.6472 14.496 5.15116
5.83693 0 0.0986113 19.6472 14.269 5.37818
5.8469 0 0.0998544 19.6472 14.0454 5.60183
5.85688 0 0.101088 19.6473 13.8257 5.82159
5.86686 0 0.102312 19.6473 13.6103 6.03696
5.87684 0 0.103523 19.6473 13.3999 6.2474
5.88682 0 0.104721 19.6474 13.1949 6.45242
5.89679 0 0.105903 19.6474 12.9959 6.65151
5.90677 0 0.107069 19.6474 12.8033 6.84415
5.91675 0 0.108216 19.6442 12.6133 7.03086
5.92673 0 0.109344 19.6442 12.4263 7.2179
5.9367 0 0.110451 19.6442 12.2468 7.39744
5.94668 0 0.111536 19.6442 12.0752 7.56907
5.95666 0 0.112598 19.6443 11.9119 7.73237
5.96664 0 0.113635 19.6443 11.7573 7.88697
5.97661 0 0.114646 19.6443 11.6118 8.03251
5.98659 0 0.115631 19.6443 11.4757 8.16866
5.99657 0 0.116588 19.6443 11.3492 8.2951
6.00655 0 0.117517 19.6444 11.2328 8.41155
6.01653 0 0.118416 19.6444 11.1266 8.51776
6.0265 0 0.119286 19.6444 11.0309 8.61351
6.03648 0 0.120125 19.6444 10.9458 8.6986
6.04646 0 0.120932 19.6444 10.8715 8.77286
6.05644 0 0.121708 19.6444 10.8082 8.83618
6.06641 0 0.122452 19.6444 10.756 8.88844
6.07639 0 0.123163 19.6444 10.7148 8.9296
6.08637 0 0.123842 19.6444 10.6848 8.95961
6.09635 0 0.124488 19.6444 10.6659 8.97849
6.10632 0 0.125102 19.643 10.6563 8.98664
6.1163 0 0.125682 19.643 10.6559 8.98706
6.12628 0 0.12623 19.643 10.6663 8.9767
6.13626 0 0.126746 19.6429 10.6873 8.95566
6.14623 0 0.127229 19.6429 10.7188 8.92413
6.15621 0 0.127681 19.6429 10.7606 8.8823
6.16619 0 0.128101 19.6429 10.8125 8.83039
6.17617 0 0.128491 19.6429 10.8742 8.76866
6.18615 0 0.12885 19.6429 10.9454 8.69742
6.19612 0 0.12918 19.6428 11.0259 8.61698
6.2061 0 0.129481 19.6428 11.1151 8.5277
6.21608 0 0.129754 19.6428 11.2128 8.42997
6.22606 0 0.13 19.6428 11.3186 8.32418
6.23603 0 0.130219 19.6427 11.4319 8.21078
6.24601 0 0.130414 19.6427 11.5525 8.09023
6.25599 0 0.130584 19.6427 11.6797 7.96301
6.26597 0 0.130731 19.6426 11.813 7.82961
6.27594 0 0.130856 19.6426 11.952 7.69055
6.28592 0 0.130961 19.6426 12.0962 7.54637
6.2959 0 0.131046 19.6425 12.2449 7.39761
6.30588 0 0.131112 19.6425 12.3977 7.24481
6.31585 0 0.131162 19.6425 12.5539 7.08855
6.32583 0 0.131196 19.6424 12.713 6.92939
6.33581 0 0.131215 19.6424 12.8745 6.76789
6.34579 0 0.131222 19.6424 13.0377 6.60461
6.35577 0 0.131216 19.6423 13.2022 6.44012
6.36574 0 0.1312 19.6423 13.3673 6.27498
6.37572 0 0.131175 19.6423 13.5325 6.10972
6.3857 0 0.131143 19.6422 13.6973 5.94488
6.39568 0 0.131104 19.6422 13.8612 5.78099
6.40565 0 0.13106 19.6422 14.0236 5.61855
6.41563 0 0.131012 19.6421 14.1841 5.45804
6.42561 0 0.130961 19.6421 14.3422 5.29993
6.43559 0 0.13091 19.6421 14.4974 5.14467
6.44556 0 0.130858 19.6421 14.6494 4.99267
6.45554 0 0.130807 19.642 14.7977 4.84434
6.46552 0 0.130759 19.642 14.942 4.70004
6.4755 0 0.130714 19.642 15.0819 4.56012
6.48547 0 0.130674 19.642 15.2171 4.42489
6.49545 0 0.130639 19.642 15.3473 4.29463
6.50543 0 0.130611 19.642 15.4723 4.16961
6.51541 0 0.13059 19.6419 15.5919 4.05004
6.52539 0 0.130578 19.6419 15.7058 3.93613
6.53536 0 0.130574 19.6419 15.8139 3.82804
6.54534 0 0.130581 19.6419 15.916 3.72589
6.55532 0 0.130599 19.6419 16.0121 3.6298
6.5653 0 0.130628 19.6419 16.1021 3.53984
6.57527 0 0.130669 19.6419 16.1859 3.45604
6.58525 0 0.130723 19.6419 16.2635 3.37843
6.59523 0 0.13079 19.6419 16.335 3.30697
6.60521 0 0.130871 19.6419 16.4003 3.24163
6.61518 0 0.130966 19.642 16.4596 3.18234
6.62516 0 0.131075 19.642 16.513 3.12899
6.63514 0 0.131199 19.642 16.5605 3.08144
6.64512 0 0.131339 19.642 16.6024 3.03956
6.65509 0 0.131493 19.642 16.6389 3.00315
6.66507 0 0.131664 19.642 16.67 2.97202
6.67505 0 0.13185 19.642 16.6961 2.94595
6.68503 0 0.132052 19.6421 16.7174 2.92468
6.69501 0 0.132269 19.6421 16.7341 2.90794
6.70498 0 0.132503 19.6421 16.7466 2.89546
6.71496 0 0.132752 19.6421 16.7552 2.88694
6.72494 0 0.133018 19.6422 16.7601 2.88204
6.73492 0 0.133299 19.6422 16.7617 2.88044
6.74489 0 0.133595 19.6422 16.7604 2.8818
6.75487 0 0.133908 19.644 16.7533 2.89066
6.76485 0 0.134235 19.644 16.7411 2.90294
6.77483 0 0.134578 19.6553 16.7107 2.94457
6.7848 0 0.134936 19.6553 16.6638 2.99151
6.79478 0 0.135308 19.6553 16.618 3.03733
6.80476 0 0.135695 19.6553 16.5651 3.09017
6.81474 0 0.136095 19.6553 16.5049 3.15047
6.82472 0 0.136508 19.6554 16.4457 3.20963
6.83469 0 0.136934 19.6554 16.3881 3.26729
6.84467 0 0.137372 19.6554 16.3323 3.32309
6.85465 0 0.137822 19.6554 16.2787 3.3767
6.86463 0 0.138284 19.6555 16.2277 3.42779
6.8746 0 0.138757 19.6555 16.1794 3.47603
6.88458 0 0.13924 19.6555 16.1344 3.52112
6.89456 0 0.139734 19.6555 16.0927 3.56278
6.90454 0 0.140238 19.6555 16.0548 3.60074
6.91451 0 0.140751 19.6555 16.0208 3.63476
6.92449 0 0.141274 19.6556 15.991 3.6646
6.93447 0 0.141806 19.6556 15.9655 3.69007
6.94445 0 0.142347 19.6556 15.9446 3.71099
6.95442 0 0.142897 19.6556 15.9284 3.72719
6.9644 0 0.143455 19.6556 15.9171 3.73855
6.97438 0 0.144022 19.6556 15.9106 3.74497
6.98436 0 0.144598 19.6556 15.9093 3.74635
6.99434 0 0.145182 19.6556 15.913 3.74266
7.00431 0 0.145774 19.6556 15.9218 3.73385
7.01429 0 0.146375 19.6556 15.9357 3.71992
7.02427 0 0.146984 19.6556 15.9547 3.70088
7.03425 0 0.147602 19.6556 15.9788 3.67679
7.04422 0 0.148229 19.6556 16.0079 3.6477
7.0542 0 0.148865 19.6556 16.0419 3.6137
7.06418 0 0.14951 19.6556 16.0807 3.57489
7.07416 0 0.150164 19.6556 16.1242 3.5314
7.08413 0 0.150829 19.6644 16.1623 3.50208
7.09411 0 0.151504 19.6644 16.1953 3.46911
7.10409 0 0.152188 19.6644 16.2332 3.43115
7.11407 0 0.152884 19.6644 16.2759 3.38844
7.12404 0 0.153591 19.6643 16.3231 3.3412
7.13402 0 0.154309 19.6643 16.3746 3.28969
7.144 0 0.155039 19.6643 16.4302 3.23415
7.15398 0 0.155782 19.6643 16.4895 3.17484
7.16396 0 0.156537 19.6643 16.5523 3.11202
7.17393 0 0.157305 19.6643 16.6183 3.04593
7.18391 0 0.158088 19.6643 16.6874 2.97685
7.19389 0 0.158884 19.6642 16.7592 2.90501
7.20387 0 0.159696 19.6642 16.8336 2.83066
7.21384 0 0.160522 19.6642 16.9101 2.75406
7.22382 0 0.161365 19.6642 16.9887 2.67545
7.2338 0 0.162225 19.6642 17.0691 2.59505
7.24378 0 0.163101 19.6642 17.1511 2.51309
7.25375 0 0.163995 19.6642 17.2344 2.42979
7.26373 0 0.164908 19.6641 17.3188 2.34535
7.27371 0 0.165839 19.6641 17.4042 2.25998
7.28369 0 0.16679 19.6641 17.4903 2.17386
7.29366 0 0.167761 19.6641 17.5769 2.08717
7.30364 0 0.168753 19.6641 17.664 2.00007
7.31362 0 0.169766 19.6641 17.7514 1.91273
7.3236 0 0.170802 19.6641 17.8388 1.82528
7.33358 0 0.171859 19.6641 17.9262 1.73786
7.34355 0 0.17294 19.5465 17.8955 1.65098
7.35353 0 0.174045 19.5465 17.7458 1.80068
7.36351 0 0.175171 19.5465 17.5946 1.95187
7.37349 0 0.17632 19.5465 17.4421 2.10438
7.38346 0 0.177489 19.5465 17.2884 2.25805
7.39344 0 0.178677 19.5465 17.1338 2.41266
7.40342 0 0.179884 19.5465 16.9785 2.56802
7.4134 0 0.181109 19.5465 16.8226 2.72388
7.42337 0 0.18235 19.5465 16.6665 2.88001
7.43335 0 0.183606 19.5466 16.5104 3.03615
7.44333 0 0.184877 19.5466 16.3545 3.19203
7.45331 0 0.186161 19.5466 16.1992 3.34735
7.46328 0 0.187458 19.5466 16.0448 3.50181
7.47326 0 0.188765 19.5466 15.8915 3.6551
7.48324 0 0.190083 19.5466 15.7398 3.80687
7.49322 0 0.19141 19.5467 15.5899 3.95678
7.5032 0 0.192745 19.5467 15.4422 4.10446
7.51317 0 0.194086 19.5467 15.2971 4.24956
7.52315 0 0.195434 19.5467 15.155 4.39168
7.53313 0 0.196787 19.5468 15.0163 4.53045
7.54311 0 0.198143 19.5468 14.8813 4.66545
7.55308 0 0.199503 19.5468 14.7505 4.79628
7.56306 0 0.200865 19.5468 14.6243 4.92255
7.57304 0 0.202227 19.5312 14.4706 5.06061
7.58302 0 0.20359 19.5312 14.2894 5.24178
7.59299 0 0.204952 19.5312 14.1134 5.41784
7.60297 0 0.20631 19.5313 13.943 5.58829
7.61295 0 0.207666 19.5313 13.7787 5.75264
7.62293 0 0.209016 19.5313 13.6209 5.91041
7.6329 0 0.21036 19.5314 13.4702 6.06113
7.64288 0 0.211697 19.5314 13.327 6.20435
7.65286 0 0.213025 19.5314 13.1918 6.33962
7.66284 0 0.214344 19.53 13.0623 6.4677
7.67282 0 0.215653 19.5196 12.9185 6.60109
7.68279 0 0.216951 19.5196 12.7624 6.75721
7.69277 0 0.218237 19.5196 12.6137 6.90594
7.70275 0 0.219509 19.5196 12.4726 7.047
7.71273 0 0.220768 19.5196 12.3395 7.18016
7.7227 0 0.222011 19.5196 12.2144 7.30522
7.73268 0 0.223239 19.5196 12.0976 7.422
7.74266 0 0.22445 19.5196 11.9893 7.53036
7.75264 0 0.225644 19.5196 11.8894 7.63022
7.76261 0 0.22682 19.5196 11.7981 7.72151
7.77259 0 0.227978 19.5196 11.7154 7.8042
7.78257 0 0.229117 19.5196 11.6413 7.87831
7.79255 0 0.230236 19.5196 11.5757 7.94389
7.80253 0 0.231337 19.5196 11.5186 8.00103
7.8125 0 0.232417 19.5196 11.4698 8.04984
7.82248 0 0.233477 19.5196 11.4291 8.0905
7.83246 0 0.234517 19.5196 11.3964 8.12319
7.84244 0 0.235537 19.5196 11.3714 8.14813
7.85241 0 0.236537 19.5195 11.354 8.16558
7.86239 0 0.237516 19.5195 11.3437 8.17581
7.87237 0 0.238475 19.5195 11.3404 8.17912
7.88235 0 0.239414 19.5195 11.3436 8.17584
7.89232 0 0.240333 19.5195 11.3532 8.16631
7.9023 0 0.241233 19.5194 11.3686 8.15088
7.91228 0 0.242113 19.5194 11.3895 8.12992
7.92226 0 0.242974 19.5194 11.4156 8.10381
7.93223 0 0.243816 19.5149 11.4319 8.08299
7.94221 0 0.24464 19.5148 11.4373 8.0775
7.95219 0 0.245446 19.5148 11.4454 8.06942
7.96217 0 0.246234 19.5148 11.4556 8.05921
7.97215 0 0.247005 19.5148 11.4675 8.04729
7.98212 0 0.247758 19.5147 11.4807 8.03407
7.9921 0 0.248494 19.5147 11.4947 8.01998
8.00208 0 0.249214 19.5147 11.5093 8.0054
8.01206 0 0.249918 19.5147 11.5239 7.99071
8.02203 0 0.250605 19.5146 11.5384 7.97626
8.03201 0 0.251277 19.5146 11.5522 7.96239
8.04199 0 0.251933 19.5146 11.5652 7.94941
8.05197 0 0.252575 19.5146 11.577 7.9376
8.06194 0 0.253201 19.5146 11.5873 7.92722
8.07192 0 0.253813 19.5146 11.5961 7.9185
8.0819 0 0.254411 19.5145 11.6029 7.91164
8.09188 0 0.254995 19.5145 11.6077 7.90681
8.10185 0 0.255565 19.5145 11.6104 7.90416
8.11183 0 0.256121 19.5145 11.6107 7.90381
8.12181 0 0.256663 19.5145 11.6087 7.90582
8.13179 0 0.257192 19.5145 11.6043 7.91026
8.14177 0 0.257707 19.5145 11.5974 7.91716
8.15174 0 0.258209 19.5145 11.588 7.92649
8.16172 0 0.258698 19.5145 11.5763 7.93824
8.1717 0 0.259174 19.5145 11.5622 7.95234
8.18168 0 0.259636 19.5069 11.5178 7.98908
8.19165 0 0.260085 19.5069 11.4445 8.0624
8.20163 0 0.26052 19.5069 11.3711 8.13577
8.21161 0 0.260941 19.5069 11.2979 8.20897
8.22159 0 0.261347 19.5069 11.2251 8.28178
8.23156 0 0.261737 19.5069 11.153 8.35399
8.24154 0 0.262112 19.507 11.0816 8.42534
8.25152 0 0.262472 19.507 11.0113 8.49563
8.2615 0 0.262814 19.507 10.9424 8.56462
8.27147 0 0.26314 19.507 10.8749 8.63208
8.28145 0 0.263448 19.507 10.8092 8.69779
8.29143 0 0.263739 19.507 10.7455 8.76154
8.30141 0 0.264011 19.507 10.6839 8.82312
8.31139 0 0.264265 19.5071 10.6247 8.88232
8.32136 0 0.264499 19.5071 10.5681 8.93896
8.33134 0 0.264715 19.5071 10.5142 8.99286
8.34132 0 0.26491 19.5071 10.4632 9.04386
8.3513 0 0.265085 19.5071 10.4153 9.09178
8.36127 0 0.26524 19.5071 10.3706 9.1365
8.37125 0 0.265374 19.5071 10.3292 9.17788
8.38123 0 0.265487 19.5071 10.2913 9.21579
8.39121 0 0.265579 19.5071 10.257 9.25013
8.40118 0 0.265648 19.5071 10.2263 9.28081
8.41116 0 0.265696 19.5071 10.1994 9.30773
8.42114 0 0.265722 19.5072 10.1763 9.33081
8.43112 0 0.265726 19.5072 10.1572 9.35
8.44109 0 0.265707 19.5072 10.1419 9.36521
8.45107 0 0.265665 19.5072 10.1307 9.37641
8.46105 0 0.2656 19.5072 10.1236 9.38355
8.47103 0 0.265513 19.5072 10.1206 9.38657
8.48101 0 0.265403 19.5072 10.1217 9.38543
8.49098 0 0.265269 19.5072 10.1271 9.3801
8.50096 0 0.265113 19.5072 10.1367 9.37052
8.51094 0 0.264933 19.5072 10.1505 9.35668
8.52092 0 0.264731 19.5072 10.1687 9.33851
8.53089 0 0.264505 19.5072 10.1912 9.31598
8.54087 0 0.264257 19.5072 10.2182 9.28904
8.55085 0 0.263986 19.5072 10.2496 9.25765
8.56083 0 0.263692 19.5072 10.2855 9.22174
8.5708 0 0.263376 19.5072 10.3259 9.18126
8.58078 0 0.263037 19.5072 10.3711 9.13616
8.59076 0 0.262677 19.5072 10.4209 9.08636
8.60074 0 0.262294 19.5072 10.4754 9.03181
8.61072 0 0.26189 19.5072 10.5348 8.97242
8.62069 0 0.261465 19.5072 10.5991 8.90814
8.63067 0 0.261019 19.5072 10.6683 8.8389
8.64065 0 0.260553 19.4969 10.7196 8.77728
8.65063 0 0.260066 19.4969 10.7543 8.7426
8.6606 0 0.259559 19.4969 10.7966 8.70028
8.67058 0 0.259033 19.4969 10.8467 8.6502
8.68056 0 0.258487 19.4969 10.9046 8.59227
8.69054 0 0.257922 19.4969 10.9705 8.52639
8.70051 0 0.257338 19.5259 10.9498 8.5761
8.71049 0 0.256735 19.526 10.8442 8.68173
8.72047 0 0.256113 19.526 10.7495 8.77651
8.73045 0 0.25547 19.526 10.6658 8.86018
8.74042 0 0.254806 19.526 10.5935 8.93254
8.7504 0 0.25412 19.526 10.5326 8.99344
8.76038 0 0.253413 19.526 10.4833 9.04273
8.77036 0 0.252683 19.526 10.4457 9.08033
8.78034 0 0.25193 19.526 10.4198 9.10619
8.79031 0 0.251154 19.526 10.4057 9.12028
8.80029 0 0.250356 19.526 10.4034 9.12264
8.81027 0 0.249534 19.526 10.4127 9.11332
8.82025 0 0.248689 19.526 10.4336 9.09241
8.83022 0 0.247822 19.526 10.4659 9.06004
8.8402 0 0.246931 19.526 10.5096 9.01637
8.85018 0 0.246018 19.526 10.5644 8.9616
8.86016 0 0.245083 19.5259 10.63 8.89594
8.87013 0 0.244126 19.5259 10.7063 8.81965
8.88011 0 0.243148 19.5259 10.7929 8.733
8.89009 0 0.242149 19.5259 10.8896 8.63628
8.90007 0 0.24113 19.5259 10.996 8.52982
8.91004 0 0.240091 19.5258 11.1119 8.41396
8.92002 0 0.239034 19.5258 11.2368 8.28904
8.93 0 0.237958 19.5294 11.3636 8.16581
8.93998 0 0.236866 19.5294 11.4918 8.03762
8.94996 0 0.235757 19.5294 11.6274 7.902
8.95993 0 0.234633 19.5293 11.77 7.75936
8.96991 0 0.233494 19.5293 11.9192 7.61012
8.97989 0 0.232341 19.5293 12.0746 7.45472
8.98987 0 0.231177 19.5293 12.2357 7.29359
8.99984 0 0.23 19.5292 12.4021 7.12716
9.00982 0 0.228813 19.549 12.421 7.12798
9.0198 0 0.227616 19.549 12.291 7.25794
9.02978 0 0.226408 19.549 12.164 7.38495
9.03975 0 0.225187 19.549 12.0402 7.50877
9.04973 0 0.223953 19.549 11.9199 7.62913
9.05971 0 0.222704 19.549 11.8033 7.74577
9.06969 0 0.221441 19.549 11.6906 7.85842
9.07966 0 0.220162 19.5491 11.5823 7.96679
9.08964 0 0.218866 19.5491 11.4785 8.07058
9.09962 0 0.217553 19.5491 11.3796 8.16949
9.1096 0 0.216221 19.5491 11.2859 8.26319
9.11958 0 0.21487 19.5491 11.1977 8.35139
9.12955 0 0.213499 19.5491 11.1154 8.43374
9.13953 0 0.212108 19.5436 11.0331 8.51055
9.14951 0 0.210696 19.5436 10.951 8.59259
9.15949 0 0.209261 19.5436 10.8759 8.66774
9.16946 0 0.207804 19.5437 10.8079 8.73574
9.17944 0 0.206324 19.5437 10.7473 8.79634
9.18942 0 0.204821 19.5437 10.6944 8.84928
9.1994 0 0.203293 19.5437 10.6494 8.89432
9.20937 0 0.201741 19.5437 10.6125 8.93123
9.21935 0 0.200163 19.5437 10.5839 8.95979
9.22933 0 0.198561 19.5437 10.5639 8.9798
9.23931 0 0.196933 19.5438 10.5527 8.99107
9.24928 0 0.195279 19.5438 10.5503 8.99344
9.25926 0 0.193599 19.5438 10.557 8.98677
9.26924 0 0.191893 19.5438 10.5728 8.97094
9.27922 0 0.190161 19.5438 10.5979 8.94585
9.2892 0 0.188403 19.5438 10.6323 8.91146
9.29917 0 0.18662 19.5438 10.6761 8.86772
9.30915 0 0.18481 19.5438 10.7291 8.81465
9.31913 0 0.182976 19.5438 10.7915 8.75227
9.32911 0 0.181116 19.5438 10.8631 8.68066
9.33908 0 0.179232 19.5438 10.9438 8.59991
9.34906 0 0.177323 19.5437 11.0336 8.51016
9.35904 0 0.175391 19.5437 11.1321 8.41158
9.36902 0 0.173436 19.5437 11.2393 8.30438
9.37899 0 0.171458 19.5437 11.3549 8.18879
9.38897 0 0.169459 19.5437 11.4786 8.06507
9.39895 0 0.167439 19.5437 11.6101 7.93352
9.40893 0 0.165399 19.5436 11.7492 7.79446
9.4189 0 0.16334 19.5436 11.8954 7.64824
9.42888 0 0.161262 19.5436 12.0484 7.49523
9.43886 0 0.159168 19.5436 12.2078 7.33582
9.44884 0 0.157057 19.5435 12.3731 7.17041
9.45882 0 0.154931 19.5435 12.5441 6.99942
9.46879 0 0.152791 19.5435 12.7202 6.82329
9.47877 0 0.150639 19.5435 12.901 6.64245
9.48875 0 0.148475 19.5434 13.0861 6.45736
9.49873 0 0.146301 19.5434 13.275 6.26845
9.5087 0 0.144118 19.5434 13.4672 6.07618
9.51868 0 0.141927 19.5434 13.6624 5.88099
9.52866 0 0.13973 19.5433 13.86 5.68332
9.53864 0 0.137528 19.5433 14.0597 5.4836
9.54861 0 0.135321 19.5433 14.261 5.28225
9.55859 0 0.133113 19.5433 14.4636 5.07968
9.56857 0 0.130903 19.5432 14.667 4.87627
9.57855 0 0.128694 19.5432 14.8708 4.67241
9.58853 0 0.126486 19.5432 15.0748 4.46845
9.5985 0 0.124281 19.5432 15.2784 4.26474
9.60848 0 0.122081 19.5432 15.4816 4.0616
9.61846 0 0.119886 19.5432 15.6838 3.85932
9.62844 0 0.117698 19.5431 15.885 3.65819
9.63841 0 0.115518 19.5431 16.0847 3.45847
9.64839 0 0.113348 19.5431 16.2827 3.2604
9.65837 0 0.111189 19.5431 16.4789 3.0642
9.66835 0 0.109042 19.5431 16.6731 2.87005
9.67832 0 0.106908 19.5431 16.865 2.67815
9.6883 0 0.104789 19.5431 17.0545 2.48864
9.69828 0 0.102685 19.5431 17.2414 2.30166
9.70826 0 0.100599 19.5431 17.4257 2.11734
9.71823 0 0.09853 19.5431 17.6073 1.93577
9.72821 0 0.0964807 19.5431 17.786 1.75704
9.73819 0 0.0944517 19.5431 17.9619 1.58122
9.74817 0 0.092444 19.5431 18.1347 1.40836
9.75815 0 0.0904589 19.5431 18.3046 1.2385
9.76812 0 0.0884972 19.5431 18.4714 1.07168
9.7781 0 0.0865601 19.5505 18.6255 0.924952
9.78808 0 0.0846483 19.5505 18.7675 0.78302
9.79806 0 0.0827629 19.5505 18.9074 0.643089
9.80803 0 0.0809045 19.5505 19.0453 0.50518
9.81801 0 0.0790742 19.5505 19.1812 0.369308
9.82799 0 0.0772726 19.5505 19.315 0.23548
9.83797 0 0.0755006 19.5505 19.4468 0.103697
9.84794 0 0.0737589 19.5538 19.5712 -0.0173662
9.85792 0 0.0720484 19.5538 19.6885 -0.134702
9.8679 0 0.0703696 19.5538 19.8044 -0.250533
9.87788 0 0.0687233 19.5538 19.9187 -0.364856
9.88785 0 0.0671101 19.5538 20.0315 -0.477674
9.89783 0 0.0655306 19.5538 20.1428 -0.588992
9.90781 0 0.0639857 19.5539 20.2527 -0.698816
9.91779 0 0.0624758 19.5539 20.361 -0.807157
9.92777 0 0.0610016 19.5539 20.4679 -0.914026
9.93774 0 0.0595637 19.5539 20.5733 -1.01943
9.94772 0 0.0581627 19.5539 20.6773 -1.1234
9.9577 0 0.0567993 19.5539 20.7798 -1.22592
9.96768 0 0.0554739 19.5539 20.8809 -1.32703
9.97765 0 0.0541872 19.5539 20.9806 -1.42674
