0.00997765 0 3.91425e-05 25.7124 31.3964 -5.68404
0.0199553 0 0.000156485 25.7124 31.3602 -5.64786
0.029933 0 0.000351884 25.7123 31.3201 -5.60772
0.0399106 0 0.000625177 25.7123 31.2757 -5.5634
0.0498883 0 0.00097618 25.7123 31.227 -5.51471
0.0598659 0 0.00140469 25.7123 31.1737 -5.46143
0.0698436 0 0.00191046 25.7123 31.1156 -5.40333
0.0798212 0 0.00249325 25.7123 31.0524 -5.34018
0.0897989 0 0.00315276 25.7122 30.984 -5.27173
0.0997765 0 0.00388869 25.7122 30.9099 -5.19774
0.109754 0 0.00470068 25.7122 30.8301 -5.11794
0.119732 0 0.00558836 25.7122 30.7442 -5.03206
0.129709 0 0.00655132 25.7121 30.652 -4.93982
0.139687 0 0.0075891 25.7121 30.553 -4.84093
0.149665 0 0.00870121 25.7121 30.4472 -4.7351
0.159642 0 0.00988714 25.7121 30.3341 -4.62202
0.16962 0 0.0111463 25.712 30.2134 -4.50137
0.179598 0 0.0124781 25.712 30.0848 -4.37283
0.189575 0 0.0138818 25.712 29.948 -4.23607
0.199553 0 0.0153567 25.7119 29.8027 -4.09074
0.209531 0 0.0169022 25.7119 29.6484 -3.93651
0.219508 0 0.0185172 25.7119 29.4849 -3.77301
0.229486 0 0.020201 25.7118 29.3117 -3.59989
0.239464 0 0.0219526 25.7118 29.1286 -3.41679
0.249441 0 0.023771 25.7118 28.9351 -3.22334
0.259419 0 0.0256551 25.7117 28.7309 -3.01917
0.269397 0 0.0276038 25.7117 28.5156 -2.80392
0.279374 0 0.0296158 25.7117 28.2889 -2.57722
0.289352 0 0.0316898 25.7116 28.0503 -2.33871
0.29933 0 0.0338244 25.7116 27.7996 -2.08803
0.309307 0 0.0360183 25.7116 27.5364 -1.82483
0.319285 0 0.0382698 25.7115 27.2603 -1.54877
0.329263 0 0.0405772 25.7115 26.971 -1.25953
0.33924 0 0.0429389 25.7115 26.6683 -0.956802
0.349218 0 0.045353 25.7114 26.3517 -0.640296
0.359196 0 0.0478176 25.7114 26.0211 -0.309754
0.369173 0 0.0503306 25.7114 25.6763 0.0350592
0.379151 0 0.0528898 25.7113 25.317 0.394341
0.389128 0 0.0554932 25.7113 24.9431 0.768252
0.399106 0 0.0581381 25.7113 24.5544 1.15691
0.409084 0 0.0608223 25.7113 24.1509 1.56038
0.419061 0 0.0635431 25.7113 23.7326 1.97867
0.429039 0 0.0662978 25.7112 23.2995 2.41174
0.439017 0 0.0690835 25.7112 22.8518 2.85947
0.448994 0 0.0718974 25.7112 22.3896 3.32166
0.458972 0 0.0747364 25.7112 21.9132 3.79805
0.46895 0 0.0775973 25.7113 21.423 4.28827
0.478927 0 0.0804768 25.7113 20.9194 4.79188
0.488905 0 0.0833715 25.7113 20.403 5.30831
0.498883 0 0.0862779 25.7113 19.8744 5.83691
0.50886 0 0.0891925 25.7114 19.3345 6.37691
0.518838 0 0.0921114 25.7114 18.784 6.92741
0.528816 0 0.0950308 25.7115 18.2241 7.48741
0.538793 0 0.097947 25.7115 17.6558 8.05577
0.548771 0 0.100856 25.7116 17.0804 8.63121
0.558749 0 0.103753 25.7117 16.4993 9.21236
0.568726 0 0.106635 25.7118 15.9141 9.79767
0.578704 0 0.109498 25.7119 15.3264 10.3855
0.588682 0 0.112336 25.712 14.7379 10.9741
0.598659 0 0.115146 25.7121 14.1506 11.5615
0.608637 0 0.117924 25.7122 13.5665 12.1457
0.618615 0 0.120666 25.7123 12.9878 12.7246
0.628592 0 0.123367 25.7125 12.4165 13.2959
0.63857 0 0.126022 25.7126 11.8551 13.8575
0.648547 0 0.128629 25.7128 11.3059 14.4068
0.658525 0 0.131183 25.7129 10.7713 14.9416
0.668503 0 0.133679 25.7131 10.2538 15.4593
0.67848 0 0.136115 25.7132 9.75575 15.9575
0.688458 0 0.138487 25.7134 9.27967 16.4337
0.698436 0 0.14079 25.7135 8.82795 16.8856
0.708413 0 0.143022 25.7136 8.40293 17.3107
0.718391 0 0.145179 25.7138 8.00687 17.7069
0.728369 0 0.147259 25.7139 7.64192 18.072
0.738346 0 0.149258 25.714 7.31007 18.4039
0.748324 0 0.151175 25.7141 7.01319 18.7009
0.758302 0 0.153008 25.7142 6.75293 18.9613
0.768279 0 0.154753 25.7325 6.51042 19.2221
0.778257 0 0.156411 25.7326 6.28492 19.4477
0.788235 0 0.157978 25.7326 6.09668 19.636
0.798212 0 0.159454 25.7327 5.94646 19.7862
0.80819 0 0.160837 25.7327 5.83478 19.8979
0.818168 0 0.162128 25.7327 5.76192 19.9708
0.828145 0 0.163325 25.7332 5.72466 20.0085
0.838123 0 0.164429 25.7331 5.72247 20.0107
0.848101 0 0.16544 25.7331 5.75807 19.975
0.858078 0 0.166358 25.733 5.83079 19.9022
0.868056 0 0.167185 25.733 5.93972 19.7932
0.878034 0 0.16792 25.7329 6.08374 19.6491
0.888011 0 0.168566 25.7328 6.26157 19.4712
0.897989 0 0.169125 25.7327 6.4717 19.261
0.907966 0 0.169597 25.7326 6.71253 19.02
0.917944 0 0.169985 25.7325 6.98227 18.7502
0.927922 0 0.170292 25.7323 7.27906 18.4533
0.937899 0 0.170519 25.7322 7.60093 18.1313
0.947877 0 0.170669 25.7321 7.94585 17.7862
0.957855 0 0.170746 25.732 8.31175 17.4202
0.967832 0 0.170752 25.7318 8.69653 17.0353
0.97781 0 0.17069 25.7317 9.09808 16.6336
0.987788 0 0.170564 25.7316 9.51434 16.2173
0.997765 0 0.170376 25.7315 9.94324 15.7882
1.00774 0 0.170131 25.7314 10.3828 15.3486
1.01772 0 0.169831 25.7312 10.831 14.9002
1.0277 0 0.169479 25.7311 11.2861 14.445
1.03768 0 0.16908 25.7311 11.7463 13.9847
1.04765 0 0.168637 25.731 12.2099 13.5211
1.05763 0 0.168153 25.7309 12.6752 13.0557
1.06761 0 0.167632 25.7308 13.1409 12.5899
1.07759 0 0.167077 25.7307 13.6055 12.1252
1.08756 0 0.166491 25.7307 14.0678 11.6629
1.09754 0 0.165879 25.7306 14.5267 11.204
1.10752 0 0.165242 25.7306 14.981 10.7496
1.1175 0 0.164586 25.7264 15.4247 10.3017
1.12747 0 0.163912 25.7263 15.8562 9.87011
1.13745 0 0.163223 25.7263 16.2797 9.4466
1.14743 0 0.162524 25.7263 16.6944 9.03188
1.15741 0 0.161816 25.7263 17.0997 8.62654
1.16739 0 0.161102 25.7263 17.4952 8.23107
1.17736 0 0.160386 25.7263 17.8804 7.84591
1.18734 0 0.159669 25.7263 18.2549 7.47139
1.19732 0 0.158954 25.7263 18.6184 7.10781
1.2073 0 0.158245 25.7263 18.9709 6.75537
1.21727 0 0.157542 25.7263 19.312 6.41424
1.22725 0 0.156849 25.7263 19.6418 6.08452
1.23723 0 0.156167 25.7263 19.96 5.76626
1.24721 0 0.155498 25.7263 20.2668 5.4595
1.25718 0 0.154846 25.76 20.5254 5.23457
1.26716 0 0.15421 25.76 20.7352 5.02482
1.27714 0 0.153592 25.76 20.9327 4.82736
1.28712 0 0.152995 25.7601 21.1181 4.64196
1.29709 0 0.152418 25.7601 21.2917 4.46837
1.30707 0 0.151863 25.7601 21.4538 4.30633
1.31705 0 0.151332 25.7601 21.6046 4.15556
1.32703 0 0.150824 25.7602 21.7444 4.01577
1.33701 0 0.150341 25.7602 21.8735 3.88668
1.34698 0 0.149884 25.7602 21.9922 3.76798
1.35696 0 0.149453 25.7602 22.1009 3.65939
1.36694 0 0.149049 25.7603 22.1997 3.56061
1.37692 0 0.148673 25.7603 22.289 3.47132
1.38689 0 0.148325 25.7603 22.3691 3.39125
1.39687 0 0.148005 25.7552 22.4349 3.32023
1.40685 0 0.147714 25.7552 22.4869 3.26826
1.41683 0 0.147453 25.7552 22.5308 3.22444
1.4268 0 0.147221 25.7552 22.5668 3.18848
1.43678 0 0.147018 25.7553 22.5952 3.16008
1.44676 0 0.146846 25.7553 22.6163 3.13898
1.45674 0 0.146703 25.7553 22.6304 3.12489
1.46672 0 0.14659 25.7553 22.6378 3.11754
1.47669 0 0.146507 25.7553 22.6387 3.11666
1.48667 0 0.146454 25.7554 22.6334 3.122
1.49665 0 0.14643 25.7554 22.6221 3.13329
1.50663 0 0.146437 25.7554 22.6051 3.15028
1.5166 0 0.146472 25.7554 22.5827 3.17272
1.52658 0 0.146537 25.7554 22.5551 3.20035
1.53656 0 0.146631 25.7554 22.5225 3.23292
1.54654 0 0.146754 25.7555 22.4853 3.27019
1.55651 0 0.146905 25.7555 22.4436 3.31191
1.56649 0 0.147084 25.7555 22.3977 3.35782
1.57647 0 0.147291 25.7555 22.3478 3.40768
1.58645 0 0.147525 25.7555 22.2943 3.46122
1.59642 0 0.147786 25.7561 22.2319 3.52425
1.6064 0 0.148074 25.7562 22.1616 3.59457
1.61638 0 0.148388 25.7562 22.0898 3.66639
1.62636 0 0.148727 25.7562 22.0167 3.73952
1.63634 0 0.149091 25.7562 21.9424 3.81378
1.64631 0 0.14948 25.7562 21.8672 3.88895
1.65629 0 0.149892 25.7562 21.7914 3.96482
1.66627 0 0.150328 25.7562 21.715 4.04118
1.67625 0 0.150787 25.7523 21.6332 4.11915
1.68622 0 0.151267 25.7523 21.5453 4.20706
1.6962 0 0.15177 25.7524 21.4561 4.29628
1.70618 0 0.152293 25.7524 21.3657 4.38661
1.71616 0 0.152837 25.7524 21.2745 4.47787
1.72613 0 0.153401 25.7362 21.1663 4.56991
1.73611 0 0.153983 25.7362 21.0416 4.69468
1.74609 0 0.154584 25.7362 20.9167 4.81958
1.75607 0 0.155202 25.7363 20.7918 4.94448
1.76604 0 0.155837 25.7363 20.667 5.06924
1.77602 0 0.156487 25.7363 20.5425 5.19372
1.786 0 0.157153 25.7363 20.4185 5.31779
1.79598 0 0.157833 25.7167 20.2591 5.45763
1.80596 0 0.158526 25.7167 20.0647 5.65204
1.81593 0 0.159231 25.7167 19.8719 5.84484
1.82591 0 0.159947 25.7168 19.6809 6.03582
1.83589 0 0.160673 25.7168 19.492 6.2248
1.84587 0 0.161407 25.7168 19.3052 6.41158
1.85584 0 0.162149 25.7168 19.1208 6.59599
1.86582 0 0.162897 25.7168 18.9389 6.77788
1.8758 0 0.163649 25.7168 18.7597 6.9571
1.88578 0 0.164406 25.7168 18.5832 7.13353
1.89575 0 0.165165 25.7168 18.4097 7.30706
1.90573 0 0.165926 25.7168 18.2392 7.47761
1.91571 0 0.166688 25.7168 18.0716 7.64512
1.92569 0 0.167449 25.7168 17.9072 7.80956
1.93566 0 0.168209 25.7168 17.7458 7.97091
1.94564 0 0.168967 25.7167 17.5876 8.1292
1.95562 0 0.169721 25.7167 17.4323 8.28445
1.9656 0 0.170471 25.7167 17.28 8.43676
1.97558 0 0.171217 25.7167 17.1305 8.5862
1.98555 0 0.171956 25.7167 16.9838 8.73292
1.99553 0 0.172688 25.7167 16.8396 8.87706
2.00551 0 0.173412 25.7167 16.6979 9.0188
2.01549 0 0.174128 25.7166 16.5583 9.15834
2.02546 0 0.174835 25.7166 16.4207 9.29591
2.03544 0 0.175532 25.7166 16.2848 9.43175
2.04542 0 0.176217 25.7166 16.1504 9.56612
2.0554 0 0.176891 25.7165 16.0172 9.69929
2.06537 0 0.177552 25.7165 15.8849 9.83156
2.07535 0 0.1782 25.7165 15.7533 9.96322
2.08533 0 0.178834 25.7164 15.6219 10.0946
2.09531 0 0.179453 25.7164 15.4906 10.2259
2.10528 0 0.180057 25.7164 15.359 10.3574
2.11526 0 0.180643 25.7164 15.2268 10.4895
2.12524 0 0.181213 25.7163 15.0939 10.6224
2.13522 0 0.181765 25.7163 14.9599 10.7564
2.1452 0 0.182297 25.7163 14.8248 10.8915
2.15517 0 0.182809 25.7163 14.6882 11.0281
2.16515 0 0.183301 25.7163 14.55 11.1662
2.17513 0 0.183771 25.7163 14.4103 11.306
2.18511 0 0.184218 25.7163 14.2689 11.4474
2.19508 0 0.184642 25.7163 14.1258 11.5905
2.20506 0 0.18504 25.7149 13.9788 11.7361
2.21504 0 0.185413 25.7149 13.8281 11.8868
2.22502 0 0.185759 25.7149 13.6765 12.0385
2.23499 0 0.186077 25.7149 13.5241 12.1909
2.24497 0 0.186365 25.715 13.3712 12.3437
2.25495 0 0.186623 25.715 13.2184 12.4966
2.26493 0 0.186849 25.715 13.0661 12.6489
2.27491 0 0.187043 25.7151 12.9148 12.8003
2.28488 0 0.187202 25.7151 12.7651 12.95
2.29486 0 0.187325 25.7151 12.6178 13.0973
2.30484 0 0.187412 25.7152 12.4737 13.2415
2.31482 0 0.187461 25.7152 12.3335 13.3818
2.32479 0 0.187471 25.7153 12.1981 13.5172
2.33477 0 0.18744 25.7154 12.0685 13.6468
2.34475 0 0.187367 25.7154 11.9457 13.7697
2.35473 0 0.187252 25.7155 11.8307 13.8848
2.3647 0 0.187092 25.6565 11.6052 14.0513
2.37468 0 0.186887 25.6566 11.2732 14.3834
2.38466 0 0.186634 25.6567 10.9568 14.6999
2.39464 0 0.18633 25.6568 10.6578 14.999
2.40461 0 0.185973 25.6569 10.378 15.2789
2.41459 0 0.185561 25.657 10.1188 15.5382
2.42457 0 0.185091 25.6571 9.88198 15.7751
2.43455 0 0.184562 25.6572 9.66886 15.9883
2.44453 0 0.183972 25.6573 9.48082 16.1764
2.4545 0 0.183319 25.6573 9.31907 16.3382
2.46448 0 0.182603 25.6574 9.1847 16.4727
2.47446 0 0.181821 25.6574 9.07862 16.5788
2.48444 0 0.180973 25.6575 9.0016 16.6559
2.49441 0 0.180059 25.6575 8.95424 16.7033
2.50439 0 0.179077 25.6575 8.93695 16.7206
2.51437 0 0.178028 25.6715 8.92838 16.7431
2.52435 0 0.176912 25.6715 8.92946 16.742
2.53432 0 0.175727 25.6715 8.962 16.7095
2.5443 0 0.174476 25.6714 9.02572 16.6457
2.55428 0 0.173158 25.6714 9.12013 16.5513
2.56426 0 0.171774 25.6713 9.24459 16.4268
2.57423 0 0.170324 25.6713 9.3983 16.273
2.58421 0 0.168811 25.6712 9.5803 16.0909
2.59419 0 0.167236 25.6711 9.7895 15.8816
2.60417 0 0.165599 25.6711 10.0247 15.6464
2.61415 0 0.163904 25.671 10.2845 15.3865
2.62412 0 0.162152 25.6709 10.5676 15.1033
2.6341 0 0.160345 25.6708 10.8724 14.7984
2.64408 0 0.158485 25.6707 11.1973 14.4733
2.65406 0 0.156575 25.6706 11.5409 14.1297
2.66403 0 0.154617 25.6705 11.9013 13.7692
2.67401 0 0.152615 25.6704 12.277 13.3934
2.68399 0 0.15057 25.6703 12.6663 13.004
2.69397 0 0.148486 25.6686 13.0647 12.6038
2.70394 0 0.146366 25.6685 13.4705 12.198
2.71392 0 0.144213 25.6684 13.8848 11.7836
2.7239 0 0.14203 25.6683 14.3061 11.3622
2.73388 0 0.139819 25.6682 14.7329 10.9353
2.74385 0 0.137584 25.6681 15.1638 10.5044
2.75383 0 0.135328 25.6681 15.5974 10.0707
2.76381 0 0.133055 25.668 16.0324 9.63559
2.77379 0 0.130766 25.6679 16.4677 9.20024
2.78377 0 0.128466 25.6679 16.9021 8.76578
2.79374 0 0.126157 25.6678 17.3345 8.33327
2.80372 0 0.123842 25.6678 17.7641 7.90368
2.8137 0 0.121525 25.6677 18.1898 7.47789
2.82368 0 0.119208 25.6677 18.611 7.05672
2.83365 0 0.116895 25.6677 19.0268 6.64091
2.84363 0 0.114587 25.6676 19.4365 6.23111
2.85361 0 0.112288 25.6676 19.8397 5.82792
2.86359 0 0.11 25.6676 20.2358 5.43184
2.87356 0 0.107727 25.6676 20.6242 5.04335
2.88354 0 0.10547 25.6676 21.0048 4.66281
2.89352 0 0.103233 25.6676 21.377 4.29057
2.9035 0 0.101017 25.6676 21.7407 3.92689
2.91347 0 0.0988252 25.6676 22.0956 3.572
2.92345 0 0.0966596 25.6676 22.4415 3.22607
2.93343 0 0.0945225 25.6676 22.7784 2.88922
2.94341 0 0.0924159 25.6676 23.1061 2.56154
2.95339 0 0.0903421 25.6676 23.4245 2.24309
2.96336 0 0.088303 25.6676 23.7338 1.93387
2.97334 0 0.0863004 25.6676 24.0338 1.63386
2.98332 0 0.0843363 25.6677 24.3246 1.34303
2.9933 0 0.0824124 25.6677 24.6064 1.0613
3.00327 0 0.0805304 25.6677 24.8791 0.78858
3.01325 0 0.078692 25.6677 25.143 0.524757
3.02323 0 0.0768988 25.6677 25.398 0.269702
3.03321 0 0.0751522 25.6677 25.6445 0.0232737
3.04318 0 0.0734537 25.6814 25.8485 -0.167097
3.05316 0 0.0718045 25.6814 26.0107 -0.329353
3.06314 0 0.0702055 25.6814 26.1663 -0.484914
3.07312 0 0.0686576 25.6814 26.3154 -0.633975
3.08309 0 0.0671617 25.6814 26.4582 -0.776732
3.09307 0 0.0657187 25.6815 26.5948 -0.913382
3.10305 0 0.0643292 25.6815 26.7256 -1.04412
3.11303 0 0.062994 25.6815 26.8506 -1.16914
3.12301 0 0.0617138 25.6815 26.9702 -1.28864
3.13298 0 0.0604893 25.6815 27.0843 -1.40281
3.14296 0 0.0593211 25.691 27.1698 -1.4788
3.15294 0 0.0582097 25.691 27.2283 -1.53733
3.16292 0 0.0571553 25.691 27.2854 -1.59439
3.17289 0 0.0561583 25.691 27.341 -1.65002
3.18287 0 0.0552189 25.691 27.3953 -1.70426
3.19285 0 0.0543375 25.691 27.4482 -1.75717
3.20283 0 0.0535142 25.691 27.4998 -1.80879
3.2128 0 0.0527495 25.691 27.5502 -1.85918
3.22278 0 0.0520436 25.691 27.5994 -1.90838
3.23276 0 0.0513967 25.691 27.6475 -1.95644
3.24274 0 0.050809 25.691 27.6944 -2.00341
3.25272 0 0.0502808 25.691 27.7404 -2.04933
3.26269 0 0.0498123 25.691 27.7853 -2.09426
3.27267 0 0.0494038 25.691 27.8293 -2.13823
3.28265 0 0.0490554 25.691 27.8723 -2.1813
3.29263 0 0.0487675 25.691 27.9145 -2.22351
3.3026 0 0.0485401 25.691 27.9559 -2.2649
3.31258 0 0.0483734 25.691 27.9966 -2.30552
3.32256 0 0.0482678 25.6911 28.0365 -2.34542
3.33254 0 0.0482233 25.6911 28.0757 -2.38462
3.34251 0 0.0482402 25.6911 28.1142 -2.42318
3.35249 0 0.0483187 25.6911 28.1522 -2.46114
3.36247 0 0.0484588 25.6883 28.1656 -2.47733
3.37245 0 0.0486608 25.6883 28.1539 -2.46564
3.38242 0 0.0489244 25.6883 28.1407 -2.4524
3.3924 0 0.0492496 25.6883 28.1259 -2.43766
3.40238 0 0.0496363 25.6883 28.1098 -2.42147
3.41236 0 0.0500843 25.6883 28.0922 -2.40388
3.42234 0 0.0505935 25.6883 28.0732 -2.38491
3.43231 0 0.0511638 25.6883 28.0529 -2.36464
3.44229 0 0.051795 25.6838 28.0251 -2.34132
3.45227 0 0.052487 25.6915 27.9799 -2.28847
3.46225 0 0.0532395 25.6915 27.924 -2.23253
3.47222 0 0.0540521 25.6915 27.8676 -2.17617
3.4822 0 0.0549245 25.6915 27.8109 -2.11939
3.49218 0 0.0558565 25.6915 27.7537 -2.06221
3.50216 0 0.0568476 25.6915 27.6961 -2.00463
3.51213 0 0.0578975 25.6918 27.6144 -1.92257
3.52211 0 0.0590057 25.6918 27.5069 -1.81513
3.53209 0 0.0601717 25.6918 27.3959 -1.70411
3.54207 0 0.0613949 25.6918 27.2812 -1.58938
3.55204 0 0.0626745 25.6918 27.1626 -1.47082
3.56202 0 0.06401 25.6918 27.0401 -1.34833
3.572 0 0.0654007 25.6917 26.9135 -1.22176
3.58198 0 0.0668457 25.6917 26.7827 -1.091
3.59196 0 0.0683445 25.6917 26.6477 -0.955929
3.60193 0 0.0698961 25.6917 26.5081 -0.816409
3.61191 0 0.0714999 25.6917 26.364 -0.672317
3.62189 0 0.073155 25.6917 26.2152 -0.523525
3.63187 0 0.0748605 25.6884 26.0582 -0.369766
3.64184 0 0.0766156 25.6884 25.8924 -0.204053
3.65182 0 0.0784192 25.6884 25.721 -0.0325829
3.6618 0 0.0802704 25.6884 25.5436 0.144795
3.67178 0 0.0821681 25.6883 25.3601 0.328231
3.68175 0 0.0841113 25.6883 25.1705 0.51787
3.69173 0 0.0860989 25.6883 24.9745 0.71385
3.70171 0 0.0881296 25.6883 24.772 0.916305
3.71169 0 0.0902023 25.6883 24.5629 1.12536
3.72166 0 0.0923158 25.6883 24.3471 1.34113
3.73164 0 0.0944686 25.6882 24.1245 1.56372
3.74162 0 0.0966596 25.6882 23.895 1.79322
3.7516 0 0.0988872 25.6882 23.6585 2.0297
3.76158 0 0.10115 25.6867 23.4128 2.27399
3.77155 0 0.103447 25.6867 23.1577 2.52902
3.78153 0 0.105775 25.6867 22.8957 2.79105
3.79151 0 0.108135 25.6867 22.6266 3.06009
3.80149 0 0.110523 25.6867 22.3506 3.33609
3.81146 0 0.112938 25.6867 22.0677 3.61899
3.82144 0 0.115379 25.6867 21.778 3.90867
3.83142 0 0.117843 25.6867 21.4817 4.20501
3.8414 0 0.120329 25.6867 21.1789 4.50783
3.85137 0 0.122835 25.6995 20.8185 4.88097
3.86135 0 0.125358 25.6995 20.4001 5.29943
3.87133 0 0.127895 25.6995 19.9737 5.72587
3.88131 0 0.130445 25.6996 19.5398 6.15974
3.89128 0 0.133004 25.6996 19.0992 6.60041
3.90126 0 0.135569 25.6996 18.6525 7.04717
3.91124 0 0.138138 25.6997 18.2004 7.49924
3.92122 0 0.140707 25.6997 17.744 7.95575
3.9312 0 0.143273 25.6998 17.284 8.41577
3.94117 0 0.145834 25.6998 16.8216 8.87825
3.95115 0 0.148386 25.6999 16.3578 9.34211
3.96113 0 0.150927 25.7 15.8938 9.80615
3.97111 0 0.153453 25.7 15.4309 10.2691
3.98108 0 0.15596 25.7001 14.9705 10.7297
3.99106 0 0.158447 25.7002 14.5138 11.1864
4.00104 0 0.16091 25.7003 14.0624 11.6379
4.01102 0 0.163345 25.7004 13.6179 12.0825
4.02099 0 0.165751 25.7005 13.1817 12.5188
4.03097 0 0.168123 25.7006 12.7555 12.9451
4.04095 0 0.17046 25.7007 12.3408 13.3599
4.05093 0 0.172757 25.7008 11.9394 13.7613
4.0609 0 0.175013 25.7009 11.5529 14.1479
4.07088 0 0.177225 25.701 11.1829 14.518
4.08086 0 0.17939 25.7011 10.831 14.87
4.09084 0 0.181506 25.7012 10.4988 15.2023
4.10082 0 0.183571 25.7012 10.1878 15.5134
4.11079 0 0.185582 25.7013 9.89941 15.8019
4.12077 0 0.187538 25.7014 9.63496 16.0664
4.13075 0 0.189437 25.7015 9.39573 16.3057
4.14073 0 0.191277 25.7015 9.18284 16.5187
4.1507 0 0.193057 25.7016 8.99731 16.7043
4.16068 0 0.194776 25.7016 8.84001 16.8616
4.17066 0 0.196432 25.7017 8.71168 16.99
4.18064 0 0.198025 25.7017 8.61288 17.0888
4.19061 0 0.199555 25.7017 8.54404 17.1577
4.20059 0 0.20102 25.7017 8.50542 17.1963
4.21057 0 0.202422 25.7001 8.49525 17.2048
4.22055 0 0.203759 25.7001 8.51332 17.1867
4.23053 0 0.205033 25.7 8.56118 17.1388
4.2405 0 0.206243 25.7 8.63846 17.0615
4.25048 0 0.20739 25.7 8.74461 16.9553
4.26046 0 0.208476 25.6999 8.87897 16.8209
4.27044 0 0.209501 25.6998 9.04071 16.6591
4.28041 0 0.210467 25.6998 9.22891 16.4709
4.29039 0 0.211375 25.6997 9.44251 16.2572
4.30037 0 0.212226 25.6996 9.68038 16.0193
4.31035 0 0.213024 25.6996 9.94127 15.7583
4.32032 0 0.213768 25.6995 10.2239 15.4756
4.3303 0 0.214463 25.6994 10.5268 15.1726
4.34028 0 0.215109 25.6993 10.8487 14.8506
4.35026 0 0.21571 25.7112 11.1672 14.544
4.36023 0 0.216268 25.7111 11.4796 14.2315
4.37021 0 0.216784 25.711 11.8045 13.9065
4.38019 0 0.217262 25.7109 12.1404 13.5705
4.39017 0 0.217703 25.7108 12.4858 13.2251
4.40015 0 0.218111 25.7108 12.8392 12.8716
4.41012 0 0.218488 25.7107 13.1991 12.5116
4.4201 0 0.218836 25.7106 13.5643 12.1463
4.43008 0 0.219159 25.7105 13.9332 11.7773
4.44006 0 0.219458 25.7105 14.3047 11.4058
4.45003 0 0.219737 25.7104 14.6774 11.033
4.46001 0 0.219998 25.7103 15.0501 10.6602
4.46999 0 0.220244 25.7103 15.4217 10.2886
4.47997 0 0.220476 25.7102 15.791 9.91917
4.48994 0 0.220699 25.7102 16.1572 9.55298
4.49992 0 0.220914 25.7101 16.5191 9.191
4.5099 0 0.221123 25.7101 16.8759 8.83412
4.51988 0 0.22133 25.71 17.2269 8.48317
4.52985 0 0.221536 25.71 17.5711 8.13892
4.53983 0 0.221744 25.71 17.9079 7.80208
4.54981 0 0.221955 25.7099 18.2366 7.47328
4.55979 0 0.222173 25.7099 18.5568 7.15312
4.56977 0 0.222399 25.7099 18.8678 6.84211
4.57974 0 0.222635 25.7099 19.1692 6.54071
4.58972 0 0.222883 25.7099 19.4605 6.24934
4.5997 0 0.223145 25.8194 19.5745 6.24483
4.60968 0 0.223421 25.8194 19.5093 6.3101
4.61965 0 0.22371 25.8194 19.4318 6.38764
4.62963 0 0.224013 25.8195 19.3424 6.47703
4.63961 0 0.224327 25.8195 19.2417 6.57778
4.64959 0 0.224652 25.8195 19.1301 6.6894
4.65956 0 0.224988 25.8196 19.0082 6.81138
4.66954 0 0.225333 25.8196 18.8764 6.94318
4.67952 0 0.225685 25.8197 18.7354 7.08423
4.6895 0 0.226045 25.8197 18.5857 7.23397
4.69947 0 0.226411 25.8197 18.4279 7.3918
4.70945 0 0.226781 25.8198 18.2627 7.55711
4.71943 0 0.227154 25.8198 18.0906 7.72926
4.72941 0 0.227528 25.8199 17.9123 7.9076
4.73939 0 0.227903 25.8199 17.7284 8.09148
4.74936 0 0.228277 25.82 17.5398 8.2802
4.75934 0 0.228648 25.82 17.3469 8.47308
4.76932 0 0.229015 25.8051 17.1104 8.69467
4.7793 0 0.229375 25.8051 16.8329 8.97217
4.78927 0 0.229728 25.8051 16.5571 9.24802
4.79925 0 0.23007 25.8052 16.2835 9.52168
4.80923 0 0.230401 25.8052 16.0126 9.79256
4.81921 0 0.230717 25.8052 15.7452 10.0601
4.82918 0 0.231018 25.8053 15.4817 10.3236
4.83916 0 0.231301 25.8053 15.2227 10.5826
4.84914 0 0.231564 25.8053 14.969 10.8363
4.85912 0 0.231806 25.8054 14.7211 11.0843
4.86909 0 0.232025 25.8054 14.4796 11.3258
4.87907 0 0.232218 25.8055 14.2452 11.5603
4.88905 0 0.232385 25.8055 14.0184 11.7871
4.89903 0 0.232523 25.8055 13.8 12.0056
4.90901 0 0.232631 25.8056 13.5904 12.2152
4.91898 0 0.232707 25.8056 13.3903 12.4153
4.92896 0 0.232751 25.8056 13.2003 12.6053
4.93894 0 0.23276 25.8057 13.0209 12.7848
4.94892 0 0.232733 25.8057 12.8526 12.9531
4.95889 0 0.232668 25.8057 12.6961 13.1097
4.96887 0 0.232566 25.8058 12.5516 13.2541
4.97885 0 0.232424 25.8058 12.4198 13.386
4.98883 0 0.232242 25.8058 12.3011 13.5047
4.9988 0 0.232018 25.8058 12.1957 13.6101
5.00878 0 0.231753 25.8059 12.1042 13.7016
5.01876 0 0.231444 25.8059 12.0268 13.7791
5.02874 0 0.231093 25.8059 11.9638 13.8421
5.03872 0 0.230697 25.8059 11.9153 13.8906
5.04869 0 0.230257 25.8097 11.8696 13.94
5.05867 0 0.229773 25.8097 11.8269 13.9828
5.06865 0 0.229243 25.8097 11.7993 14.0104
5.07863 0 0.228669 25.8097 11.7868 14.0229
5.0886 0 0.22805 25.8097 11.7895 14.0202
5.09858 0 0.227386 25.8096 11.8072 14.0025
5.10856 0 0.226677 25.8096 11.8397 13.9699
5.11854 0 0.225924 25.8096 11.887 13.9226
5.12851 0 0.225126 25.8096 11.9488 13.8608
5.13849 0 0.224285 25.8096 12.0247 13.7848
5.14847 0 0.223402 25.8096 12.1146 13.695
5.15845 0 0.222476 25.8095 12.2179 13.5916
5.16842 0 0.221509 25.8095 12.3344 13.4751
5.1784 0 0.220501 25.8095 12.4636 13.3459
5.18838 0 0.219454 25.8094 12.6049 13.2045
5.19836 0 0.218369 25.8094 12.758 13.0514
5.20834 0 0.217247 25.8094 12.9223 12.8871
5.21831 0 0.216089 25.8093 13.0971 12.7122
5.22829 0 0.214896 25.8093 13.282 12.5273
5.23827 0 0.21367 25.8093 13.4763 12.3329
5.24825 0 0.212413 25.8092 13.6795 12.1297
5.25822 0 0.211125 25.8092 13.8909 11.9183
5.2682 0 0.209809 25.8092 14.1098 11.6993
5.27818 0 0.208466 25.8091 14.3357 11.4734
5.28816 0 0.207098 25.8091 14.5679 11.2412
5.29813 0 0.205707 25.809 14.8057 11.0033
5.30811 0 0.204294 25.809 15.0486 10.7604
5.31809 0 0.20286 25.809 15.2959 10.5131
5.32807 0 0.201409 25.8089 15.5469 10.262
5.33804 0 0.199942 25.8089 15.8012 10.0077
5.34802 0 0.19846 25.8089 16.058 9.75087
5.358 0 0.196966 25.8088 16.3168 9.492
5.36798 0 0.19546 25.8088 16.5771 9.23168
5.37796 0 0.193947 25.8088 16.8383 8.97045
5.38793 0 0.192426 25.8087 17.0999 8.70883
5.39791 0 0.1909 25.8087 17.3614 8.4473
5.40789 0 0.189371 25.8087 17.6223 8.18635
5.41787 0 0.18784 25.8087 17.8822 7.92643
5.42784 0 0.18631 25.8086 18.1407 7.66795
5.43782 0 0.184782 25.8086 18.3973 7.41132
5.4478 0 0.183259 25.8086 18.6517 7.15692
5.45778 0 0.181741 25.8086 18.9035 6.9051
5.46775 0 0.18023 25.8086 19.1524 6.65618
5.47773 0 0.178729 25.8085 19.3981 6.41047
5.48771 0 0.177238 25.8085 19.6403 6.16824
5.49769 0 0.175761 25.8085 19.8788 5.92975
5.50766 0 0.174297 25.8085 20.1133 5.69522
5.51764 0 0.172849 25.8085 20.3436 5.46488
5.52762 0 0.171418 25.8085 20.5696 5.23889
5.5376 0 0.170006 25.8085 20.7911 5.01743
5.54758 0 0.168614 25.8085 21.0079 4.80063
5.55755 0 0.167244 25.8085 21.2199 4.58863
5.56753 0 0.165896 25.8085 21.427 4.38152
5.57751 0 0.164573 25.8085 21.6291 4.17939
5.58749 0 0.163275 25.8085 21.8262 3.98232
5.59746 0 0.162005 25.8085 22.0181 3.79034
5.60744 0 0.160762 25.8085 22.205 3.6035
5.61742 0 0.159548 25.8085 22.3867 3.42182
5.6274 0 0.158365 25.8085 22.5632 3.2453
5.63737 0 0.157213 25.7383 22.6394 3.09895
5.64735 0 0.156093 25.7383 22.6149 3.12338
5.65733 0 0.155005 25.7383 22.5847 3.15364
5.66731 0 0.153949 25.7383 22.5486 3.18967
5.67728 0 0.152923 25.7383 22.5069 3.23142
5.68726 0 0.151929 25.7383 22.4595 3.27881
5.69724 0 0.150966 25.7383 22.4066 3.33174
5.70722 0 0.150032 25.7383 22.3482 3.39011
5.7172 0 0.149129 25.7383 22.2846 3.45377
5.72717 0 0.148254 25.7383 22.2158 3.52258
5.73715 0 0.147408 25.7384 22.142 3.59636
5.74713 0 0.14659 25.7384 22.0634 3.67493
5.75711 0 0.145799 25.7384 21.9803 3.75807
5.76708 0 0.145035 25.7461 21.8393 3.90678
5.77706 0 0.144296 25.7461 21.6402 4.106
5.78704 0 0.143582 25.7462 21.4357 4.3105
5.79702 0 0.14289 25.7462 21.2264 4.51977
5.80699 0 0.142219 25.7462 21.013 4.73322
5.81697 0 0.141569 25.7463 20.796 4.95027
5.82695 0 0.140936 25.7463 20.576 5.17028
5.83693 0 0.140319 25.7464 20.3538 5.39257
5.8469 0 0.139717 25.7464 20.13 5.61645
5.85688 0 0.139129 25.7465 19.9053 5.84119
5.86686 0 0.138552 25.7465 19.6805 6.06603
5.87684 0 0.137985 25.7466 19.4564 6.2902
5.88682 0 0.137426 25.7466 19.2337 6.51288
5.89679 0 0.136873 25.7467 19.0134 6.73326
5.90677 0 0.136325 25.7467 18.7962 6.95049
5.91675 0 0.13578 25.7468 18.5831 7.16371
5.92673 0 0.135237 25.7468 18.3747 7.37207
5.9367 0 0.134694 25.7469 18.1722 7.57469
5.94668 0 0.134149 25.7469 17.9762 7.77071
5.95666 0 0.1336 25.747 17.7877 7.95928
5.96664 0 0.133047 25.747 17.6075 8.13954
5.97661 0 0.132488 25.7471 17.4364 8.31065
5.98659 0 0.131922 25.7459 17.2706 8.47529
5.99657 0 0.131346 25.7459 17.1111 8.63483
6.00655 0 0.130761 25.746 16.9637 8.78226
6.01653 0 0.130164 25.746 16.8291 8.91689
6.0265 0 0.129555 25.746 16.708 9.03808
6.03648 0 0.128933 25.7461 16.6009 9.14522
6.04646 0 0.128297 25.7461 16.5083 9.23778
6.05644 0 0.127646 25.7461 16.4309 9.31527
6.06641 0 0.126979 25.7462 16.3689 9.37727
6.07639 0 0.126296 25.7462 16.3228 9.42341
6.08637 0 0.125596 25.7462 16.2928 9.45343
6.09635 0 0.12488 25.7462 16.2791 9.46709
6.10632 0 0.124147 25.7462 16.2819 9.46427
6.1163 0 0.123396 25.7462 16.3013 9.44489
6.12628 0 0.122629 25.7462 16.3372 9.40897
6.13626 0 0.121844 25.7462 16.3896 9.35659
6.14623 0 0.121043 25.7462 16.4583 9.28791
6.15621 0 0.120226 25.7462 16.543 9.20316
6.16619 0 0.119393 25.7461 16.6435 9.10264
6.17617 0 0.118545 25.7461 16.7594 8.98671
6.18615 0 0.117683 25.7461 16.8903 8.85582
6.19612 0 0.116808 25.746 17.0356 8.71044
6.2061 0 0.11592 25.748 17.1888 8.55914
6.21608 0 0.115021 25.748 17.3492 8.39873
6.22606 0 0.114113 25.7479 17.522 8.22593
6.23603 0 0.113195 25.7479 17.7064 8.04146
6.24601 0 0.112269 25.7478 17.9018 7.84604
6.25599 0 0.111338 25.7478 18.1073 7.64045
6.26597 0 0.110402 25.7477 18.3223 7.42545
6.27594 0 0.109462 25.7477 18.5458 7.20186
6.28592 0 0.108521 25.7476 18.7771 6.97048
6.2959 0 0.107581 25.7476 19.0154 6.73213
6.30588 0 0.106642 25.7475 19.2599 6.48762
6.31585 0 0.105706 25.7475 19.5097 6.23777
6.32583 0 0.104776 25.7474 19.764 5.98338
6.33581 0 0.103853 25.7474 20.0221 5.72524
6.34579 0 0.102939 25.7473 20.2832 5.46412
6.35577 0 0.102035 25.7473 20.5465 5.20078
6.36574 0 0.101145 25.7472 20.8113 4.93594
6.37572 0 0.100268 25.7472 21.0769 4.67031
6.3857 0 0.0994085 25.7465 21.3408 4.4057
6.39568 0 0.0985667 25.7464 21.6022 4.14425
6.40565 0 0.0977449 25.7464 21.8623 3.88411
6.41563 0 0.0969448 25.7464 22.1205 3.62586
6.42561 0 0.0961684 25.7463 22.3763 3.37006
6.43559 0 0.0954173 25.7463 22.6291 3.11724
6.44556 0 0.0946933 25.7463 22.8784 2.86787
6.45554 0 0.0939981 25.7463 23.1239 2.62239
6.46552 0 0.0933334 25.7462 23.365 2.38124
6.4755 0 0.0927008 25.7462 23.6014 2.14478
6.48547 0 0.0921018 25.7691 23.7998 1.96926
6.49545 0 0.0915379 25.7691 23.96 1.80912
6.50543 0 0.0910101 25.7691 24.1148 1.65426
6.51541 0 0.0905196 25.7691 24.2642 1.50491
6.52539 0 0.0900673 25.7691 24.4078 1.36126
6.53536 0 0.0896544 25.7691 24.5456 1.22348
6.54534 0 0.0892817 25.7691 24.6773 1.09172
6.55532 0 0.0889503 25.7691 24.803 0.966078
6.5653 0 0.0886609 25.7691 24.9224 0.846669
6.57527 0 0.0884144 25.7691 25.0355 0.733563
6.58525 0 0.0882116 25.7691 25.1422 0.626816
6.59523 0 0.0880531 25.7691 25.2426 0.52646
6.60521 0 0.0879397 25.7691 25.3366 0.432513
6.61518 0 0.0878719 25.7691 25.4241 0.344971
6.62516 0 0.0878505 25.7691 25.5053 0.263816
6.63514 0 0.0878758 25.7691 25.5801 0.189014
6.64512 0 0.0879483 25.7691 25.6486 0.120514
6.65509 0 0.0880686 25.7691 25.7109 0.0582517
6.66507 0 0.088237 25.7691 25.767 0.00215054
6.67505 0 0.0884538 25.7691 25.817 -0.0478795
6.68503 0 0.0887193 25.7691 25.8611 -0.0919399
6.69501 0 0.0890339 25.7691 25.8993 -0.130143
6.70498 0 0.0893976 25.7692 25.9318 -0.162611
6.71496 0 0.0898108 25.7692 25.9586 -0.189477
6.72494 0 0.0902735 25.7692 25.9801 -0.21088
6.73492 0 0.0907858 25.7692 25.9962 -0.226971
6.74489 0 0.0913477 25.7692 26.0071 -0.237905
6.75487 0 0.0919594 25.7692 26.0131 -0.243846
6.76485 0 0.0926208 25.7692 26.0142 -0.244963
6.77483 0 0.0933319 25.7439 25.9785 -0.234611
6.7848 0 0.0940924 25.7439 25.9066 -0.162704
6.79478 0 0.094902 25.7439 25.8313 -0.0873543
6.80476 0 0.0957602 25.7439 25.7526 -0.00864965
6.81474 0 0.0966664 25.7308 25.6518 0.078934
6.82472 0 0.0976202 25.7308 25.5289 0.201901
6.83469 0 0.0986207 25.7308 25.4023 0.328444
6.84467 0 0.0996673 25.7308 25.2723 0.458455
6.85465 0 0.100759 25.7308 25.139 0.591821
6.86463 0 0.101895 25.7308 25.0024 0.728421
6.8746 0 0.103075 25.7308 24.8627 0.868135
6.88458 0 0.104297 25.7308 24.72 1.01083
6.89456 0 0.105562 25.7308 24.5744 1.15639
6.90454 0 0.106867 25.7308 24.4262 1.30466
6.91451 0 0.108212 25.7309 24.2753 1.45551
6.92449 0 0.109596 25.7309 24.1221 1.6088
6.93447 0 0.111019 25.7309 23.9665 1.76438
6.94445 0 0.112479 25.7309 23.8088 1.9221
6.95442 0 0.113975 25.7309 23.6491 2.08181
6.9644 0 0.115506 25.7309 23.4875 2.24335
6.97438 0 0.117072 25.7309 23.3243 2.40656
6.98436 0 0.11867 25.7309 23.1596 2.57129
6.99434 0 0.120301 25.7309 22.9936 2.73735
7.00431 0 0.121964 25.7243 22.8192 2.90513
7.01429 0 0.123656 25.7244 22.6372 3.08715
7.02427 0 0.125378 25.7244 22.4552 3.26911
7.03425 0 0.127127 25.7244 22.2735 3.45087
7.04422 0 0.128904 25.7244 22.0921 3.63227
7.0542 0 0.130706 25.7244 21.9112 3.81318
7.06418 0 0.132533 25.7244 21.731 3.99344
7.07416 0 0.134383 25.7244 21.5515 4.1729
7.08413 0 0.136256 25.7244 21.373 4.35141
7.09411 0 0.138151 25.7244 21.1956 4.52881
7.10409 0 0.140066 25.7244 21.0195 4.70495
7.11407 0 0.142 25.7244 20.8448 4.87966
7.12404 0 0.143953 25.7244 20.6717 5.05279
7.13402 0 0.145922 25.7245 20.5003 5.22418
7.144 0 0.147908 25.7245 20.3308 5.39367
7.15398 0 0.14991 25.7245 20.1634 5.56108
7.16396 0 0.151925 25.7245 19.9982 5.72626
7.17393 0 0.153953 25.7245 19.8355 5.88904
7.18391 0 0.155994 25.7245 19.6752 6.04927
7.19389 0 0.158046 25.7245 19.5178 6.20676
7.20387 0 0.160108 25.7245 19.3632 6.36136
7.21384 0 0.16218 25.7245 19.2116 6.51291
7.22382 0 0.16426 25.7245 19.0633 6.66123
7.2338 0 0.166347 25.7246 18.9184 6.80618
7.24378 0 0.168441 25.7246 18.777 6.94758
7.25375 0 0.170542 25.7246 18.6393 7.08529
7.26373 0 0.172647 25.7246 18.5055 7.21913
7.27371 0 0.174756 25.7246 18.3756 7.34896
7.28369 0 0.176869 25.7246 18.25 7.47463
7.29366 0 0.178985 25.7246 18.1286 7.59599
7.30364 0 0.181102 25.7246 18.0117 7.71289
7.31362 0 0.183221 25.7246 17.8994 7.82519
7.3236 0 0.18534 25.7246 17.7919 7.93276
7.33358 0 0.18746 25.7246 17.6892 8.03546
7.34355 0 0.189579 25.7247 17.5915 8.13318
7.35353 0 0.191697 25.7247 17.4989 8.22578
7.36351 0 0.193813 25.7247 17.4115 8.31315
7.37349 0 0.195927 25.7247 17.3295 8.39519
7.38346 0 0.198038 25.7247 17.2529 8.47179
7.39344 0 0.200147 25.7247 17.1818 8.54287
7.40342 0 0.202251 25.7247 17.1164 8.60833
7.4134 0 0.204352 25.7247 17.0566 8.66809
7.42337 0 0.206449 25.7247 17.0026 8.72209
7.43335 0 0.208542 25.7247 16.9544 8.77026
7.44333 0 0.210629 25.6935 16.8436 8.84992
7.45331 0 0.212712 25.6935 16.6692 9.02432
7.46328 0 0.214788 25.6935 16.4982 9.19531
7.47326 0 0.216857 25.6935 16.3308 9.36276
7.48324 0 0.218918 25.6935 16.167 9.52655
7.49322 0 0.220969 25.6936 16.007 9.68654
7.5032 0 0.223011 25.6936 15.8509 9.84261
7.51317 0 0.225042 25.6936 15.6989 9.99463
7.52315 0 0.22706 25.6936 15.5511 10.1425
7.53313 0 0.229066 25.6936 15.4076 10.286
7.54311 0 0.231059 25.6936 15.2686 10.425
7.55308 0 0.233037 25.6936 15.1341 10.5594
7.56306 0 0.235 25.6936 15.0045 10.6891
7.57304 0 0.236947 25.7747 14.7602 11.0145
7.58302 0 0.238876 25.7747 14.3969 11.3778
7.59299 0 0.240785 25.7748 14.0294 11.7454
7.60297 0 0.242672 25.7748 13.6581 12.1166
7.61295 0 0.244534 25.7748 13.2839 12.4909
7.62293 0 0.246368 25.7748 12.9073 12.8675
7.6329 0 0.248172 25.7771 12.5255 13.2517
7.64288 0 0.249944 25.7772 12.1392 13.638
7.65286 0 0.251681 25.7772 11.753 14.0242
7.66284 0 0.25338 25.7773 11.368 14.4093
7.67282 0 0.255039 25.7774 10.9851 14.7922
7.68279 0 0.256656 25.7774 10.6055 15.1719
7.69277 0 0.258226 25.7775 10.2302 15.5473
7.70275 0 0.259749 25.7776 9.86058 15.917
7.71273 0 0.261221 25.7776 9.49784 16.2798
7.7227 0 0.26264 25.7777 9.14331 16.6344
7.73268 0 0.264003 25.7778 8.79838 16.9794
7.74266 0 0.265309 25.7779 8.46446 17.3134
7.75264 0 0.266554 25.778 8.14299 17.635
7.76261 0 0.267736 25.7781 7.83544 17.9426
7.77259 0 0.268853 25.7781 7.5433 18.2348
7.78257 0 0.269903 25.7782 7.26806 18.5102
7.79255 0 0.270884 25.7783 7.01121 18.7671
7.80253 0 0.271795 25.7784 6.77419 19.0042
7.8125 0 0.272632 25.7785 6.55846 19.22
7.82248 0 0.273395 25.7786 6.36539 19.4132
7.83246 0 0.274082 25.7786 6.19631 19.5823
7.84244 0 0.274693 25.7787 6.05248 19.7262
7.85241 0 0.275224 25.7788 5.93506 19.8437
7.86239 0 0.275677 25.7788 5.84511 19.9337
7.87237 0 0.27605 25.7789 5.7836 19.9953
7.88235 0 0.276342 25.7789 5.75134 20.0276
7.89232 0 0.276554 25.779 5.74901 20.03
7.9023 0 0.276684 25.779 5.77716 20.0018
7.91228 0 0.276734 25.779 5.83615 19.9429
7.92226 0 0.276703 25.779 5.92621 19.8528
7.93223 0 0.276592 25.779 6.04737 19.7316
7.94221 0 0.276402 25.779 6.19949 19.5795
7.95219 0 0.276134 25.779 6.38227 19.3967
7.96217 0 0.275789 25.7789 6.59522 19.1837
7.97215 0 0.275368 25.7789 6.83769 18.9412
7.98212 0 0.274873 25.7788 7.10886 18.6699
7.9921 0 0.274307 25.7787 7.40775 18.371
8.00208 0 0.27367 25.7787 7.73324 18.0454
8.01206 0 0.272966 25.7786 8.08406 17.6945
8.02203 0 0.272197 25.7785 8.45882 17.3197
8.03201 0 0.271365 25.7784 8.85602 16.9224
8.04199 0 0.270473 25.7783 9.27409 16.5042
8.05197 0 0.269524 25.7782 9.71134 16.0668
8.06194 0 0.268522 25.7781 10.166 15.612
8.07192 0 0.267468 25.778 10.6364 15.1415
8.0819 0 0.266368 25.7779 11.1207 14.6572
8.09188 0 0.265223 25.7777 11.617 14.1608
8.10185 0 0.264038 25.7776 12.1235 13.6541
8.11183 0 0.262815 25.7775 12.6385 13.1391
8.12181 0 0.261559 25.7774 13.1601 12.6173
8.13179 0 0.260273 25.7773 13.6867 12.0906
8.14177 0 0.258961 25.7772 14.2166 11.5607
8.15174 0 0.257626 25.7772 14.7481 11.029
8.16172 0 0.256272 25.7771 15.2798 10.4973
8.1717 0 0.254903 25.777 15.8101 9.96686
8.18168 0 0.253522 25.7769 16.3378 9.43911
8.19165 0 0.252132 25.7769 16.8615 8.91533
8.20163 0 0.250737 25.7768 17.3801 8.39669
8.21161 0 0.249341 25.726 17.644 8.08203
8.22159 0 0.247945 25.7261 17.6536 8.07247
8.23156 0 0.24655 25.7261 17.6597 8.06644
8.24154 0 0.245154 25.7262 17.6629 8.06326
8.25152 0 0.243757 25.7319 17.6357 8.09619
8.2615 0 0.24236 25.7319 17.5787 8.15325
8.27147 0 0.240961 25.7663 17.469 8.2973
8.28145 0 0.239559 25.7664 17.3097 8.45661
8.29143 0 0.238152 25.7664 17.156 8.61039
8.30141 0 0.236741 25.7665 17.0086 8.75789
8.31139 0 0.235323 25.7665 16.8681 8.89835
8.32136 0 0.233897 25.7665 16.7355 9.03103
8.33134 0 0.232462 25.7739 16.5894 9.18457
8.34132 0 0.231017 25.774 16.4297 9.34423
8.3513 0 0.22956 25.774 16.2787 9.49536
8.36127 0 0.228092 25.7741 16.1368 9.63724
8.37125 0 0.226609 25.7741 16.0049 9.76921
8.38123 0 0.225112 25.7741 15.8835 9.89064
8.39121 0 0.2236 25.7742 15.7732 10.0009
8.40118 0 0.222071 25.7742 15.6747 10.0996
8.41116 0 0.220524 25.7742 15.5882 10.186
8.42114 0 0.21896 25.7743 15.5143 10.2599
8.43112 0 0.217377 25.7743 15.4533 10.3209
8.44109 0 0.215775 25.7743 15.4055 10.3688
8.45107 0 0.214154 25.7743 15.3711 10.4032
8.46105 0 0.212513 25.7743 15.3502 10.4241
8.47103 0 0.210852 25.7743 15.3429 10.4313
8.48101 0 0.209171 25.7743 15.3492 10.4251
8.49098 0 0.20747 25.7743 15.369 10.4053
8.50096 0 0.205749 25.7743 15.402 10.3722
8.51094 0 0.204009 25.7742 15.4482 10.326
8.52092 0 0.202249 25.7742 15.5071 10.2671
8.53089 0 0.20047 25.7742 15.5785 10.1957
8.54087 0 0.198673 25.7742 15.6619 10.1123
8.55085 0 0.196858 25.7741 15.7568 10.0173
8.56083 0 0.195026 25.7741 15.8628 9.91127
8.5708 0 0.193178 25.7741 15.9793 9.79476
8.58078 0 0.191314 25.774 16.1057 9.66833
8.59076 0 0.189436 25.774 16.2414 9.5326
8.60074 0 0.187544 25.7739 16.3858 9.38819
8.61072 0 0.18564 25.7739 16.5382 9.23575
8.62069 0 0.183724 25.7739 16.6979 9.07593
8.63067 0 0.181798 25.7738 16.8644 8.90938
8.64065 0 0.179863 25.7738 17.037 8.73674
8.65063 0 0.177921 25.7737 17.2151 8.55866
8.6606 0 0.175971 25.7737 17.398 8.37576
8.67058 0 0.174017 25.7737 17.585 8.18864
8.68056 0 0.172059 25.7736 17.7757 7.99791
8.69054 0 0.170098 25.7736 17.9695 7.8041
8.70051 0 0.168137 25.7736 18.1658 7.60777
8.71049 0 0.166175 25.7736 18.3641 7.40942
8.72047 0 0.164216 25.7735 18.564 7.20953
8.73045 0 0.162259 25.7735 18.765 7.00853
8.74042 0 0.160307 25.7735 18.9667 6.80683
8.7504 0 0.15836 25.7735 19.1687 6.60483
8.76038 0 0.156421 25.7735 19.3706 6.40286
8.77036 0 0.15449 25.7735 19.5722 6.20123
8.78034 0 0.152569 25.7734 19.7732 6.00023
8.79031 0 0.15066 25.7629 19.961 5.80184
8.80029 0 0.148763 25.7629 20.1356 5.62728
8.81027 0 0.146879 25.7628 20.3091 5.45374
8.82025 0 0.145011 25.7628 20.4814 5.28142
8.83022 0 0.143158 25.7628 20.6524 5.11047
8.8402 0 0.141323 25.7628 20.8218 4.94106
8.85018 0 0.139506 25.7628 20.9896 4.77329
8.86016 0 0.137708 25.7628 21.1556 4.60728
8.87013 0 0.13593 25.7628 21.3197 4.44311
8.88011 0 0.134175 25.7628 21.482 4.28086
8.89009 0 0.132441 25.7628 21.6423 4.12057
8.90007 0 0.130732 25.7629 21.8006 3.9623
8.91004 0 0.129046 25.7629 21.9568 3.80607
8.92002 0 0.127387 25.7629 22.111 3.6519
8.93 0 0.125753 25.7629 22.2631 3.49981
8.93998 0 0.124147 25.7629 22.4131 3.34981
8.94996 0 0.12257 25.7629 22.561 3.2019
8.95993 0 0.121022 25.7629 22.7068 3.05607
8.96991 0 0.119503 25.7629 22.8506 2.91231
8.97989 0 0.118016 25.7629 22.9923 2.77062
8.98987 0 0.116561 25.7629 23.1319 2.63098
8.99984 0 0.115138 25.7629 23.2695 2.49337
9.00982 0 0.113749 25.7629 23.4051 2.3578
9.0198 0 0.112394 25.7629 23.5387 2.22423
9.02978 0 0.111074 25.7629 23.6703 2.09266
9.03975 0 0.10979 25.7629 23.7999 1.96307
9.04973 0 0.108542 25.7629 23.9275 1.83546
9.05971 0 0.107332 25.7629 24.0531 1.70981
9.06969 0 0.106159 25.7226 24.1344 1.58816
9.07966 0 0.105026 25.7226 24.1703 1.55228
9.08964 0 0.103931 25.7226 24.2024 1.5202
9.09962 0 0.102876 25.7226 24.2307 1.49186
9.1096 0 0.101859 25.7226 24.2554 1.46717
9.11958 0 0.100882 25.7226 24.2765 1.44607
9.12955 0 0.0999447 25.7097 24.2791 1.43066
9.13953 0 0.0990467 25.7097 24.2644 1.44535
9.14951 0 0.0981881 25.7097 24.2488 1.46089
9.15949 0 0.0973689 25.7097 24.2324 1.47734
9.16946 0 0.096589 25.7097 24.2149 1.49475
9.17944 0 0.0958483 25.7097 24.1965 1.51317
9.18942 0 0.0951466 25.7097 24.177 1.53264
9.1994 0 0.0944838 25.7097 24.1565 1.5532
9.20937 0 0.0938599 25.7097 24.1348 1.57487
9.21935 0 0.0932746 25.7097 24.112 1.59767
9.22933 0 0.0927278 25.7097 24.0881 1.62162
9.23931 0 0.0922194 25.7097 24.063 1.64672
9.24928 0 0.0917492 25.7097 24.0367 1.67296
9.25926 0 0.091317 25.7097 24.0093 1.70033
9.26924 0 0.0909226 25.7097 23.9809 1.7288
9.27922 0 0.0905658 25.7097 23.9513 1.75833
9.2892 0 0.0902464 25.7097 23.9208 1.78888
9.29917 0 0.0899642 25.7097 23.8893 1.82039
9.30915 0 0.0897189 25.7097 23.8569 1.85279
9.31913 0 0.0895103 25.7097 23.8237 1.88601
9.32911 0 0.0893382 25.7097 23.7897 1.91995
9.33908 0 0.0892023 25.7097 23.7552 1.95452
9.34906 0 0.0891023 25.7097 23.7201 1.9896
9.35904 0 0.089038 25.7097 23.6846 2.02507
9.36902 0 0.089009 25.7097 23.6489 2.06081
9.37899 0 0.0890151 25.7097 23.6131 2.09666
9.38897 0 0.089056 25.7097 23.5773 2.13248
9.39895 0 0.0891314 25.7097 23.5416 2.1681
9.40893 0 0.089241 25.7098 23.5064 2.20336
9.4189 0 0.0893844 25.7098 23.4717 2.23808
9.42888 0 0.0895615 25.7098 23.4377 2.27207
9.43886 0 0.0897719 25.7098 23.4046 2.30515
9.44884 0 0.0900152 25.7098 23.3727 2.33711
9.45882 0 0.0902913 25.7101 23.3295 2.38069
9.46879 0 0.0905998 25.7102 23.2746 2.43558
9.47877 0 0.0909402 25.7102 23.2202 2.48995
9.48875 0 0.0913123 25.7102 23.1665 2.54367
9.49873 0 0.0917155 25.7102 23.1136 2.59659
9.5087 0 0.0921496 25.7102 23.0616 2.64857
9.51868 0 0.0926141 25.7102 23.0107 2.69947
9.52866 0 0.0931087 25.7102 22.961 2.74918
9.53864 0 0.0936331 25.7102 22.9126 2.79757
9.54861 0 0.0941868 25.7102 22.8657 2.84452
9.55859 0 0.0947696 25.7102 22.8203 2.88992
9.56857 0 0.095381 25.7112 22.764 2.94726
9.57855 0 0.0960208 25.7112 22.6972 3.01406
9.58853 0 0.0966886 25.7112 22.6328 3.07848
9.5985 0 0.0973838 25.7112 22.5708 3.14045
9.60848 0 0.0981061 25.7112 22.5113 3.19993
9.61846 0 0.0988551 25.7112 22.4544 3.25689
9.62844 0 0.0996305 25.7112 22.4 3.31129
9.63841 0 0.100432 25.7112 22.3481 3.36314
9.64839 0 0.101259 25.7112 22.2988 3.41246
9.65837 0 0.102112 25.7112 22.2519 3.4593
9.66835 0 0.102989 25.7112 22.2075 3.5037
9.67832 0 0.103892 25.7112 22.1655 3.54574
9.6883 0 0.104819 25.7112 22.1257 3.58553
9.69828 0 0.105771 25.7112 22.088 3.62318
9.70826 0 0.106747 25.7112 22.0524 3.65882
9.71823 0 0.107746 25.7112 22.0185 3.69262
9.72821 0 0.10877 25.7111 21.9864 3.72474
9.73819 0 0.109817 25.7131 21.952 3.76113
9.74817 0 0.110888 25.7131 21.9151 3.79798
9.75815 0 0.111982 25.7131 21.8794 3.83364
9.76812 0 0.113099 25.713 21.8447 3.86832
9.7781 0 0.114239 25.713 21.8108 3.90225
9.78808 0 0.115401 25.713 21.7773 3.93566
9.79806 0 0.116586 25.713 21.7442 3.96879
9.80803 0 0.117794 25.713 21.7111 4.00189
9.81801 0 0.119024 25.7129 21.6777 4.03519
9.82799 0 0.120275 25.7129 21.644 4.06895
9.83797 0 0.121549 25.7129 21.6095 4.10341
9.84794 0 0.122844 25.7129 21.5741 4.13881
9.85792 0 0.124161 25.7548 21.4913 4.2635
9.8679 0 0.125499 25.7548 21.3584 4.39632
9.87788 0 0.126856 25.7547 21.2199 4.53481
9.88785 0 0.128233 25.7547 21.0756 4.67915
9.89783 0 0.129627 25.7547 20.9252 4.82948
9.90781 0 0.13104 25.7547 20.7688 4.98594
9.91779 0 0.132468 25.7547 20.6061 5.14862
9.92777 0 0.133911 25.7547 20.4371 5.31758
9.93774 0 0.135369 25.7547 20.2618 5.49286
9.94772 0 0.136839 25.7547 20.0802 5.67445
9.9577 0 0.138321 25.7547 19.8924 5.8623
9.96768 0 0.139814 25.7547 19.6983 6.05634
9.97765 0 0.141315 25.7547 19.4983 6.25643
