0.00997765 0 4.55965e-05 30.89 36.5785 -5.68846
0.0199553 0 0.000182313 30.89 36.5479 -5.65787
0.029933 0 0.00041003 30.89 36.5146 -5.62458
0.0399106 0 0.000728614 30.89 36.4785 -5.58852
0.0498883 0 0.00113792 30.89 36.4396 -5.54958
0.0598659 0 0.00163778 30.89 36.3977 -5.50768
0.0698436 0 0.00222803 30.89 36.3527 -5.46271
0.0798212 0 0.00290846 30.89 36.3046 -5.41459
0.0897989 0 0.00367886 30.8899 36.2532 -5.36322
0.0997765 0 0.00453902 30.8899 36.1984 -5.30849
0.109754 0 0.00548868 30.8899 36.1402 -5.2503
0.119732 0 0.00652758 30.8899 36.0785 -5.18856
0.129709 0 0.00765543 30.8899 36.0131 -5.12317
0.139687 0 0.00887193 30.8899 35.9439 -5.05401
0.149665 0 0.0101768 30.8899 35.8709 -4.981
0.159642 0 0.0115696 30.8899 35.7939 -4.90401
0.16962 0 0.01305 30.8899 35.7128 -4.82296
0.179598 0 0.0146176 30.8899 35.6276 -4.73774
0.189575 0 0.0162721 30.8899 35.5381 -4.64823
0.199553 0 0.0180129 30.8898 35.4442 -4.55435
0.209531 0 0.0198396 30.8898 35.3458 -4.45599
0.219508 0 0.0217518 30.8898 35.2429 -4.35304
0.229486 0 0.0237488 30.8898 35.1352 -4.24542
0.239464 0 0.0258302 30.8898 35.0228 -4.13301
0.249441 0 0.0279953 30.8898 34.9055 -4.01573
0.259419 0 0.0302437 30.8898 34.7833 -3.89349
0.269397 0 0.0325746 30.8898 34.656 -3.76618
0.279374 0 0.0349873 30.8898 34.5235 -3.63374
0.289352 0 0.0374813 30.8898 34.3858 -3.49607
0.29933 0 0.0400558 30.8898 34.2429 -3.35309
0.309307 0 0.04271 30.8898 34.0945 -3.20474
0.319285 0 0.0454431 30.8897 33.9407 -3.05094
0.329263 0 0.0482543 30.8897 33.7814 -2.89164
0.33924 0 0.0511428 30.8897 33.6165 -2.72678
0.349218 0 0.0541077 30.8897 33.446 -2.55631
0.359196 0 0.057148 30.8897 33.2699 -2.38019
0.369173 0 0.0602629 30.8897 33.0881 -2.19839
0.379151 0 0.0634512 30.8897 32.9006 -2.01089
0.389128 0 0.0667121 30.8897 32.7074 -1.81767
0.399106 0 0.0700444 30.8897 32.5085 -1.61874
0.409084 0 0.073447 30.8897 32.3038 -1.4141
0.419061 0 0.0769187 30.8897 32.0935 -1.20378
0.429039 0 0.0804586 30.8897 31.8775 -0.987797
0.439017 0 0.0840652 30.8897 31.6559 -0.766212
0.448994 0 0.0877375 30.8897 31.4288 -0.539082
0.458972 0 0.0914741 30.8897 31.1962 -0.306482
0.46895 0 0.0952736 30.8897 30.9582 -0.0685024
0.478927 0 0.0991349 30.8897 30.715 0.17475
0.488905 0 0.103056 30.8897 30.4666 0.423152
0.498883 0 0.107037 30.8897 30.2132 0.676566
0.50886 0 0.111075 30.8897 29.9549 0.934834
0.518838 0 0.115169 30.8898 29.692 1.19778
0.528816 0 0.119317 30.8898 29.4246 1.46522
0.538793 0 0.123519 30.8898 29.1526 1.73718
0.548771 0 0.127772 30.8898 28.8764 2.01344
0.558749 0 0.132075 30.8898 28.5963 2.29354
0.568726 0 0.136426 30.8898 28.3126 2.57719
0.578704 0 0.140824 30.8898 28.0257 2.86413
0.588682 0 0.145267 30.8899 27.7358 3.15405
0.598659 0 0.149753 30.8899 27.4432 3.44665
0.608637 0 0.154281 30.8899 27.1483 3.74158
0.618615 0 0.158849 30.8899 26.8514 4.03851
0.628592 0 0.163456 30.89 26.5529 4.33708
0.63857 0 0.168099 30.89 26.2531 4.6369
0.648547 0 0.172778 30.89 25.9524 4.9376
0.658525 0 0.17749 30.89 25.6513 5.23877
0.668503 0 0.182233 30.8901 25.35 5.54001
0.67848 0 0.187006 30.8901 25.0492 5.8409
0.688458 0 0.191808 30.8901 24.7491 6.14102
0.698436 0 0.196636 30.8901 24.4502 6.43995
0.708413 0 0.20149 30.8902 24.1529 6.73725
0.718391 0 0.206366 30.8902 23.8577 7.03249
0.728369 0 0.211265 30.8902 23.565 7.32525
0.738346 0 0.216183 30.8902 23.2751 7.6151
0.748324 0 0.22112 30.8903 22.9886 7.90162
0.758302 0 0.226075 30.8903 22.7059 8.1844
0.768279 0 0.231044 30.8903 22.4273 8.46305
0.778257 0 0.236028 30.8903 22.1532 8.73717
0.788235 0 0.241025 30.8904 21.884 9.00638
0.798212 0 0.246033 30.8904 21.6201 9.27034
0.80819 0 0.25105 30.8904 21.3617 9.52869
0.818168 0 0.256077 30.8904 21.1093 9.78114
0.828145 0 0.26111 30.8904 20.8631 10.0274
0.838123 0 0.26615 30.8905 20.6234 10.2671
0.848101 0 0.271194 30.8905 20.3904 10.5001
0.858078 0 0.276243 30.8905 20.1643 10.7262
0.868056 0 0.281294 30.8905 19.9454 10.9451
0.878034 0 0.286347 30.8905 19.7339 11.1567
0.888011 0 0.291401 30.8905 19.5297 11.3608
0.897989 0 0.296454 30.8905 19.3332 11.5573
0.907966 0 0.301507 30.8905 19.1443 11.7462
0.917944 0 0.306557 30.8905 18.9632 11.9273
0.927922 0 0.311605 30.8905 18.7898 12.1007
0.937899 0 0.31665 30.8905 18.6241 12.2664
0.947877 0 0.321691 30.8905 18.4662 12.4243
0.957855 0 0.326727 30.8905 18.316 12.5745
0.967832 0 0.331758 30.8905 18.1735 12.7171
0.97781 0 0.336783 30.8905 18.0384 12.8521
0.987788 0 0.341802 30.8905 17.9109 12.9796
0.997765 0 0.346815 30.8905 17.7906 13.0998
1.00774 0 0.351821 30.8905 17.6776 13.2129
1.01772 0 0.356819 30.8905 17.5717 13.3188
1.0277 0 0.36181 30.8905 17.4726 13.4178
1.03768 0 0.366794 30.8904 17.3803 13.5101
1.04765 0 0.371769 30.8904 17.2946 13.5958
1.05763 0 0.376736 30.8904 17.2153 13.6751
1.06761 0 0.381694 30.8904 17.1422 13.7482
1.07759 0 0.386644 30.9895 16.9274 14.062
1.08756 0 0.391585 30.9895 16.5709 14.4187
1.09754 0 0.396514 30.9896 16.2189 14.7707
1.10752 0 0.401429 30.9896 15.8726 15.1171
1.1175 0 0.406329 30.9897 15.5327 15.457
1.12747 0 0.411213 30.9897 15.2004 15.7894
1.13745 0 0.416078 30.9898 14.8765 16.1133
1.14743 0 0.420923 30.9899 14.5621 16.4278
1.15741 0 0.425747 30.9899 14.2582 16.7318
1.16739 0 0.430548 30.99 13.9657 17.0242
1.17736 0 0.435325 30.9901 13.6858 17.3042
1.18734 0 0.440076 30.9901 13.4194 17.5708
1.19732 0 0.4448 30.9902 13.1673 17.8228
1.2073 0 0.449497 30.9902 12.9307 18.0595
1.21727 0 0.454164 30.9903 12.7103 18.28
1.22725 0 0.458802 30.9903 12.507 18.4833
1.23723 0 0.46341 30.9904 12.3217 18.6687
1.24721 0 0.467986 30.9904 12.1549 18.8355
1.25718 0 0.472531 30.9905 12.0075 18.983
1.26716 0 0.477043 30.9905 11.8799 19.1105
1.27714 0 0.481523 30.9905 11.7728 19.2177
1.28712 0 0.485971 30.9905 11.6865 19.304
1.29709 0 0.490385 30.9906 11.6213 19.3692
1.30707 0 0.494767 30.9906 11.5776 19.413
1.31705 0 0.499117 30.9906 11.5554 19.4352
1.32703 0 0.503435 30.9906 11.5548 19.4358
1.33701 0 0.507721 30.9906 11.5758 19.4148
1.34698 0 0.511975 30.9905 11.6181 19.3724
1.35696 0 0.5162 30.9905 11.6816 19.3089
1.36694 0 0.520395 30.9905 11.766 19.2245
1.37692 0 0.524562 30.9905 11.8707 19.1197
1.38689 0 0.5287 30.9904 11.9953 18.9951
1.39687 0 0.532813 30.9904 12.1393 18.8511
1.40685 0 0.5369 30.9903 12.3018 18.6885
1.41683 0 0.540964 30.9903 12.4823 18.508
1.4268 0 0.545005 30.9902 12.6798 18.3104
1.43678 0 0.549026 30.9902 12.8937 18.0965
1.44676 0 0.553027 30.9901 13.1229 17.8672
1.45674 0 0.557011 30.9901 13.3666 17.6235
1.46672 0 0.560979 30.99 13.6238 17.3662
1.47669 0 0.564933 30.9899 13.8935 17.0964
1.48667 0 0.568875 30.9899 14.1748 16.8151
1.49665 0 0.572806 30.9898 14.4667 16.5231
1.50663 0 0.576729 30.9898 14.7682 16.2216
1.5166 0 0.580646 30.9897 15.0783 15.9114
1.52658 0 0.584558 30.9896 15.3961 15.5935
1.53656 0 0.588468 30.8784 15.5228 15.3557
1.54654 0 0.592377 30.8785 15.4546 15.4239
1.55651 0 0.596284 30.8785 15.3891 15.4894
1.56649 0 0.600191 30.8786 15.327 15.5515
1.57647 0 0.604096 30.8786 15.269 15.6096
1.58645 0 0.608 30.8786 15.2156 15.663
1.59642 0 0.611904 30.8787 15.1677 15.711
1.6064 0 0.615806 30.8787 15.1259 15.7528
1.61638 0 0.619708 30.8788 15.091 15.7878
1.62636 0 0.62361 30.8788 15.0637 15.8152
1.63634 0 0.62751 30.8789 15.0446 15.8343
1.64631 0 0.631411 30.8789 15.0344 15.8445
1.65629 0 0.635312 30.8789 15.0338 15.8451
1.66627 0 0.639214 30.879 15.0434 15.8356
1.67625 0 0.643116 30.7964 14.9768 15.8197
1.68622 0 0.647019 30.7965 14.8336 15.9629
1.6962 0 0.650923 30.7965 14.6997 16.0968
1.70618 0 0.654827 30.7965 14.5759 16.2207
1.71616 0 0.65873 30.7966 14.4627 16.3338
1.72613 0 0.662632 30.7966 14.361 16.4356
1.73611 0 0.666533 30.7967 14.2713 16.5253
1.74609 0 0.670432 30.7967 14.1943 16.6024
1.75607 0 0.674328 30.7967 14.1304 16.6663
1.76604 0 0.678222 30.7968 14.0802 16.7165
1.77602 0 0.682114 30.7968 14.0442 16.7526
1.786 0 0.686003 30.7968 14.0227 16.7741
1.79598 0 0.689889 30.7968 14.0161 16.7807
1.80596 0 0.693773 30.7968 14.0248 16.772
1.81593 0 0.697654 30.7968 14.0489 16.7479
1.82591 0 0.701533 30.7969 14.0887 16.7081
1.83589 0 0.70541 30.7969 14.1443 16.6526
1.84587 0 0.709286 30.7969 14.2157 16.5811
1.85584 0 0.71316 30.7969 14.303 16.4938
1.86582 0 0.717033 30.7969 14.4062 16.3907
1.8758 0 0.720906 30.7968 14.5251 16.2718
1.88578 0 0.72478 30.7968 14.6596 16.1373
1.89575 0 0.728655 30.7968 14.8095 15.9873
1.90573 0 0.732532 30.7968 14.9745 15.8223
1.91571 0 0.736412 30.7968 15.1544 15.6423
1.92569 0 0.740297 30.838 15.2964 15.5416
1.93566 0 0.744186 30.8379 15.3998 15.4381
1.94564 0 0.74808 30.8379 15.5161 15.3217
1.95562 0 0.751981 30.8378 15.6447 15.1931
1.9656 0 0.755889 30.8378 15.7848 15.053
1.97558 0 0.759805 30.8218 15.9091 14.9127
1.98555 0 0.763729 30.8217 16.0161 14.8056
1.99553 0 0.767664 30.8217 16.1312 14.6904
2.00551 0 0.771609 30.8216 16.2535 14.5681
2.01549 0 0.775566 30.8216 16.3821 14.4394
2.02546 0 0.779535 30.8215 16.5163 14.3052
2.03544 0 0.783518 30.8215 16.6552 14.1663
2.04542 0 0.787515 30.8214 16.798 14.0234
2.0554 0 0.791528 30.8214 16.9439 13.8775
2.06537 0 0.795557 30.8213 17.0922 13.7292
2.07535 0 0.799604 30.8213 17.242 13.5793
2.08533 0 0.80367 30.8212 17.3926 13.4286
2.09531 0 0.807756 30.8212 17.5433 13.2778
2.10528 0 0.811862 30.8212 17.6935 13.1277
2.11526 0 0.81599 30.8211 17.8424 12.9787
2.12524 0 0.820142 30.8976 17.8568 13.0408
2.13522 0 0.824316 30.8499 17.6289 13.221
2.1452 0 0.828512 30.85 17.2941 13.5559
2.15517 0 0.83273 30.85 16.965 13.885
2.16515 0 0.836966 30.85 16.6421 14.2079
2.17513 0 0.841221 30.8501 16.3262 14.5239
2.18511 0 0.845494 30.8501 16.0175 14.8326
2.19508 0 0.849783 30.8501 15.7167 15.1334
2.20506 0 0.854087 30.8501 15.4242 15.4259
2.21504 0 0.858405 30.8502 15.1404 15.7097
2.22502 0 0.862736 30.8502 14.8657 15.9845
2.23499 0 0.86708 30.8502 14.6003 16.2499
2.24497 0 0.871436 30.8502 14.3446 16.5056
2.25495 0 0.875802 30.8502 14.0987 16.7515
2.26493 0 0.880179 30.8502 13.8629 16.9873
2.27491 0 0.884566 30.8502 13.6373 17.213
2.28488 0 0.888962 30.8502 13.4218 17.4284
2.29486 0 0.893367 30.8502 13.2166 17.6336
2.30484 0 0.89778 30.8502 13.0215 17.8287
2.31482 0 0.902201 30.8502 12.8365 18.0137
2.32479 0 0.90663 30.8502 12.6613 18.1888
2.33477 0 0.911067 30.8501 12.4959 18.3543
2.34475 0 0.915511 30.8456 12.3333 18.5123
2.35473 0 0.919963 30.8456 12.1737 18.6719
2.3647 0 0.924421 30.8456 12.0234 18.8222
2.37468 0 0.928888 30.8455 11.8821 18.9635
2.38466 0 0.933361 30.8455 11.7493 19.0962
2.39464 0 0.937842 30.8455 11.6246 19.2209
2.40461 0 0.94233 30.8454 11.5076 19.3379
2.41459 0 0.946825 30.8454 11.3977 19.4477
2.42457 0 0.951329 30.8454 11.2945 19.5509
2.43455 0 0.95584 30.8453 11.1975 19.6478
2.44453 0 0.96036 30.8453 11.1063 19.739
2.4545 0 0.964888 30.8453 11.0204 19.8249
2.46448 0 0.969425 30.8452 10.9394 19.9059
2.47446 0 0.973972 30.9056 10.7295 20.1761
2.48444 0 0.978526 30.9056 10.3922 20.5134
2.49441 0 0.983089 30.9057 10.0629 20.8428
2.50439 0 0.987657 30.9058 9.74263 21.1631
2.51437 0 0.992231 30.9058 9.43274 21.4731
2.52435 0 0.996809 30.9059 9.13439 21.7715
2.53432 0 1.00139 30.906 8.84884 22.0571
2.5443 0 1.00598 30.9061 8.57735 22.3287
2.55428 0 1.01056 30.9061 8.32117 22.585
2.56426 0 1.01515 30.9062 8.08155 22.8247
2.57423 0 1.01974 30.9063 7.85972 23.0466
2.58421 0 1.02433 30.9064 7.65689 23.2495
2.59419 0 1.02892 30.9064 7.47421 23.4322
2.60417 0 1.03351 30.9065 7.3128 23.5937
2.61415 0 1.03809 30.9065 7.1737 23.7328
2.62412 0 1.04268 30.9066 7.05789 23.8487
2.6341 0 1.04727 30.9067 6.96626 23.9404
2.64408 0 1.05185 30.9067 6.89959 24.0071
2.65406 0 1.05644 30.9067 6.85859 24.0481
2.66403 0 1.06102 30.9068 6.84382 24.0629
2.67401 0 1.0656 30.9068 6.85574 24.051
2.68399 0 1.07019 30.9068 6.89468 24.0121
2.69397 0 1.07478 30.9068 6.96084 23.946
2.70394 0 1.07937 30.9068 7.05426 23.8525
2.71392 0 1.08396 30.9068 7.17488 23.7319
2.7239 0 1.08856 30.9068 7.32248 23.5843
2.73388 0 1.09316 30.9067 7.4967 23.41
2.74385 0 1.09778 30.9067 7.69705 23.2096
2.75383 0 1.1024 30.9066 7.92291 22.9837
2.76381 0 1.10702 30.9066 8.17354 22.733
2.77379 0 1.11167 30.9065 8.44809 22.4584
2.78377 0 1.11632 30.9065 8.74557 22.1609
2.79374 0 1.12099 30.9064 9.06494 21.8415
2.80372 0 1.12567 30.9063 9.40503 21.5013
2.8137 0 1.13038 30.9062 9.76462 21.1416
2.82368 0 1.1351 30.9301 10.0183 20.9118
2.83365 0 1.13985 30.9301 10.163 20.7671
2.84363 0 1.14462 30.9301 10.3221 20.608
2.85361 0 1.14942 30.93 10.4952 20.4348
2.86359 0 1.15423 30.93 10.682 20.248
2.87356 0 1.15908 30.93 10.8821 20.0479
2.88354 0 1.16395 30.93 11.095 19.835
2.89352 0 1.16885 30.9299 11.3203 19.6096
2.9035 0 1.17378 30.9299 11.5577 19.3722
2.91347 0 1.17874 30.9299 11.8067 19.1232
2.92345 0 1.18373 30.9299 12.0669 18.863
2.93343 0 1.18876 30.9298 12.3378 18.592
2.94341 0 1.19382 30.9298 12.6192 18.3106
2.95339 0 1.19891 30.9298 12.9106 18.0192
2.96336 0 1.20405 30.9298 13.2115 17.7182
2.97334 0 1.20922 30.9297 13.5217 17.4081
2.98332 0 1.21443 30.9297 13.8406 17.0891
2.9933 0 1.21968 30.9297 14.1678 16.7619
3.00327 0 1.22498 30.9297 14.503 16.4266
3.01325 0 1.23032 30.9296 14.8457 16.0839
3.02323 0 1.2357 30.9296 15.1956 15.7341
3.03321 0 1.24114 30.9296 15.5521 15.3775
3.04318 0 1.24662 30.9296 15.9148 15.0148
3.05316 0 1.25215 30.9295 16.2833 14.6462
3.06314 0 1.25774 30.9295 16.6572 14.2723
3.07312 0 1.26337 30.9295 17.036 13.8935
3.08309 0 1.26907 30.9295 17.4192 13.5103
3.09307 0 1.27481 30.9294 17.8063 13.1231
3.10305 0 1.28062 30.9294 18.197 12.7324
3.11303 0 1.28649 30.9294 18.5907 12.3387
3.12301 0 1.29242 30.9294 18.987 11.9424
3.13298 0 1.29841 30.9293 19.3853 11.5441
3.14296 0 1.30446 30.9293 19.7852 11.1441
3.15294 0 1.31058 30.9293 20.1862 10.7431
3.16292 0 1.31677 30.9293 20.5879 10.3414
3.17289 0 1.32302 30.9292 20.9897 9.93955
3.18287 0 1.32934 30.9292 21.3912 9.53802
3.19285 0 1.33574 30.9292 21.7919 9.13726
3.20283 0 1.34221 31.0124 22.091 8.92145
3.2128 0 1.34875 31.0124 22.2862 8.72623
3.22278 0 1.35537 31.0124 22.4776 8.53485
3.23276 0 1.36206 31.1265 22.5501 8.57638
3.24274 0 1.36883 31.1264 22.5056 8.62085
3.25272 0 1.37568 31.1264 22.4593 8.66711
3.26269 0 1.3826 31.1264 22.4111 8.71534
3.27267 0 1.3896 31.1264 22.3607 8.76567
3.28265 0 1.39668 31.1264 22.3082 8.81819
3.29263 0 1.40384 31.1264 22.2534 8.87296
3.3026 0 1.41108 31.1264 22.1964 8.92999
3.31258 0 1.4184 31.1264 22.1372 8.98924
3.32256 0 1.4258 31.1264 22.0758 9.05064
3.33254 0 1.43328 31.0854 21.9355 9.14997
3.34251 0 1.44084 31.0855 21.7186 9.36692
3.35249 0 1.44849 31.0838 21.5023 9.58141
3.36247 0 1.45622 31.0844 21.2681 9.81626
3.37245 0 1.46403 31.0844 21.0185 10.0659
3.38242 0 1.47192 31.0845 20.7732 10.3112
3.3924 0 1.47989 31.0845 20.5326 10.5518
3.40238 0 1.48795 31.0845 20.2972 10.7873
3.41236 0 1.49609 31.0845 20.0673 11.0172
3.42234 0 1.50432 31.0846 19.8435 11.2411
3.43231 0 1.51262 31.0846 19.6261 11.4585
3.44229 0 1.52102 31.0846 19.4156 11.669
3.45227 0 1.52949 31.0846 19.2125 11.8722
3.46225 0 1.53806 31.0847 19.0172 12.0675
3.47222 0 1.5467 31.0847 18.8301 12.2546
3.4822 0 1.55544 31.0847 18.6518 12.433
3.49218 0 1.56426 31.0848 18.4826 12.6022
3.50216 0 1.57317 31.0848 18.323 12.7618
3.51213 0 1.58216 31.0848 18.1735 12.9113
3.52211 0 1.59125 31.0848 18.0344 13.0504
3.53209 0 1.60042 31.0849 17.9063 13.1786
3.54207 0 1.60969 31.0849 17.7894 13.2955
3.55204 0 1.61904 31.0849 17.6842 13.4007
3.56202 0 1.62849 31.0849 17.5911 13.4939
3.572 0 1.63803 31.0849 17.5103 13.5746
3.58198 0 1.64766 31.085 17.4423 13.6427
3.59196 0 1.65739 31.085 17.3873 13.6977
3.60193 0 1.66721 31.085 17.3455 13.7395
3.61191 0 1.67713 31.085 17.3173 13.7677
3.62189 0 1.68715 31.085 17.3027 13.7823
3.63187 0 1.69726 31.085 17.3021 13.783
3.64184 0 1.70747 31.085 17.3154 13.7696
3.65182 0 1.71779 31.085 17.3428 13.7422
3.6618 0 1.7282 31.085 17.3844 13.7007
3.67178 0 1.73872 31.085 17.4401 13.645
3.68175 0 1.74934 31.085 17.5098 13.5752
3.69173 0 1.76006 31.085 17.5936 13.4914
3.70171 0 1.77089 31.085 17.6912 13.3938
3.71169 0 1.78182 31.085 17.8026 13.2824
3.72166 0 1.79287 31.085 17.9274 13.1576
3.73164 0 1.80402 31.085 18.0654 13.0196
3.74162 0 1.81528 31.0849 18.2164 12.8686
3.7516 0 1.82666 31.0849 18.3799 12.705
3.76158 0 1.83814 31.0849 18.5556 12.5293
3.77155 0 1.84974 31.0849 18.7431 12.3418
3.78153 0 1.86145 31.0841 18.9407 12.1433
3.79151 0 1.87328 31.084 19.148 11.936
3.80149 0 1.88523 31.0855 19.3631 11.7223
3.81146 0 1.89729 31.0854 19.5857 11.4998
3.82144 0 1.90948 31.0854 19.8174 11.268
3.83142 0 1.92178 31.0854 20.0578 11.0276
3.8414 0 1.9342 31.0853 20.3062 10.7791
3.85137 0 1.94674 31.0853 20.562 10.5233
3.86135 0 1.95941 31.0853 20.8246 10.2606
3.87133 0 1.9722 31.0852 21.0934 9.99177
3.88131 0 1.98511 31.0852 21.3678 9.71734
3.89128 0 1.99815 31.0851 21.6472 9.43796
3.90126 0 2.01132 31.0851 21.9309 9.15423
3.91124 0 2.02461 31.0851 22.2183 8.86676
3.92122 0 2.03803 31.085 22.5089 8.57615
3.9312 0 2.05157 31.085 22.802 8.28297
3.94117 0 2.06525 31.085 23.0972 7.9878
3.95115 0 2.07905 31.0849 23.3937 7.69118
3.96113 0 2.09299 31.0849 23.6912 7.39365
3.97111 0 2.10705 31.0849 23.9892 7.09571
3.98108 0 2.12124 31.0848 24.287 6.79785
3.99106 0 2.13557 31.0848 24.5843 6.50054
4.00104 0 2.15002 31.0848 24.8806 6.20422
4.01102 0 2.16461 31.0848 25.1755 5.9093
4.02099 0 2.17933 31.0848 25.4686 5.61617
4.03097 0 2.19418 31.0847 25.7595 5.3252
4.04095 0 2.20917 31.0847 26.048 5.03674
4.05093 0 2.22429 31.0847 26.3336 4.75109
4.0609 0 2.23954 31.0847 26.6161 4.46855
4.07088 0 2.25492 31.0847 26.8953 4.18939
4.08086 0 2.27043 31.0847 27.1708 3.91385
4.09084 0 2.28608 31.0847 27.4425 3.64214
4.10082 0 2.30186 31.0847 27.7102 3.37446
4.11079 0 2.31778 31.0846 27.9736 3.111
4.12077 0 2.33382 31.0846 28.2327 2.85191
4.13075 0 2.35 31.0846 28.4873 2.59731
4.14073 0 2.36631 31.0846 28.7373 2.34734
4.1507 0 2.38276 31.0846 28.9826 2.10208
4.16068 0 2.39933 31.0846 29.223 1.86162
4.17066 0 2.41604 31.0846 29.4586 1.62604
4.18064 0 2.43288 31.0846 29.6893 1.39538
4.19061 0 2.44985 31.0846 29.915 1.16968
4.20059 0 2.46695 31.0846 30.1357 0.948969
4.21057 0 2.48418 31.0846 30.3514 0.733266
4.22055 0 2.50154 31.0846 30.5621 0.522574
4.23053 0 2.51903 31.0847 30.7678 0.316891
4.2405 0 2.53665 31.0847 30.9685 0.116203
4.25048 0 2.55439 31.0847 31.1642 -0.0795105
4.26046 0 2.57227 31.0847 31.3549 -0.270277
4.27044 0 2.59028 31.0847 31.5408 -0.45613
4.28041 0 2.60841 31.0847 31.7218 -0.637109
4.29039 0 2.62667 31.0847 31.8979 -0.81326
4.30037 0 2.64505 31.0847 32.0693 -0.984631
4.31035 0 2.66356 31.0847 32.236 -1.15128
4.32032 0 2.6822 31.0847 32.398 -1.31325
4.3303 0 2.70096 31.0847 32.5553 -1.47061
4.34028 0 2.71985 31.0847 32.7081 -1.62342
4.35026 0 2.73885 31.0847 32.8565 -1.77175
4.36023 0 2.75799 31.0847 33.0004 -1.91565
4.37021 0 2.77724 31.0847 33.14 -2.05521
4.38019 0 2.79662 31.0848 33.2752 -2.19047
4.39017 0 2.81611 31.0848 33.4063 -2.32152
4.40015 0 2.83573 31.0844 33.5327 -2.4483
4.41012 0 2.85547 31.0844 33.6546 -2.57016
4.4201 0 2.87533 31.0844 33.7724 -2.68801
4.43008 0 2.8953 31.0844 33.8864 -2.80192
4.44006 0 2.9154 31.0844 33.9964 -2.91195
4.45003 0 2.93561 31.0844 34.1026 -3.01817
4.46001 0 2.95594 31.0858 34.2028 -3.11702
4.46999 0 2.97638 31.0858 34.297 -3.21119
4.47997 0 2.99694 31.0858 34.3875 -3.30169
4.48994 0 3.01761 31.0858 34.4744 -3.38859
4.49992 0 3.0384 31.0872 34.5562 -3.46902
4.5099 0 3.0593 31.0872 34.6333 -3.54606
4.51988 0 3.08032 31.0872 34.7072 -3.62002
4.52985 0 3.10144 31.0715 34.7611 -3.68954
4.53983 0 3.12267 31.0715 34.7953 -3.72382
4.54981 0 3.144 31.0715 34.8278 -3.75632
4.55979 0 3.16543 31.0715 34.8585 -3.78704
4.56977 0 3.18695 31.0715 34.8875 -3.81597
4.57974 0 3.20858 31.0715 34.9146 -3.84313
4.58972 0 3.2303 31.0715 34.94 -3.86852
4.5997 0 3.25212 31.0715 34.9636 -3.89213
4.60968 0 3.27404 31.0715 34.9855 -3.91399
4.61965 0 3.29605 31.0695 34.9994 -3.92991
4.62963 0 3.31815 31.0695 35.0055 -3.93598
4.63961 0 3.34035 31.0645 35.0048 -3.94029
4.64959 0 3.36262 31.0645 34.9973 -3.93279
4.65956 0 3.38499 31.0645 34.9881 -3.92364
4.66954 0 3.40743 31.0645 34.9773 -3.91281
4.67952 0 3.42996 31.0645 34.9648 -3.90029
4.6895 0 3.45257 31.0645 34.9506 -3.88607
4.69947 0 3.47526 31.0645 34.9346 -3.87013
4.70945 0 3.49803 31.0645 34.917 -3.85248
4.71943 0 3.52088 31.0645 34.8976 -3.83311
4.72941 0 3.54381 31.0645 34.8765 -3.81202
4.73939 0 3.56682 31.0645 34.8537 -3.78922
4.74936 0 3.5899 31.0645 34.8292 -3.7647
4.75934 0 3.61306 31.0645 34.803 -3.73849
4.76932 0 3.63629 31.0645 34.7751 -3.71059
4.7793 0 3.65959 31.0645 34.7455 -3.68101
4.78927 0 3.68297 31.0645 34.7143 -3.64979
4.79925 0 3.70642 31.0645 34.6814 -3.61693
4.80923 0 3.72993 31.0641 34.6462 -3.58212
4.81921 0 3.75352 31.0641 34.6087 -3.54462
4.82918 0 3.77717 31.0641 34.5697 -3.50561
4.83916 0 3.8009 31.0641 34.5293 -3.46514
4.84914 0 3.82468 31.0641 34.4873 -3.42322
4.85912 0 3.84854 31.0643 34.4392 -3.37493
4.86909 0 3.87245 31.0678 34.3778 -3.31
4.87907 0 3.89643 31.0678 34.3078 -3.23998
4.88905 0 3.92047 31.0678 34.2363 -3.16846
4.89903 0 3.94457 31.0678 34.1632 -3.09544
4.90901 0 3.96873 31.0678 34.0887 -3.0209
4.91898 0 3.99295 31.0678 34.0126 -2.94485
4.92896 0 4.01723 31.0678 33.9351 -2.86729
4.93894 0 4.04156 31.0678 33.856 -2.78822
4.94892 0 4.06594 31.0678 33.7754 -2.70765
4.95889 0 4.09038 31.0842 33.6672 -2.58307
4.96887 0 4.11487 31.0842 33.5295 -2.44532
4.97885 0 4.13941 31.0841 33.3863 -2.30218
4.98883 0 4.164 31.084 33.2368 -2.15277
4.9988 0 4.18863 31.084 33.0807 -1.99668
5.00878 0 4.2133 31.084 32.9187 -1.83476
5.01876 0 4.23802 31.084 32.7508 -1.66687
5.02874 0 4.26277 31.084 32.5769 -1.49292
5.03872 0 4.28755 31.084 32.3968 -1.3128
5.04869 0 4.31237 31.0839 32.2104 -1.12642
5.05867 0 4.33722 31.0839 32.0176 -0.933686
5.06865 0 4.36209 31.0839 31.8184 -0.734522
5.07863 0 4.38699 31.0839 31.6128 -0.528858
5.0886 0 4.4119 31.0839 31.4005 -0.316639
5.09858 0 4.43684 31.0839 31.1817 -0.0978191
5.10856 0 4.46179 31.0839 30.9563 0.127632
5.11854 0 4.48674 31.0839 30.7242 0.359729
5.12851 0 4.51171 31.0839 30.4854 0.598469
5.13849 0 4.53668 31.0839 30.24 0.843834
5.14847 0 4.56165 31.0839 29.9881 1.09578
5.15845 0 4.58662 31.0839 29.7296 1.35425
5.16842 0 4.61158 31.0839 29.4647 1.61916
5.1784 0 4.63654 31.0839 29.1935 1.89039
5.18838 0 4.66147 31.0839 28.9161 2.16781
5.19836 0 4.68639 31.0839 28.6326 2.45127
5.20834 0 4.71129 31.0839 28.3434 2.74055
5.21831 0 4.73616 31.0839 28.0485 3.03544
5.22829 0 4.76101 31.0839 27.7483 3.33567
5.23827 0 4.78582 31.084 27.4421 3.64188
5.24825 0 4.81059 31.084 27.1306 3.95345
5.25822 0 4.83532 31.084 26.8149 4.26915
5.2682 0 4.86001 31.0841 26.4955 4.58852
5.27818 0 4.88464 31.0841 26.173 4.91111
5.28816 0 4.90923 31.0841 25.8477 5.23642
5.29813 0 4.93375 31.0842 25.5203 5.56389
5.30811 0 4.95821 31.0842 25.1913 5.89293
5.31809 0 4.98261 31.0842 24.8613 6.22294
5.32807 0 5.00693 31.0843 24.531 6.55323
5.33804 0 5.03119 31.0848 24.2001 6.88468
5.34802 0 5.05536 31.0848 23.869 7.21587
5.358 0 5.07945 31.0849 23.5393 7.54554
5.36798 0 5.10345 31.0858 23.2087 7.8771
5.37796 0 5.12737 31.0858 22.8777 8.20812
5.38793 0 5.15118 31.0859 22.5506 8.53528
5.39791 0 5.17489 31.0859 22.2282 8.85772
5.40789 0 5.1985 31.086 21.9114 9.17457
5.41787 0 5.22201 31.086 21.6011 9.48496
5.42784 0 5.2454 31.0861 21.2981 9.788
5.43782 0 5.26868 31.0861 21.0033 10.0828
5.4478 0 5.29184 31.0862 20.7177 10.3685
5.45778 0 5.31488 31.0862 20.4421 10.6442
5.46775 0 5.33781 31.0863 20.1773 10.909
5.47773 0 5.36061 31.0864 19.9243 11.1621
5.48771 0 5.38328 31.0864 19.6838 11.4026
5.49769 0 5.40582 31.0864 19.4565 11.6299
5.50766 0 5.42824 31.0865 19.2433 11.8432
5.51764 0 5.45053 31.0865 19.0449 12.0417
5.52762 0 5.47268 31.0866 18.8618 12.2248
5.5376 0 5.4947 31.0866 18.6947 12.3919
5.54758 0 5.51659 31.0866 18.5441 12.5426
5.55755 0 5.53834 31.0867 18.4104 12.6763
5.56753 0 5.55996 31.0867 18.294 12.7926
5.57751 0 5.58145 31.0867 18.1953 12.8914
5.58749 0 5.6028 31.0867 18.1145 12.9722
5.59746 0 5.62402 31.0867 18.0517 13.035
5.60744 0 5.64511 31.0867 18.007 13.0797
5.61742 0 5.66606 31.0867 17.9804 13.1063
5.6274 0 5.68689 31.0867 17.9718 13.1149
5.63737 0 5.70759 31.0867 17.9811 13.1055
5.64735 0 5.72816 31.0867 18.0081 13.0786
5.65733 0 5.7486 31.0866 18.0523 13.0343
5.66731 0 5.76893 31.0866 18.1135 12.9731
5.67728 0 5.78913 31.0866 18.1912 12.8954
5.68726 0 5.80922 31.0865 18.2849 12.8017
5.69724 0 5.8292 31.0865 18.394 12.6925
5.70722 0 5.84906 31.0865 18.5179 12.5686
5.7172 0 5.86881 31.0631 18.5494 12.5138
5.72717 0 5.88846 31.0631 18.4833 12.5798
5.73715 0 5.908 31.0631 18.4227 12.6403
5.74713 0 5.92744 31.0631 18.3673 12.6957
5.75711 0 5.94677 31.063 18.3168 12.7463
5.76708 0 5.96599 31.063 18.2707 12.7923
5.77706 0 5.98512 31.063 18.2289 12.8341
5.78704 0 6.00414 31.063 18.1911 12.8719
5.79702 0 6.02305 31.063 18.157 12.906
5.80699 0 6.04187 31.063 18.1264 12.9366
5.81697 0 6.06058 31.0629 18.0992 12.9638
5.82695 0 6.0792 31.0629 18.0751 12.9878
5.83693 0 6.09771 31.0629 18.0542 13.0087
5.8469 0 6.11613 31.0629 18.0363 13.0267
5.85688 0 6.13445 31.0629 18.0213 13.0416
5.86686 0 6.15267 31.0629 18.0093 13.0536
5.87684 0 6.1708 31.0629 18.0003 13.0627
5.88682 0 6.18883 31.063 17.9943 13.0687
5.89679 0 6.20677 31.0599 17.9882 13.0718
5.90677 0 6.22461 31.0599 17.9816 13.0783
5.91675 0 6.24236 31.0599 17.9777 13.0822
5.92673 0 6.26002 31.0599 17.9765 13.0835
5.9367 0 6.27759 31.06 17.978 13.082
5.94668 0 6.29507 31.06 17.9823 13.0777
5.95666 0 6.31247 31.06 17.9895 13.0705
5.96664 0 6.32977 31.06 17.9998 13.0602
5.97661 0 6.347 31.1667 17.8734 13.2933
5.98659 0 6.36413 31.1667 17.6148 13.5519
5.99657 0 6.38118 31.1668 17.3671 13.7996
6.00655 0 6.39814 31.1668 17.1308 14.036
6.01653 0 6.415 31.1668 16.9065 14.2603
6.0265 0 6.43178 31.1668 16.6946 14.4722
6.03648 0 6.44847 31.1669 16.4957 14.6712
6.04646 0 6.46507 31.1669 16.3102 14.8567
6.05644 0 6.48157 31.1669 16.1384 15.0285
6.06641 0 6.49799 31.1669 15.9808 15.1862
6.07639 0 6.51431 31.167 15.8375 15.3294
6.08637 0 6.53055 31.167 15.709 15.458
6.09635 0 6.54669 31.167 15.5954 15.5716
6.10632 0 6.56274 31.168 15.4944 15.6736
6.1163 0 6.57871 31.168 15.4063 15.7617
6.12628 0 6.59458 31.168 15.3336 15.8344
6.13626 0 6.61037 31.168 15.2764 15.8917
6.14623 0 6.62608 31.168 15.2345 15.9335
6.15621 0 6.6417 31.168 15.208 15.96
6.16619 0 6.65724 31.168 15.1967 15.9713
6.17617 0 6.67269 31.168 15.2006 15.9674
6.18615 0 6.68807 31.168 15.2193 15.9487
6.19612 0 6.70337 31.168 15.2527 15.9153
6.2061 0 6.7186 31.1679 15.3004 15.8675
6.21608 0 6.73375 31.1679 15.3623 15.8056
6.22606 0 6.74884 31.1679 15.438 15.7299
6.23603 0 6.76385 31.1679 15.5272 15.6407
6.24601 0 6.7788 31.1678 15.6294 15.5385
6.25599 0 6.79369 31.1678 15.7442 15.4236
6.26597 0 6.80851 31.1678 15.8713 15.2965
6.27594 0 6.82328 31.1678 16.0102 15.1575
6.28592 0 6.83799 31.1677 16.1605 15.0072
6.2959 0 6.85265 31.1677 16.3217 14.846
6.30588 0 6.86726 31.1677 16.4934 14.6743
6.31585 0 6.88183 31.1677 16.675 14.4927
6.32583 0 6.89635 31.1676 16.8661 14.3015
6.33581 0 6.91083 31.1676 17.0662 14.1014
6.34579 0 6.92528 31.1676 17.2748 13.8927
6.35577 0 6.93969 31.1675 17.4915 13.676
6.36574 0 6.95407 31.1408 17.6814 13.4593
6.37572 0 6.96842 31.1407 17.8415 13.2992
6.3857 0 6.98274 31.1407 18.003 13.1376
6.39568 0 6.99704 31.0972 18.0562 13.041
6.40565 0 7.01132 31.0972 18.0086 13.0885
6.41563 0 7.02558 31.0972 17.9728 13.1243
6.42561 0 7.03982 31.0971 17.9486 13.1485
6.43559 0 7.05404 31.0971 17.9357 13.1614
6.44556 0 7.06824 31.0971 17.9337 13.1634
6.45554 0 7.08242 31.1001 17.9391 13.1611
6.46552 0 7.09659 31.1001 17.9513 13.1489
6.4755 0 7.11073 31.1001 17.973 13.1271
6.48547 0 7.12486 31.1001 18.0038 13.0962
6.49545 0 7.13898 31.1 18.0434 13.0566
6.50543 0 7.15308 31.1 18.0913 13.0087
6.51541 0 7.16717 31.1 18.1469 12.9531
6.52539 0 7.18124 31.0999 18.2098 12.8901
6.53536 0 7.1953 31.0999 18.2796 12.8203
6.54534 0 7.20936 31.0999 18.3557 12.7442
6.55532 0 7.2234 31.0998 18.4377 12.6621
6.5653 0 7.23744 31.0998 18.5251 12.5747
6.57527 0 7.25146 31.0998 18.6175 12.4822
6.58525 0 7.26549 31.0997 18.7145 12.3852
6.59523 0 7.2795 31.0997 18.8156 12.2841
6.60521 0 7.29352 31.0997 18.9205 12.1791
6.61518 0 7.30753 31.0997 19.0289 12.0708
6.62516 0 7.32154 31.0996 19.1403 11.9593
6.63514 0 7.33555 31.0996 19.2546 11.845
6.64512 0 7.34955 31.0996 19.3716 11.7281
6.65509 0 7.36357 31.0996 19.4909 11.6087
6.66507 0 7.37758 31.0996 19.6125 11.4871
6.67505 0 7.3916 31.161 19.6013 11.5596
6.68503 0 7.40562 31.161 19.4523 11.7087
6.69501 0 7.41965 31.161 19.2979 11.8631
6.70498 0 7.43368 31.161 19.1388 12.0223
6.71496 0 7.44771 31.1611 18.9752 12.1858
6.72494 0 7.46175 31.1611 18.8078 12.3533
6.73492 0 7.47579 31.1611 18.6371 12.524
6.74489 0 7.48984 31.1612 18.4638 12.6974
6.75487 0 7.5039 31.1612 18.2884 12.8728
6.76485 0 7.51795 31.1613 18.1117 13.0496
6.77483 0 7.53202 31.1613 17.9344 13.2269
6.7848 0 7.54608 31.1614 17.7573 13.4041
6.79478 0 7.56016 31.122 17.4885 13.6335
6.80476 0 7.57423 31.1221 17.1304 13.9916
6.81474 0 7.58831 31.1221 16.7786 14.3435
6.82472 0 7.6024 31.1222 16.434 14.6881
6.83469 0 7.61649 31.1223 16.0977 15.0246
6.84467 0 7.63058 31.1223 15.7705 15.3518
6.85465 0 7.64467 31.1224 15.4534 15.6689
6.86463 0 7.65876 31.1224 15.1476 15.9749
6.8746 0 7.67286 31.1225 14.8539 16.2686
6.88458 0 7.68696 31.1226 14.5733 16.5493
6.89456 0 7.70106 31.1226 14.3067 16.8159
6.90454 0 7.71517 31.1227 14.0552 17.0675
6.91451 0 7.72927 31.1227 13.8196 17.3032
6.92449 0 7.74338 31.1228 13.6007 17.5221
6.93447 0 7.7575 31.1228 13.3994 17.7235
6.94445 0 7.77161 31.1229 13.2163 17.9065
6.95442 0 7.78574 31.1229 13.0523 18.0706
6.9644 0 7.79987 31.1229 12.908 18.215
6.97438 0 7.814 31.123 12.7838 18.3392
6.98436 0 7.82814 31.123 12.6803 18.4427
6.99434 0 7.8423 31.123 12.5979 18.5252
7.00431 0 7.85646 31.123 12.5368 18.5862
7.01429 0 7.87063 31.123 12.4973 18.6257
7.02427 0 7.88482 31.123 12.4796 18.6435
7.03425 0 7.89902 31.123 12.4836 18.6395
7.04422 0 7.91324 31.1096 12.2993 18.8103
7.0542 0 7.92747 31.1097 11.9278 19.1819
7.06418 0 7.94172 31.1097 11.5759 19.5339
7.07416 0 7.95599 31.1098 11.245 19.8648
7.08413 0 7.97027 31.1099 10.9367 20.1732
7.09411 0 7.98457 31.11 10.6524 20.4576
7.10409 0 7.99889 31.1101 10.3934 20.7166
7.11407 0 8.01321 31.1102 10.1613 20.9488
7.12404 0 8.02756 31.1102 9.95733 21.1529
7.13402 0 8.04192 31.1103 9.7828 21.3275
7.144 0 8.05629 31.1104 9.63892 21.4715
7.15398 0 8.07068 31.1104 9.52684 21.5836
7.16396 0 8.08509 31.1105 9.44757 21.6629
7.17393 0 8.09951 31.1106 9.40203 21.7085
7.18391 0 8.11396 31.1106 9.391 21.7196
7.19389 0 8.12842 31.1106 9.41509 21.6955
7.20387 0 8.14291 31.1106 9.47479 21.6359
7.21384 0 8.15741 31.1107 9.57037 21.5403
7.22382 0 8.17195 31.1106 9.70194 21.4087
7.2338 0 8.1865 31.1106 9.8694 21.2412
7.24378 0 8.20109 31.1106 10.0725 21.0381
7.25375 0 8.21571 31.1106 10.3106 20.7999
7.26373 0 8.23035 31.1105 10.5832 20.5273
7.27371 0 8.24503 31.1104 10.8892 20.2212
7.28369 0 8.25975 31.1104 11.2276 19.8827
7.29366 0 8.27451 31.0814 11.5318 19.5496
7.30364 0 8.28931 31.0813 11.7938 19.2875
7.31362 0 8.30415 31.0812 12.0761 19.0051
7.3236 0 8.31904 31.0811 12.3772 18.7039
7.33358 0 8.33397 31.081 12.6956 18.3854
7.34355 0 8.34896 31.0809 13.0297 18.0512
7.35353 0 8.364 31.0808 13.3776 17.7032
7.36351 0 8.37909 31.0807 13.7377 17.343
7.37349 0 8.39425 31.0806 14.1082 16.9724
7.38346 0 8.40946 31.0976 14.1971 16.9005
7.39344 0 8.42473 31.0977 14.0049 17.0928
7.40342 0 8.44007 31.0978 13.8229 17.2749
7.4134 0 8.45547 31.0979 13.653 17.445
7.42337 0 8.47094 31.0981 13.4971 17.601
7.43335 0 8.48647 31.0982 13.357 17.7412
7.44333 0 8.50206 31.1033 13.2285 17.8748
7.45331 0 8.51772 31.1034 13.1135 17.9899
7.46328 0 8.53345 31.1035 13.0195 18.084
7.47326 0 8.54924 31.1036 12.9481 18.1555
7.48324 0 8.56511 31.1037 12.9005 18.2032
7.49322 0 8.58104 31.1038 12.878 18.2258
7.5032 0 8.59704 31.1038 12.8815 18.2223
7.51317 0 8.61312 31.1038 12.9118 18.192
7.52315 0 8.62928 31.1039 12.9695 18.1344
7.53313 0 8.6455 31.1039 13.0548 18.0491
7.54311 0 8.66181 31.061 13.0846 17.9764
7.55308 0 8.6782 31.061 13.0614 17.9995
7.56306 0 8.69467 31.0609 13.0703 17.9906
7.57304 0 8.71122 31.0609 13.1106 17.9503
7.58302 0 8.72786 31.0608 13.1814 17.8795
7.59299 0 8.74459 31.0607 13.2816 17.7791
7.60297 0 8.76141 31.0607 13.4102 17.6505
7.61295 0 8.77832 31.0606 13.5656 17.495
7.62293 0 8.79533 31.0605 13.7463 17.3142
7.6329 0 8.81243 31.0603 13.9507 17.1097
7.64288 0 8.82964 31.0602 14.177 16.8833
7.65286 0 8.84695 31.0601 14.4234 16.6368
7.66284 0 8.86436 31.06 14.688 16.3721
7.67282 0 8.88189 31.0599 14.9688 16.091
7.68279 0 8.89952 31.0598 15.2641 15.7956
7.69277 0 8.91726 31.0597 15.5719 15.4877
7.70275 0 8.93512 31.0596 15.8904 15.1692
7.71273 0 8.9531 31.1062 15.9774 15.1288
7.7227 0 8.97119 31.1062 15.8345 15.2717
7.73268 0 8.9894 31.1062 15.7073 15.3989
7.74266 0 9.00774 31.1063 15.5962 15.51
7.75264 0 9.0262 31.1063 15.5019 15.6044
7.76261 0 9.04479 31.1063 15.4246 15.6817
7.77259 0 9.06351 31.1063 15.3649 15.7414
7.78257 0 9.08235 31.1064 15.323 15.7834
7.79255 0 9.10133 31.1064 15.299 15.8073
7.80253 0 9.12044 31.1064 15.2933 15.8131
7.8125 0 9.13969 31.1064 15.3057 15.8007
7.82248 0 9.15908 31.1064 15.3362 15.7701
7.83246 0 9.17861 31.1063 15.3848 15.7215
7.84244 0 9.19828 31.1063 15.4512 15.6551
7.85241 0 9.21809 31.1063 15.5352 15.5711
7.86239 0 9.23805 31.1063 15.6364 15.4699
7.87237 0 9.25816 31.1062 15.7543 15.3519
7.88235 0 9.27842 31.1062 15.8885 15.2177
7.89232 0 9.29883 31.1062 16.0385 15.0677
7.9023 0 9.31939 31.1061 16.2035 14.9026
7.91228 0 9.34012 31.1061 16.383 14.7231
7.92226 0 9.36099 31.106 16.5762 14.5298
7.93223 0 9.38203 31.106 16.7824 14.3236
7.94221 0 9.40323 31.1059 17.0008 14.1051
7.95219 0 9.42459 31.1059 17.2306 13.8752
7.96217 0 9.44612 31.1058 17.4711 13.6347
7.97215 0 9.46781 31.1058 17.7214 13.3844
7.98212 0 9.48967 31.1057 17.9806 13.1251
7.9921 0 9.51169 31.1057 18.248 12.8577
8.00208 0 9.53389 31.1056 18.5228 12.5828
8.01206 0 9.55625 31.1056 18.8041 12.3014
8.02203 0 9.57879 31.1055 19.0913 12.0143
8.03201 0 9.6015 31.1055 19.3835 11.722
8.04199 0 9.62439 31.1055 19.68 11.4255
8.05197 0 9.64744 31.1054 19.9801 11.1254
8.06194 0 9.67068 31.1054 20.2831 10.8223
8.07192 0 9.69409 31.1053 20.5885 10.5169
8.0819 0 9.71768 31.1122 20.8479 10.2643
8.09188 0 9.74144 31.1122 21.0587 10.0535
8.10185 0 9.76538 31.1122 21.2662 9.84595
8.11183 0 9.78951 31.1122 21.4702 9.64194
8.12181 0 9.81381 31.1122 21.6704 9.44177
8.13179 0 9.83829 31.1121 21.8665 9.24568
8.14177 0 9.86296 31.1121 22.0583 9.05386
8.15174 0 9.88781 31.1121 22.2456 8.86648
8.16172 0 9.91284 31.1121 22.4285 8.68367
8.1717 0 9.93805 31.1121 22.6066 8.50551
8.18168 0 9.96345 31.1121 22.7801 8.33205
8.19165 0 9.98904 31.1121 22.9488 8.16331
8.20163 0 10.0148 31.1121 23.1129 7.99928
8.21161 0 10.0408 31.1121 23.2722 7.83991
8.22159 0 10.0669 31.1122 23.427 7.68513
8.23156 0 10.0932 31.1122 23.5773 7.53484
8.24154 0 10.1198 31.1122 23.7233 7.38889
8.25152 0 10.1465 31.1122 23.865 7.24715
8.2615 0 10.1734 31.1122 24.0028 7.10943
8.27147 0 10.2004 31.1122 24.1367 6.97553
8.28145 0 10.2277 31.1122 24.267 6.84523
8.29143 0 10.2552 31.0872 24.3655 6.72168
8.30141 0 10.2828 31.0872 24.437 6.65017
8.31139 0 10.3107 31.0872 24.5129 6.57425
8.32136 0 10.3387 31.0872 24.5933 6.49393
8.33134 0 10.367 31.0872 24.678 6.40922
8.34132 0 10.3954 31.0872 24.767 6.32014
8.3513 0 10.424 31.0877 24.8589 6.22882
8.36127 0 10.4528 31.0877 24.9537 6.13406
8.37125 0 10.4818 31.0869 25.051 6.03593
8.38123 0 10.511 31.0869 25.1507 5.93617
8.39121 0 10.5404 31.0869 25.2549 5.832
8.40118 0 10.57 31.0869 25.3635 5.72344
8.41116 0 10.5998 31.0869 25.4764 5.6105
8.42114 0 10.6298 31.0869 25.5937 5.4932
8.43112 0 10.66 31.0869 25.7153 5.37156
8.44109 0 10.6904 31.0869 25.8413 5.24561
8.45107 0 10.721 31.0869 25.9715 5.11541
8.46105 0 10.7518 31.0869 26.1059 4.981
8.47103 0 10.7827 31.0869 26.2444 4.84245
8.48101 0 10.8139 31.0869 26.3871 4.69983
8.49098 0 10.8453 31.0869 26.5336 4.55325
8.50096 0 10.8769 31.0869 26.6841 4.40281
8.51094 0 10.9086 31.0869 26.8383 4.24862
8.52092 0 10.9406 31.0869 26.996 4.09083
8.53089 0 10.9727 31.0869 27.1573 3.92959
8.54087 0 11.0051 31.0868 27.3218 3.76506
8.55085 0 11.0376 31.0868 27.4894 3.59742
8.56083 0 11.0704 31.0868 27.66 3.42687
8.5708 0 11.1033 31.0868 27.8332 3.25362
8.58078 0 11.1364 31.0868 28.0089 3.0779
8.59076 0 11.1697 31.0868 28.1869 2.89993
8.60074 0 11.2032 31.0868 28.3668 2.71995
8.61072 0 11.2369 31.0868 28.5485 2.53824
8.62069 0 11.2708 31.0867 28.7317 2.35504
8.63067 0 11.3049 31.0867 28.9161 2.17062
8.64065 0 11.3391 31.0867 29.1014 1.98527
8.65063 0 11.3736 31.0867 29.2874 1.79927
8.6606 0 11.4082 31.0867 29.4738 1.61289
8.67058 0 11.443 31.0867 29.6603 1.42641
8.68056 0 11.478 31.0867 29.8465 1.24013
8.69054 0 11.5132 31.0866 30.0162 1.07045
8.70051 0 11.5485 31.0866 30.1694 0.917185
8.71049 0 11.584 31.0863 30.3192 0.767119
8.72047 0 11.6197 31.0863 30.4654 0.620888
8.73045 0 11.6556 31.0795 30.6027 0.47677
8.74042 0 11.6917 31.0795 30.7308 0.348683
8.7504 0 11.7279 31.0795 30.8584 0.221101
8.76038 0 11.7643 31.0794 30.9852 0.0942399
8.77036 0 11.8008 31.0794 31.1111 -0.0316946
8.78034 0 11.8376 31.0794 31.2359 -0.156502
8.79031 0 11.8745 31.0794 31.3594 -0.279992
8.80029 0 11.9115 31.0794 31.4814 -0.401981
8.81027 0 11.9488 31.0926 31.5885 -0.495988
8.82025 0 11.9862 31.0925 31.6811 -0.588573
8.83022 0 12.0238 31.0925 31.7727 -0.680119
8.8402 0 12.0615 31.0925 31.863 -0.770484
8.85018 0 12.0994 31.0925 31.9521 -0.85954
8.86016 0 12.1374 31.0925 32.0397 -0.947165
8.87013 0 12.1757 31.0925 32.1258 -1.03325
8.88011 0 12.214 31.0702 32.15 -1.07983
8.89009 0 12.2526 31.0702 32.1144 -1.04424
8.90007 0 12.2913 31.0702 32.0811 -1.01092
8.91004 0 12.3301 31.0702 32.0501 -0.979923
8.92002 0 12.3691 31.0739 32.0142 -0.940297
8.93 0 12.4083 31.0739 31.9731 -0.899212
8.93998 0 12.4476 31.0739 31.9338 -0.859902
8.94996 0 12.4871 31.0739 31.8963 -0.822367
8.95993 0 12.5267 31.0739 31.8605 -0.786598
8.96991 0 12.5665 31.0739 31.8265 -0.752578
8.97989 0 12.6064 31.0739 31.7942 -0.720286
8.98987 0 12.6465 31.0739 31.7636 -0.68969
8.99984 0 12.6868 31.0739 31.7346 -0.660752
9.00982 0 12.7272 31.0739 31.7073 -0.633429
9.0198 0 12.7677 31.0739 31.6815 -0.607669
9.02978 0 12.8084 31.0739 31.6573 -0.583411
9.03975 0 12.8492 31.0739 31.6345 -0.560593
9.04973 0 12.8902 31.0739 31.613 -0.53914
9.05971 0 12.9314 31.0739 31.5928 -0.518977
9.06969 0 12.9727 31.0738 31.5739 -0.500019
9.07966 0 13.0141 31.0738 31.556 -0.482177
9.08964 0 13.0557 31.0738 31.5392 -0.465357
9.09962 0 13.0974 31.0738 31.5233 -0.449461
9.1096 0 13.1393 31.0738 31.5082 -0.434386
9.11958 0 13.1813 31.0738 31.4938 -0.420027
9.12955 0 13.2234 31.0738 31.4801 -0.406273
9.13953 0 13.2657 31.0738 31.4668 -0.393015
9.14951 0 13.3081 31.0738 31.4539 -0.380139
9.15949 0 13.3507 31.0738 31.4413 -0.367529
9.16946 0 13.3934 31.0738 31.4288 -0.355072
9.17944 0 13.4362 31.0737 31.4164 -0.342653
9.18942 0 13.4791 31.0737 31.4039 -0.330157
9.1994 0 13.5222 31.0737 31.3912 -0.317471
9.20937 0 13.5654 31.0737 31.3782 -0.304486
9.21935 0 13.6087 31.0737 31.3648 -0.291093
9.22933 0 13.6522 31.0737 31.3509 -0.277189
9.23931 0 13.6957 31.0737 31.3364 -0.262674
9.24928 0 13.7394 31.0737 31.3211 -0.247453
9.25926 0 13.7832 31.0843 31.2873 -0.20293
9.26924 0 13.827 31.0843 31.2335 -0.149163
9.27922 0 13.8709 31.0843 31.1765 -0.0922018
9.2892 0 13.9149 31.0843 31.1162 -0.0319085
9.29917 0 13.959 31.0843 31.0524 0.0318485
9.30915 0 14.0031 31.0843 30.9851 0.0991942
9.31913 0 14.0473 31.0973 30.9005 0.196813
9.32911 0 14.0915 31.0973 30.7985 0.298787
9.33908 0 14.1358 31.0973 30.6923 0.405033
9.34906 0 14.18 31.0973 30.5817 0.515618
9.35904 0 14.2242 31.0973 30.4667 0.630593
9.36902 0 14.2685 31.0973 30.3473 0.75
9.37899 0 14.3127 31.0973 30.2234 0.873866
9.38897 0 14.357 31.0973 30.0951 1.00221
9.39895 0 14.4012 31.0973 29.9623 1.13502
9.40893 0 14.4454 31.0973 29.825 1.27229
9.4189 0 14.4895 31.0973 29.6833 1.41399
9.42888 0 14.5337 31.0973 29.5372 1.56009
9.43886 0 14.5778 31.0973 29.3868 1.71051
9.44884 0 14.6218 31.0973 29.2321 1.86518
9.45882 0 14.6658 31.0973 29.0733 2.02401
9.46879 0 14.7097 31.0973 28.9104 2.1869
9.47877 0 14.7536 31.0973 28.7436 2.35372
9.48875 0 14.7974 31.0973 28.573 2.52434
9.49873 0 14.8411 31.0973 28.3987 2.69859
9.5087 0 14.8847 31.0973 28.221 2.87631
9.51868 0 14.9282 31.0973 28.04 3.0573
9.52866 0 14.9717 31.0973 27.856 3.24136
9.53864 0 15.015 31.0974 27.6691 3.42828
9.54861 0 15.0582 31.0974 27.4796 3.61781
9.55859 0 15.1013 31.0974 27.2877 3.80971
9.56857 0 15.1442 31.0974 27.0937 4.00371
9.57855 0 15.1871 31.0974 26.8979 4.19952
9.58853 0 15.2298 31.0974 26.7006 4.39686
9.5985 0 15.2723 31.0974 26.502 4.59541
9.60848 0 15.3147 31.0975 26.3026 4.79485
9.61846 0 15.3569 31.0975 26.1026 4.99485
9.62844 0 15.399 31.0975 25.9025 5.19505
9.63841 0 15.4408 31.0975 25.7024 5.3951
9.64839 0 15.4825 31.0975 25.5029 5.59462
9.65837 0 15.524 31.0976 25.3043 5.79324
9.66835 0 15.5654 31.0976 25.1071 5.99054
9.67832 0 15.6065 31.0976 24.9115 6.18614
9.6883 0 15.6474 31.0976 24.718 6.37962
9.69828 0 15.6881 31.0977 24.5271 6.57055
9.70826 0 15.7286 31.0977 24.3392 6.7585
9.71823 0 15.7689 31.0977 24.1547 6.94303
9.72821 0 15.8089 31.0978 23.9741 7.1237
9.73819 0 15.8487 31.0978 23.7977 7.30005
9.74817 0 15.8882 31.0978 23.6262 7.47161
9.75815 0 15.9276 31.0978 23.4599 7.63794
9.76812 0 15.9666 31.0979 23.2993 7.79855
9.7781 0 16.0055 31.0979 23.1449 7.95297
9.78808 0 16.044 31.21 22.8775 8.3325
9.79806 0 16.0823 31.2101 22.4921 8.718
9.80803 0 16.1203 31.2101 22.1042 9.10598
9.81801 0 16.1581 31.2065 21.7107 9.49578
9.82799 0 16.1955 31.2065 21.313 9.89351
9.83797 0 16.2326 31.2066 20.9167 10.2899
9.84794 0 16.2694 31.2067 20.5227 10.6839
9.85792 0 16.3059 31.2067 20.1324 11.0743
9.8679 0 16.342 31.2068 19.7469 11.4599
9.87788 0 16.3778 31.2069 19.3674 11.8394
9.88785 0 16.4133 31.207 18.9954 12.2116
9.89783 0 16.4483 31.207 18.632 12.5751
9.90781 0 16.4831 31.2071 18.2786 12.9286
9.91779 0 16.5174 31.2072 17.9366 13.2707
9.92777 0 16.5514 31.2073 17.6073 13.6
9.93774 0 16.5849 31.2074 17.2921 13.9153
9.94772 0 16.6181 31.2075 16.9924 14.2151
9.9577 0 16.6509 31.2075 16.7093 14.4982
9.96768 0 16.6833 31.2076 16.4443 14.7633
9.97765 0 16.7152 31.2077 16.1985 15.0092
