0.00997765 0 3.7476e-05 24.3718 30.0629 -5.69118
0.0199553 0 0.000149838 24.3717 30.0355 -5.66379
0.029933 0 0.000336981 24.3717 30.0059 -5.6342
0.0399106 0 0.000598785 24.3717 29.9741 -5.60235
0.0498883 0 0.000935123 24.3717 29.9399 -5.56818
0.0598659 0 0.00134585 24.3717 29.9033 -5.53161
0.0698436 0 0.00183082 24.3717 29.8643 -5.49258
0.0798212 0 0.00238986 24.3717 29.8227 -5.45101
0.0897989 0 0.00302279 24.3717 29.7785 -5.40685
0.0997765 0 0.00372942 24.3717 29.7317 -5.36001
0.109754 0 0.00450954 24.3717 29.6821 -5.31042
0.119732 0 0.00536293 24.3717 29.6297 -5.25802
0.129709 0 0.00628935 24.3717 29.5744 -5.20274
0.139687 0 0.00728854 24.3717 29.5162 -5.14449
0.149665 0 0.00836025 24.3717 29.4549 -5.0832
0.159642 0 0.00950417 24.3717 29.3905 -5.01881
0.16962 0 0.01072 24.3717 29.3229 -4.95124
0.179598 0 0.0120074 24.3716 29.2521 -4.88042
0.189575 0 0.0133661 24.3716 29.1779 -4.80628
0.199553 0 0.0147957 24.3716 29.1004 -4.72874
0.209531 0 0.0162958 24.3716 29.0194 -4.64773
0.219508 0 0.017866 24.3716 28.9348 -4.56318
0.229486 0 0.019506 24.3716 28.8466 -4.47503
0.239464 0 0.0212151 24.3716 28.7548 -4.38321
0.249441 0 0.0229931 24.3716 28.6592 -4.28765
0.259419 0 0.0248395 24.3716 28.5599 -4.18828
0.269397 0 0.0267536 24.3716 28.4566 -4.08505
0.279374 0 0.028735 24.3716 28.3495 -3.9779
0.289352 0 0.0307832 24.3716 28.2383 -3.86676
0.29933 0 0.0328975 24.3716 28.1232 -3.75159
0.309307 0 0.0350774 24.3716 28.0039 -3.63233
0.319285 0 0.0373223 24.3716 27.8805 -3.50893
0.329263 0 0.0396314 24.3716 27.7529 -3.38136
0.33924 0 0.0420042 24.3716 27.6211 -3.24957
0.349218 0 0.0444399 24.3715 27.4851 -3.11353
0.359196 0 0.0469379 24.3715 27.3448 -2.97321
0.369173 0 0.0494973 24.3715 27.2001 -2.82859
0.379151 0 0.0521174 24.3715 27.0512 -2.67964
0.389128 0 0.0547973 24.3715 26.8979 -2.52636
0.399106 0 0.0575363 24.3715 26.7403 -2.36874
0.409084 0 0.0603336 24.3715 26.5783 -2.20678
0.419061 0 0.0631881 24.3715 26.412 -2.04048
0.429039 0 0.066099 24.3715 26.2414 -1.86988
0.439017 0 0.0690655 24.3715 26.0665 -1.69499
0.448994 0 0.0720864 24.3715 25.8874 -1.51584
0.458972 0 0.0751609 24.3715 25.704 -1.33248
0.46895 0 0.0782879 24.3715 25.5165 -1.14496
0.478927 0 0.0814663 24.3715 25.3249 -0.953343
0.488905 0 0.0846952 24.3715 25.1292 -0.757701
0.498883 0 0.0879734 24.3715 24.9297 -0.558116
0.50886 0 0.0912998 24.3716 24.7262 -0.354682
0.518838 0 0.0946732 24.3715 24.5189 -0.147359
0.528816 0 0.0980926 24.3715 24.3077 0.0638246
0.538793 0 0.101557 24.3715 24.093 0.278522
0.548771 0 0.105064 24.3715 23.8749 0.496595
0.558749 0 0.108614 24.3715 23.6537 0.717894
0.568726 0 0.112205 24.3716 23.4293 0.942258
0.578704 0 0.115836 24.3716 23.2021 1.16951
0.588682 0 0.119505 24.3716 22.9721 1.39947
0.598659 0 0.123211 24.3716 22.7396 1.63195
0.608637 0 0.126954 24.3716 22.5049 1.86672
0.618615 0 0.130731 24.3716 22.268 2.10358
0.628592 0 0.134541 24.3716 22.0293 2.3423
0.63857 0 0.138383 24.3716 21.789 2.58263
0.648547 0 0.142255 24.3717 21.5473 2.82433
0.658525 0 0.146157 24.3717 21.3045 3.06713
0.668503 0 0.150086 24.3717 21.0609 3.31078
0.67848 0 0.154042 24.3717 20.8167 3.55499
0.688458 0 0.158023 24.3717 20.5722 3.79949
0.698436 0 0.162028 24.3717 20.3278 4.04398
0.708413 0 0.166055 24.3718 20.0836 4.28817
0.718391 0 0.170103 24.3718 19.84 4.53177
0.728369 0 0.17417 24.3718 19.5973 4.77447
0.738346 0 0.178256 24.3718 19.3558 5.01598
0.748324 0 0.182359 24.3718 19.1159 5.25598
0.758302 0 0.186477 24.3719 18.8777 5.49418
0.768279 0 0.19061 24.3719 18.6416 5.73027
0.778257 0 0.194756 24.3719 18.4079 5.96397
0.788235 0 0.198914 24.3719 18.177 6.19496
0.798212 0 0.203082 24.3719 17.949 6.42298
0.80819 0 0.207259 24.372 17.7242 6.64773
0.818168 0 0.211445 24.372 17.503 6.86894
0.828145 0 0.215637 24.372 17.2856 7.08636
0.838123 0 0.219836 24.372 17.0723 7.29973
0.848101 0 0.224039 24.372 16.8632 7.50881
0.858078 0 0.228246 24.372 16.6587 7.71338
0.868056 0 0.232455 24.372 16.4588 7.91322
0.878034 0 0.236666 24.3721 16.2639 8.10813
0.888011 0 0.240877 24.3721 16.0741 8.29794
0.897989 0 0.245089 24.3721 15.8896 8.48247
0.907966 0 0.249299 24.3721 15.7105 8.66158
0.917944 0 0.253507 24.3721 15.5369 8.83514
0.927922 0 0.257712 24.3721 15.3691 9.00304
0.937899 0 0.261913 24.3721 15.2069 9.16517
0.947877 0 0.26611 24.3721 15.0506 9.32147
0.957855 0 0.270301 24.3721 14.9002 9.47186
0.967832 0 0.274487 24.3721 14.7558 9.61632
0.97781 0 0.278667 24.3721 14.6173 9.75481
0.987788 0 0.282839 24.3721 14.4848 9.88732
0.997765 0 0.287004 24.3721 14.3582 10.0139
1.00774 0 0.291161 24.3721 14.2377 10.1345
1.01772 0 0.295309 24.3721 14.123 10.2491
1.0277 0 0.299448 24.3721 14.0141 10.358
1.03768 0 0.303577 24.3721 13.9111 10.461
1.04765 0 0.307697 24.3721 13.8138 10.5583
1.05763 0 0.311807 24.3721 13.7222 10.6499
1.06761 0 0.315906 24.3721 13.6361 10.736
1.07759 0 0.319995 24.3721 13.5555 10.8166
1.08756 0 0.324072 24.3721 13.4802 10.8918
1.09754 0 0.328138 24.3721 13.4102 10.9619
1.10752 0 0.332193 24.372 13.3453 11.0267
1.1175 0 0.336237 24.4294 13.1676 11.2618
1.12747 0 0.340268 24.4294 12.8769 11.5525
1.13745 0 0.344285 24.4295 12.5897 11.8398
1.14743 0 0.348286 24.4295 12.3067 12.1228
1.15741 0 0.35227 24.4296 12.0285 12.401
1.16739 0 0.356236 24.4296 11.7559 12.6737
1.17736 0 0.360181 24.4296 11.4896 12.94
1.18734 0 0.364106 24.4297 11.2303 13.1994
1.19732 0 0.368008 24.4297 10.9788 13.451
1.2073 0 0.371886 24.4298 10.7356 13.6941
1.21727 0 0.375738 24.4298 10.5017 13.9281
1.22725 0 0.379565 24.4299 10.2777 14.1522
1.23723 0 0.383364 24.4299 10.0643 14.3656
1.24721 0 0.387135 24.4299 9.86224 14.5677
1.25718 0 0.390876 24.43 9.67215 14.7578
1.26716 0 0.394588 24.43 9.4947 14.9353
1.27714 0 0.398268 24.4301 9.3305 15.0996
1.28712 0 0.401916 24.4301 9.18012 15.25
1.29709 0 0.405533 24.4301 9.04411 15.386
1.30707 0 0.409116 24.4302 8.92297 15.5072
1.31705 0 0.412666 24.4302 8.81712 15.6131
1.32703 0 0.416182 24.4302 8.72696 15.7032
1.33701 0 0.419665 24.4302 8.65282 15.7774
1.34698 0 0.423113 24.4302 8.59498 15.8352
1.35696 0 0.426528 24.4302 8.55364 15.8766
1.36694 0 0.429908 24.4302 8.52895 15.9013
1.37692 0 0.433255 24.4302 8.52098 15.9093
1.38689 0 0.436568 24.4302 8.52974 15.9005
1.39687 0 0.439847 24.4302 8.55519 15.875
1.40685 0 0.443094 24.4302 8.5972 15.833
1.41683 0 0.446309 24.4302 8.65557 15.7746
1.4268 0 0.449492 24.4302 8.73007 15.7001
1.43678 0 0.452645 24.4302 8.82038 15.6098
1.44676 0 0.455767 24.4301 8.92612 15.504
1.45674 0 0.45886 24.4301 9.04687 15.3832
1.46672 0 0.461926 24.4301 9.18216 15.2479
1.47669 0 0.464964 24.43 9.33146 15.0986
1.48667 0 0.467976 24.43 9.4942 14.9358
1.49665 0 0.470964 24.43 9.66978 14.7602
1.50663 0 0.473928 24.4299 9.85757 14.5723
1.5166 0 0.476871 24.4299 10.0569 14.373
1.52658 0 0.479793 24.4298 10.2671 14.1627
1.53656 0 0.482696 24.4298 10.4874 13.9424
1.54654 0 0.485581 24.4297 10.7172 13.7125
1.55651 0 0.48845 24.4297 10.9557 13.474
1.56649 0 0.491305 24.4297 11.2022 13.2274
1.57647 0 0.494147 24.4296 11.456 12.9736
1.58645 0 0.496977 24.4296 11.7164 12.7132
1.59642 0 0.499798 24.535 11.8153 12.7197
1.6064 0 0.50261 24.535 11.7498 12.7852
1.61638 0 0.505413 24.535 11.6868 12.8482
1.62636 0 0.508206 24.5351 11.6267 12.9084
1.63634 0 0.51099 24.5351 11.57 12.9651
1.64631 0 0.513764 24.5351 11.5174 13.0178
1.65629 0 0.516528 24.5352 11.4693 13.0659
1.66627 0 0.519283 24.5352 11.4262 13.109
1.67625 0 0.522027 24.5352 11.3888 13.1464
1.68622 0 0.524762 24.5353 11.3577 13.1776
1.6962 0 0.527487 24.5353 11.3332 13.2021
1.70618 0 0.530202 24.5353 11.3161 13.2192
1.71616 0 0.532908 24.5354 11.3068 13.2286
1.72613 0 0.535603 24.5429 11.2418 13.3011
1.73611 0 0.538289 24.5429 11.1213 13.4216
1.74609 0 0.540964 24.5429 11.0084 13.5345
1.75607 0 0.543628 24.543 10.9038 13.6391
1.76604 0 0.546281 24.543 10.808 13.735
1.77602 0 0.548921 24.543 10.7216 13.8215
1.786 0 0.551549 24.5431 10.6449 13.8982
1.79598 0 0.554165 24.5431 10.5786 13.9645
1.80596 0 0.556766 24.5431 10.523 14.0201
1.81593 0 0.559355 24.5431 10.4787 14.0645
1.82591 0 0.56193 24.5432 10.4459 14.0973
1.83589 0 0.56449 24.5432 10.4249 14.1182
1.84587 0 0.567037 24.5432 10.4162 14.127
1.85584 0 0.569571 24.5432 10.4199 14.1233
1.86582 0 0.57209 24.5432 10.4362 14.107
1.8758 0 0.574595 24.5432 10.4654 14.0779
1.88578 0 0.577087 24.5432 10.5074 14.0358
1.89575 0 0.579566 24.5432 10.5624 13.9808
1.90573 0 0.582031 24.5432 10.6305 13.9128
1.91571 0 0.584484 24.5432 10.7115 13.8318
1.92569 0 0.586925 24.5432 10.8053 13.7379
1.93566 0 0.589354 24.5432 10.912 13.6312
1.94564 0 0.591773 24.5432 11.0313 13.5119
1.95562 0 0.594181 24.5432 11.163 13.3802
1.9656 0 0.596579 24.5432 11.307 13.2362
1.97558 0 0.598969 24.5874 11.4151 13.1722
1.98555 0 0.60135 24.5873 11.4874 13.1
1.99553 0 0.603724 24.5873 11.5707 13.0166
2.00551 0 0.606091 24.5873 11.6645 12.9228
2.01549 0 0.608452 24.5872 11.7682 12.819
2.02546 0 0.610806 24.5872 11.8813 12.7059
2.03544 0 0.613156 24.58 11.9779 12.6021
2.04542 0 0.615501 24.58 12.0568 12.5232
2.0554 0 0.617843 24.58 12.1419 12.438
2.06537 0 0.620181 24.5799 12.2326 12.3473
2.07535 0 0.622518 24.5799 12.3282 12.2517
2.08533 0 0.624853 24.5798 12.428 12.1518
2.09531 0 0.627187 24.5798 12.5314 12.0484
2.10528 0 0.629521 24.5798 12.6378 11.942
2.11526 0 0.631855 24.5797 12.7465 11.8332
2.12524 0 0.634192 24.5797 12.857 11.7227
2.13522 0 0.63653 24.5797 12.9686 11.611
2.1452 0 0.638872 24.5796 13.0809 11.4988
2.15517 0 0.641218 24.5796 13.1931 11.3864
2.16515 0 0.643569 24.5796 13.305 11.2746
2.17513 0 0.645925 24.5795 13.4158 11.1638
2.18511 0 0.648287 24.5795 13.5252 11.0543
2.19508 0 0.650657 24.6418 13.5331 11.1087
2.20506 0 0.653034 24.717 13.3375 11.3795
2.21504 0 0.655416 24.717 13.04 11.6771
2.22502 0 0.657804 24.7161 12.7386 11.9775
2.23499 0 0.660194 24.7161 12.4341 12.282
2.24497 0 0.662587 24.7162 12.135 12.5812
2.25495 0 0.66498 24.7162 11.8415 12.8747
2.26493 0 0.667372 24.7162 11.554 13.1622
2.27491 0 0.669762 24.7162 11.273 13.4433
2.28488 0 0.672148 24.7162 10.9986 13.7176
2.29486 0 0.67453 24.7162 10.7313 13.9849
2.30484 0 0.676906 24.7163 10.4713 14.245
2.31482 0 0.679276 24.7163 10.2187 14.4976
2.32479 0 0.681637 24.7163 9.97381 14.7425
2.33477 0 0.68399 24.7163 9.73677 14.9795
2.34475 0 0.686333 24.7163 9.50768 15.2086
2.35473 0 0.688664 24.7163 9.28662 15.4297
2.3647 0 0.690985 24.7163 9.07364 15.6426
2.37468 0 0.693293 24.7163 8.86873 15.8475
2.38466 0 0.695587 24.7163 8.67187 16.0444
2.39464 0 0.697868 24.7163 8.48299 16.2333
2.40461 0 0.700134 24.7162 8.30197 16.4143
2.41459 0 0.702384 24.7162 8.1287 16.5875
2.42457 0 0.704619 24.7162 7.96298 16.7532
2.43455 0 0.706837 24.7162 7.80465 16.9115
2.44453 0 0.709039 24.7162 7.65347 17.0627
2.4545 0 0.711223 24.7162 7.50921 17.2069
2.46448 0 0.71339 24.7161 7.37162 17.3445
2.47446 0 0.715538 24.7161 7.24043 17.4757
2.48444 0 0.717668 24.7161 7.11538 17.6007
2.49441 0 0.719778 24.7161 6.99617 17.7199
2.50439 0 0.72187 24.716 6.88255 17.8335
2.51437 0 0.723943 24.716 6.77425 17.9418
2.52435 0 0.725995 24.716 6.67102 18.045
2.53432 0 0.728028 24.716 6.57262 18.1434
2.5443 0 0.730041 24.6637 6.37649 18.2872
2.55428 0 0.732033 24.6637 6.08364 18.5801
2.56426 0 0.734003 24.6638 5.79762 18.8662
2.57423 0 0.735949 24.6638 5.51938 19.1445
2.58421 0 0.737871 24.6639 5.24986 19.414
2.59419 0 0.739766 24.664 4.99004 19.6739
2.60417 0 0.741634 24.664 4.74091 19.9231
2.61415 0 0.743474 24.6641 4.50346 20.1606
2.62412 0 0.745283 24.6641 4.2787 20.3854
2.6341 0 0.747062 24.6642 4.06762 20.5966
2.64408 0 0.748809 24.6643 3.87121 20.793
2.65406 0 0.750524 24.6643 3.69041 20.9739
2.66403 0 0.752205 24.6644 3.52618 21.1382
2.67401 0 0.753851 24.6644 3.3794 21.285
2.68399 0 0.755462 24.6645 3.25093 21.4135
2.69397 0 0.757038 24.6645 3.14156 21.5229
2.70394 0 0.758578 24.6646 3.05204 21.6125
2.71392 0 0.760081 24.6646 2.98302 21.6816
2.7239 0 0.761548 24.6646 2.93509 21.7295
2.73388 0 0.762977 24.6646 2.90877 21.7559
2.74385 0 0.76437 24.6647 2.90446 21.7602
2.75383 0 0.765726 24.6647 2.92249 21.7422
2.76381 0 0.767046 24.6647 2.96307 21.7016
2.77379 0 0.768329 24.6647 3.02633 21.6384
2.78377 0 0.769576 24.6647 3.11227 21.5524
2.79374 0 0.770788 24.6647 3.2208 21.4439
2.80372 0 0.771966 24.6647 3.35172 21.3129
2.8137 0 0.77311 24.6646 3.50472 21.1599
2.82368 0 0.774221 24.6646 3.67939 20.9852
2.83365 0 0.7753 24.6646 3.87522 20.7893
2.84363 0 0.776348 24.6645 4.09161 20.5729
2.85361 0 0.777367 24.6645 4.32786 20.3366
2.86359 0 0.778358 24.6644 4.58319 20.0812
2.87356 0 0.779322 24.7179 4.7529 19.965
2.88354 0 0.78026 24.7178 4.82844 19.8893
2.89352 0 0.781172 24.7177 4.9129 19.8048
2.9035 0 0.78206 24.7177 5.01105 19.7067
2.91347 0 0.782923 24.7177 5.12264 19.5951
2.92345 0 0.783761 24.7177 5.24741 19.4703
2.93343 0 0.784577 24.7177 5.3851 19.3326
2.94341 0 0.785369 24.7177 5.53542 19.1822
2.95339 0 0.78614 24.7176 5.69809 19.0196
2.96336 0 0.786889 24.7176 5.87282 18.8448
2.97334 0 0.787618 24.7176 6.05929 18.6583
2.98332 0 0.788327 24.7176 6.25722 18.4604
2.9933 0 0.789018 24.7176 6.46627 18.2513
3.00327 0 0.789692 24.7176 6.68614 18.0314
3.01325 0 0.790349 24.7175 6.9165 17.801
3.02323 0 0.790991 24.7175 7.15703 17.5605
3.03321 0 0.791619 24.7175 7.40739 17.3101
3.04318 0 0.792234 24.7175 7.66724 17.0502
3.05316 0 0.792837 24.7175 7.93625 16.7812
3.06314 0 0.79343 24.7174 8.21405 16.5034
3.07312 0 0.794015 24.7174 8.5003 16.2171
3.08309 0 0.794591 24.7174 8.79462 15.9228
3.09307 0 0.795162 24.7174 9.09665 15.6207
3.10305 0 0.795727 24.7174 9.40601 15.3113
3.11303 0 0.79629 24.7173 9.72232 14.995
3.12301 0 0.79685 24.7173 10.0452 14.6721
3.13298 0 0.797411 24.7173 10.3742 14.3431
3.14296 0 0.797973 24.7173 10.7089 14.0083
3.15294 0 0.798538 24.7172 11.049 13.6682
3.16292 0 0.799107 24.7172 11.394 13.3232
3.17289 0 0.799683 24.7172 11.7434 12.9738
3.18287 0 0.800266 24.7172 12.0969 12.6202
3.19285 0 0.80086 24.7171 12.4541 12.2631
3.20283 0 0.801464 24.7171 12.8144 11.9028
3.2128 0 0.802081 24.7171 13.1774 11.5397
3.22278 0 0.802713 24.7171 13.5427 11.1744
3.23276 0 0.803361 24.717 13.9099 10.8071
3.24274 0 0.804027 24.6217 14.1767 10.4449
3.25272 0 0.804712 24.6216 14.3399 10.2818
3.26269 0 0.805418 24.6208 14.3597 10.261
3.27267 0 0.806144 24.6207 14.2376 10.3831
3.28265 0 0.80689 24.6207 14.1126 10.5081
3.29263 0 0.807656 24.6207 13.9846 10.6361
3.3026 0 0.808442 24.6207 13.8534 10.7673
3.31258 0 0.809246 24.6207 13.7189 10.9018
3.32256 0 0.810069 24.6207 13.581 11.0397
3.33254 0 0.81091 24.5824 13.3214 11.261
3.34251 0 0.811768 24.5824 12.941 11.6414
3.35249 0 0.812642 24.5824 12.5595 12.0229
3.36247 0 0.813529 24.5825 12.1772 12.4052
3.37245 0 0.814429 24.5825 11.7946 12.7879
3.38242 0 0.81534 24.5825 11.4119 13.1706
3.3924 0 0.81626 24.5825 11.0297 13.5528
3.40238 0 0.817187 24.5825 10.6484 13.9341
3.41236 0 0.818121 24.5826 10.2685 14.3141
3.42234 0 0.819059 24.5826 9.89048 14.6921
3.43231 0 0.819999 24.5826 9.51488 15.0677
3.44229 0 0.820941 24.5827 9.14228 15.4404
3.45227 0 0.821882 24.5827 8.77325 15.8094
3.46225 0 0.822821 24.5827 8.40841 16.1743
3.47222 0 0.823756 24.5828 8.04839 16.5344
3.4822 0 0.824686 24.5828 7.69387 16.8889
3.49218 0 0.82561 24.5828 7.34553 17.2373
3.50216 0 0.826526 24.5863 6.99969 17.5866
3.51213 0 0.827431 24.5863 6.65684 17.9295
3.52211 0 0.828326 24.5864 6.32212 18.2643
3.53209 0 0.829208 24.5864 5.99629 18.5901
3.54207 0 0.830076 24.5865 5.68015 18.9063
3.55204 0 0.830928 24.5865 5.37447 19.212
3.56202 0 0.831764 24.5866 5.08007 19.5065
3.572 0 0.832582 24.5866 4.79773 19.7889
3.58198 0 0.833381 24.5867 4.52825 20.0584
3.59196 0 0.834159 24.5867 4.27242 20.3143
3.60193 0 0.834916 24.5868 4.031 20.5558
3.61191 0 0.835651 24.5868 3.80476 20.782
3.62189 0 0.836362 24.5868 3.59441 20.9924
3.63187 0 0.83705 24.5869 3.40066 21.1862
3.64184 0 0.837712 24.5869 3.22415 21.3628
3.65182 0 0.838348 24.587 3.06551 21.5214
3.6618 0 0.838959 24.587 2.92529 21.6617
3.67178 0 0.839542 24.587 2.80401 21.783
3.68175 0 0.840099 24.587 2.70212 21.8849
3.69173 0 0.840628 24.5871 2.61999 21.9671
3.70171 0 0.841129 24.5871 2.55794 22.0291
3.71169 0 0.841602 24.5871 2.51621 22.0709
3.72166 0 0.842048 24.5871 2.49496 22.0921
3.73164 0 0.842466 24.5871 2.49428 22.0928
3.74162 0 0.842856 24.5871 2.51415 22.0729
3.7516 0 0.843219 24.5871 2.55451 22.0326
3.76158 0 0.843555 24.5871 2.61519 21.9719
3.77155 0 0.843865 24.587 2.69594 21.8911
3.78153 0 0.844149 24.587 2.79643 21.7906
3.79151 0 0.844408 24.587 2.91628 21.6707
3.80149 0 0.844643 24.5869 3.055 21.5319
3.81146 0 0.844854 24.5869 3.21205 21.3749
3.82144 0 0.845043 24.5869 3.38682 21.2
3.83142 0 0.84521 24.5868 3.57865 21.0082
3.8414 0 0.845357 24.5868 3.78682 20.8
3.85137 0 0.845485 24.5867 4.01056 20.5762
3.86135 0 0.845595 24.5867 4.24908 20.3376
3.87133 0 0.845688 24.5866 4.50155 20.0851
3.88131 0 0.845766 24.5866 4.76709 19.8195
3.89128 0 0.84583 24.5865 5.04484 19.5417
3.90126 0 0.845882 24.5865 5.33391 19.2525
3.91124 0 0.845924 24.5864 5.63342 18.953
3.92122 0 0.845956 24.5864 5.94246 18.6439
3.9312 0 0.84598 24.5863 6.26017 18.3261
3.94117 0 0.845998 24.5863 6.58568 18.0006
3.95115 0 0.846012 24.5862 6.91814 17.6681
3.96113 0 0.846024 24.5862 7.25675 17.3294
3.97111 0 0.846034 24.5861 7.6007 16.9854
3.98108 0 0.846045 24.5858 7.90467 16.6811
3.99106 0 0.846058 24.5858 8.17007 16.4157
4.00104 0 0.846074 24.5857 8.44145 16.1443
4.01102 0 0.846095 24.5857 8.71803 15.8677
4.02099 0 0.846122 24.5856 8.99908 15.5866
4.03097 0 0.846157 24.5856 9.2839 15.3017
4.04095 0 0.8462 24.5856 9.57184 15.0137
4.05093 0 0.846253 24.5856 9.8623 14.7233
4.0609 0 0.846317 24.5855 10.1547 14.4308
4.07088 0 0.846394 24.5855 10.4485 14.137
4.08086 0 0.846484 24.5855 10.7432 13.8422
4.09084 0 0.84659 24.5855 11.0385 13.547
4.10082 0 0.846712 24.5855 11.3338 13.2516
4.11079 0 0.846851 24.5854 11.629 12.9565
4.12077 0 0.84701 24.5854 11.9235 12.6619
4.13075 0 0.847188 24.5852 12.2168 12.3684
4.14073 0 0.847388 24.5852 12.5087 12.0766
4.1507 0 0.847609 24.5852 12.7993 11.786
4.16068 0 0.847855 24.5852 13.0884 11.4968
4.17066 0 0.848125 24.5852 13.376 11.2092
4.18064 0 0.848421 24.5852 13.6619 10.9234
4.19061 0 0.848744 24.5852 13.9459 10.6394
4.20059 0 0.849095 24.5852 14.228 10.3573
4.21057 0 0.849475 24.5852 14.508 10.0772
4.22055 0 0.849885 24.5853 14.786 9.79929
4.23053 0 0.850326 24.5853 15.0618 9.52348
4.2405 0 0.850799 24.5853 15.3354 9.24985
4.25048 0 0.851306 24.5853 15.6068 8.97844
4.26046 0 0.851846 24.5853 15.876 8.70928
4.27044 0 0.852422 24.5934 16.1064 8.48705
4.28041 0 0.853034 24.6397 16.1618 8.47796
4.29039 0 0.853682 24.6264 15.9725 8.65392
4.30037 0 0.854365 24.6264 15.676 8.95036
4.31035 0 0.855083 24.6264 15.3752 9.25124
4.32032 0 0.855833 24.6264 15.07 9.55635
4.3303 0 0.856616 24.6264 14.761 9.86543
4.34028 0 0.85743 24.6264 14.4483 10.1782
4.35026 0 0.858274 24.6264 14.1322 10.4942
4.36023 0 0.859146 24.6265 13.8133 10.8131
4.37021 0 0.860046 24.6278 13.4512 11.1767
4.38019 0 0.860972 24.6279 13.0464 11.5815
4.39017 0 0.861923 24.6279 12.6407 11.9872
4.40015 0 0.862896 24.628 12.2351 12.3929
4.41012 0 0.863891 24.628 11.8303 12.7977
4.4201 0 0.864905 24.6281 11.4274 13.2007
4.43008 0 0.865937 24.6282 11.0273 13.6009
4.44006 0 0.866985 24.6282 10.6311 13.9971
4.45003 0 0.868048 24.6283 10.2398 14.3885
4.46001 0 0.869124 24.6283 9.85445 14.7739
4.46999 0 0.870212 24.6284 9.47626 15.1522
4.47997 0 0.871309 24.6285 9.10629 15.5222
4.48994 0 0.872414 24.6285 8.74568 15.8829
4.49992 0 0.873527 24.6286 8.39553 16.2331
4.5099 0 0.874645 24.6287 8.05695 16.5717
4.51988 0 0.875766 24.6287 7.73099 16.8977
4.52985 0 0.87689 24.6288 7.41871 17.2101
4.53983 0 0.878015 24.6289 7.12107 17.5078
4.54981 0 0.87914 24.6289 6.83903 17.7899
4.55979 0 0.880264 24.629 6.57343 18.0555
4.56977 0 0.881386 24.629 6.32505 18.304
4.57974 0 0.882503 24.629 6.09459 18.5344
4.58972 0 0.883617 24.6291 5.88265 18.7464
4.5997 0 0.884725 24.6291 5.68971 18.9394
4.60968 0 0.885827 24.6291 5.51615 19.113
4.61965 0 0.886922 24.6282 5.35567 19.2725
4.62963 0 0.88801 24.6282 5.20861 19.4196
4.63961 0 0.88909 24.6282 5.08155 19.5466
4.64959 0 0.890161 24.6282 4.97441 19.6538
4.65956 0 0.891224 24.6282 4.88696 19.7412
4.66954 0 0.892277 24.6281 4.81884 19.8093
4.67952 0 0.89332 24.6281 4.7696 19.8585
4.6895 0 0.894354 24.6281 4.73864 19.8894
4.69947 0 0.895378 24.628 4.72527 19.9027
4.70945 0 0.896393 24.6279 4.72869 19.8993
4.71943 0 0.897398 24.6279 4.74802 19.8799
4.72941 0 0.898393 24.6278 4.78229 19.8455
4.73939 0 0.89938 24.6277 4.83047 19.7973
4.74936 0 0.900357 24.6277 4.89145 19.7362
4.75934 0 0.901326 24.6276 4.96411 19.6635
4.76932 0 0.902286 24.6275 5.04729 19.5802
4.7793 0 0.903239 24.6274 5.13979 19.4877
4.78927 0 0.904184 24.6274 5.24043 19.3869
4.79925 0 0.905123 24.6273 5.34804 19.2793
4.80923 0 0.906055 24.6122 5.42723 19.185
4.81921 0 0.90698 24.6122 5.47853 19.1336
4.82918 0 0.9079 24.6121 5.53597 19.0762
4.83916 0 0.908815 24.6121 5.59892 19.0132
4.84914 0 0.909723 24.6121 5.66682 18.9452
4.85912 0 0.910627 24.612 5.73919 18.8728
4.86909 0 0.911526 24.612 5.81562 18.7964
4.87907 0 0.91242 24.5754 5.62349 18.952
4.88905 0 0.913308 24.5756 5.1676 19.408
4.89903 0 0.914189 24.5757 4.72267 19.853
4.90901 0 0.91506 24.5758 4.2909 20.2849
4.91898 0 0.915919 24.576 3.87447 20.7015
4.92896 0 0.916764 24.5761 3.47559 21.1005
4.93894 0 0.917593 24.5762 3.09645 21.4798
4.94892 0 0.918404 24.5764 2.73921 21.8372
4.95889 0 0.919195 24.5765 2.40597 22.1705
4.96887 0 0.919966 24.5766 2.09878 22.4778
4.97885 0 0.920713 24.5767 1.81956 22.7572
4.98883 0 0.921437 24.5768 1.57012 23.0067
4.9988 0 0.922135 24.5769 1.35215 23.2248
5.00878 0 0.922807 24.577 1.16715 23.4098
5.01876 0 0.923451 24.5771 1.01646 23.5606
5.02874 0 0.924068 24.5771 0.90121 23.6759
5.03872 0 0.924655 24.5772 0.822326 23.7548
5.04869 0 0.925214 24.5772 0.780507 23.7967
5.05867 0 0.925744 24.5772 0.776216 23.801
5.06865 0 0.926244 24.5772 0.809676 23.7675
5.07863 0 0.926716 24.5772 0.880865 23.6963
5.0886 0 0.927158 24.6072 0.947957 23.6592
5.09858 0 0.927573 24.6072 1.0067 23.6005
5.10856 0 0.92796 24.6071 1.09659 23.5105
5.11854 0 0.928319 24.6071 1.21688 23.3902
5.12851 0 0.928652 24.607 1.36666 23.2403
5.13849 0 0.92896 24.6069 1.54486 23.062
5.14847 0 0.929242 24.6068 1.75025 22.8566
5.15845 0 0.929501 24.6067 1.98149 22.6252
5.16842 0 0.929738 24.6066 2.2371 22.3695
5.1784 0 0.929954 24.6065 2.51552 22.091
5.18838 0 0.93015 24.6064 2.8151 21.7913
5.19836 0 0.930329 24.6063 3.13414 21.4722
5.20834 0 0.930491 24.6062 3.4709 21.1353
5.21831 0 0.930639 24.6061 3.82359 20.7825
5.22829 0 0.930774 24.606 4.19046 20.4155
5.23827 0 0.930899 24.6059 4.56973 20.0362
5.24825 0 0.931014 24.6058 4.95968 19.6461
5.25822 0 0.931123 24.6057 5.3586 19.2471
5.2682 0 0.931227 24.6056 5.76487 18.8407
5.27818 0 0.931327 24.6055 6.17692 18.4286
5.28816 0 0.931427 24.6054 6.59324 18.0122
5.29813 0 0.931528 24.6054 7.01245 17.5929
5.30811 0 0.931632 24.6053 7.43322 17.1721
5.31809 0 0.931741 24.5754 7.60088 16.9745
5.32807 0 0.931856 24.5754 7.51458 17.0609
5.33804 0 0.931977 24.5755 7.43003 17.1455
5.34802 0 0.932102 24.5756 7.34833 17.2272
5.358 0 0.932233 24.5756 7.27057 17.3051
5.36798 0 0.932369 24.5757 7.19789 17.3778
5.37796 0 0.932509 24.5758 7.13143 17.4444
5.38793 0 0.932653 24.5759 7.07231 17.5035
5.39791 0 0.9328 24.5759 7.02168 17.5543
5.40789 0 0.932951 24.576 6.98061 17.5954
5.41787 0 0.933106 24.5761 6.9502 17.6259
5.42784 0 0.933263 24.5761 6.93146 17.6447
5.43782 0 0.933424 24.5762 6.92536 17.6508
5.4478 0 0.933587 24.5762 6.93284 17.6434
5.45778 0 0.933754 24.5763 6.95473 17.6216
5.46775 0 0.933923 24.5774 6.98686 17.5906
5.47773 0 0.934095 24.5775 7.02988 17.5476
5.48771 0 0.934271 24.5775 7.0894 17.4881
5.49769 0 0.93445 24.5775 7.16592 17.4116
5.50766 0 0.934632 24.5776 7.25983 17.3177
5.51764 0 0.934818 24.5776 7.37141 17.2062
5.52762 0 0.935009 24.5776 7.50086 17.0767
5.5376 0 0.935205 24.5776 7.64824 16.9293
5.54758 0 0.935406 24.5776 7.81352 16.764
5.55755 0 0.935613 24.5775 7.99656 16.581
5.56753 0 0.935827 24.5775 8.1971 16.3804
5.57751 0 0.936049 24.5775 8.4148 16.1627
5.58749 0 0.93628 24.5775 8.64921 15.9283
5.59746 0 0.93652 24.5774 8.8998 15.6776
5.60744 0 0.936771 24.5774 9.16593 15.4114
5.61742 0 0.937033 24.5773 9.44692 15.1304
5.6274 0 0.937309 24.5284 9.66319 14.8652
5.63737 0 0.937599 24.5283 9.81348 14.7148
5.64735 0 0.937903 24.5283 9.9755 14.5528
5.65733 0 0.938223 24.5283 10.1487 14.3795
5.66731 0 0.938558 24.5282 10.3326 14.1956
5.67728 0 0.93891 24.5282 10.5266 14.0016
5.68726 0 0.93928 24.5282 10.7301 13.7981
5.69724 0 0.939669 24.5281 10.9425 13.5856
5.70722 0 0.940076 24.5281 11.1633 13.3648
5.7172 0 0.940504 24.5281 11.3919 13.1362
5.72717 0 0.940953 24.528 11.6277 12.9003
5.73715 0 0.941424 24.5611 11.8333 12.7278
5.74713 0 0.941918 24.561 12.0084 12.5526
5.75711 0 0.942435 24.561 12.189 12.372
5.76708 0 0.942977 24.5609 12.3744 12.1865
5.77706 0 0.943544 24.5609 12.5638 11.9971
5.78704 0 0.944137 24.5608 12.7566 11.8043
5.79702 0 0.944757 24.5608 12.952 11.6088
5.80699 0 0.945404 24.6099 13.0818 11.5281
5.81697 0 0.94608 24.6099 13.1433 11.4665
5.82695 0 0.946785 24.6098 13.2019 11.4079
5.83693 0 0.947518 24.6098 13.2569 11.3529
5.8469 0 0.948282 24.6098 13.3078 11.302
5.85688 0 0.949076 24.6097 13.3541 11.2557
5.86686 0 0.9499 24.6097 13.3952 11.2145
5.87684 0 0.950755 24.6097 13.4309 11.1788
5.88682 0 0.951641 24.6097 13.4607 11.149
5.89679 0 0.95256 24.6096 13.4842 11.1255
5.90677 0 0.95351 24.6096 13.5011 11.1086
5.91675 0 0.954492 24.6096 13.5111 11.0986
5.92673 0 0.955507 24.6463 13.4104 11.2359
5.9367 0 0.956554 24.6463 13.2031 11.4433
5.94668 0 0.957633 24.6463 12.9966 11.6497
5.95666 0 0.958743 24.6463 12.791 11.8553
5.96664 0 0.959884 24.6462 12.5852 12.061
5.97661 0 0.961055 24.6462 12.3792 12.267
5.98659 0 0.962255 24.6462 12.174 12.4722
5.99657 0 0.963485 24.6462 11.9698 12.6764
6.00655 0 0.964743 24.6462 11.7666 12.8796
6.01653 0 0.966029 24.6462 11.5644 13.0818
6.0265 0 0.967342 24.6462 11.3633 13.2829
6.03648 0 0.968682 24.6462 11.1635 13.4827
6.04646 0 0.970049 24.6462 10.9651 13.6811
6.05644 0 0.971441 24.6462 10.7684 13.8779
6.06641 0 0.972858 24.6462 10.5734 14.0729
6.07639 0 0.9743 24.6462 10.3804 14.2658
6.08637 0 0.975766 24.6462 10.1898 14.4564
6.09635 0 0.977255 24.7199 9.91437 14.8055
6.10632 0 0.978767 24.7199 9.55338 15.1665
6.1163 0 0.9803 24.7199 9.19466 15.5253
6.12628 0 0.981853 24.72 8.83874 15.8812
6.13626 0 0.983424 24.72 8.48614 16.2339
6.14623 0 0.985013 24.72 8.13744 16.5826
6.15621 0 0.986618 24.7223 7.78802 16.9343
6.16619 0 0.988237 24.7224 7.43854 17.2838
6.17617 0 0.98987 24.7224 7.09483 17.6276
6.18615 0 0.991515 24.7225 6.75757 17.9649
6.19612 0 0.993171 24.7225 6.42748 18.295
6.2061 0 0.994837 24.7225 6.10529 18.6173
6.21608 0 0.996512 24.7226 5.79175 18.9308
6.22606 0 0.998194 24.7226 5.48761 19.235
6.23603 0 0.999882 24.7227 5.19367 19.529
6.24601 0 1.00158 24.7227 4.9107 19.812
6.25599 0 1.00327 24.7228 4.6395 20.0833
6.26597 0 1.00497 24.7228 4.38084 20.342
6.27594 0 1.00668 24.7229 4.13553 20.5873
6.28592 0 1.00838 24.7229 3.90433 20.8186
6.2959 0 1.01009 24.723 3.688 21.035
6.30588 0 1.01179 24.723 3.48728 21.2357
6.31585 0 1.01349 24.7231 3.3029 21.4202
6.32583 0 1.0152 24.7231 3.13554 21.5876
6.33581 0 1.01689 24.7231 2.98584 21.7373
6.34579 0 1.01859 24.7232 2.85441 21.8688
6.35577 0 1.02028 24.7232 2.74182 21.9814
6.36574 0 1.02197 24.7232 2.64858 22.0747
6.37572 0 1.02366 24.7233 2.57513 22.1481
6.3857 0 1.02534 24.7233 2.52187 22.2014
6.39568 0 1.02702 24.7233 2.48913 22.2342
6.40565 0 1.02869 24.7233 2.47717 22.2461
6.41563 0 1.03036 24.7233 2.48617 22.2371
6.42561 0 1.03203 24.7233 2.51625 22.2071
6.43559 0 1.03369 24.7233 2.56745 22.1559
6.44556 0 1.03535 24.7233 2.63974 22.0836
6.45554 0 1.03701 24.7233 2.73301 21.9903
6.46552 0 1.03866 24.7233 2.84707 21.8762
6.4755 0 1.04031 24.7233 2.98165 21.7416
6.48547 0 1.04196 24.7232 3.13644 21.5868
6.49545 0 1.04361 24.7232 3.31102 21.4122
6.50543 0 1.04526 24.7232 3.50493 21.2182
6.51541 0 1.04692 24.7231 3.71764 21.0055
6.52539 0 1.04857 24.7231 3.94856 20.7745
6.53536 0 1.05023 24.723 4.19705 20.526
6.54534 0 1.05189 24.723 4.4624 20.2606
6.55532 0 1.05356 24.723 4.7439 19.9791
6.5653 0 1.05524 24.7229 5.04075 19.6822
6.57527 0 1.05692 24.7229 5.35216 19.3707
6.58525 0 1.05861 24.7228 5.67728 19.0455
6.59523 0 1.06032 24.7227 6.01526 18.7075
6.60521 0 1.06204 24.7227 6.36523 18.3575
6.61518 0 1.06377 24.7226 6.7263 17.9963
6.62516 0 1.06552 24.7226 7.09757 17.625
6.63514 0 1.06728 24.7225 7.47816 17.2444
6.64512 0 1.06906 24.7225 7.86718 16.8553
6.65509 0 1.07087 24.7224 8.26375 16.4587
6.66507 0 1.07269 24.7224 8.667 16.0554
6.67505 0 1.07454 24.7223 9.07608 15.6462
6.68503 0 1.07641 24.7223 9.49015 15.2321
6.69501 0 1.07831 24.7222 9.9084 14.8138
6.70498 0 1.08024 24.7222 10.33 14.3921
6.71496 0 1.0822 24.7221 10.7543 13.9678
6.72494 0 1.08419 24.7221 11.1805 13.5416
6.73492 0 1.08621 24.7221 11.6079 13.1142
6.74489 0 1.08827 24.722 12.0358 12.6862
6.75487 0 1.09037 24.6892 12.3864 12.3028
6.76485 0 1.0925 24.6891 12.6612 12.028
6.77483 0 1.09467 24.6891 12.9376 11.7515
6.7848 0 1.09688 24.6891 13.2154 11.4737
6.79478 0 1.09913 24.7375 13.3833 11.3542
6.80476 0 1.10142 24.7375 13.4444 11.2931
6.81474 0 1.10376 24.7375 13.5098 11.2276
6.82472 0 1.10613 24.7375 13.5795 11.158
6.83469 0 1.10855 24.7375 13.6534 11.0841
6.84467 0 1.11101 24.7375 13.7313 11.0062
6.85465 0 1.11351 24.7375 13.8134 10.9241
6.86463 0 1.11606 24.7375 13.8995 10.838
6.8746 0 1.11865 24.7375 13.9897 10.7478
6.88458 0 1.12128 24.7375 14.084 10.6535
6.89456 0 1.12395 24.7763 14.0154 10.7609
6.90454 0 1.12667 24.7763 13.7812 10.9952
6.91451 0 1.12943 24.7764 13.5485 11.2278
6.92449 0 1.13223 24.7764 13.3177 11.4586
6.93447 0 1.13507 24.7764 13.0891 11.6873
6.94445 0 1.13795 24.7764 12.8629 11.9135
6.95442 0 1.14088 24.7764 12.6394 12.137
6.9644 0 1.14384 24.7903 12.3916 12.3987
6.97438 0 1.14685 24.7903 12.1198 12.6705
6.98436 0 1.14989 24.7903 11.8513 12.939
6.99434 0 1.15297 24.7903 11.5864 13.204
7.00431 0 1.15609 24.7904 11.3254 13.465
7.01429 0 1.15925 24.7904 11.0687 13.7217
7.02427 0 1.16244 24.7904 10.8165 13.9739
7.03425 0 1.16568 24.7904 10.5694 14.221
7.04422 0 1.16894 24.7904 10.3276 14.4628
7.0542 0 1.17225 24.7905 10.0916 14.6989
7.06418 0 1.17559 24.7905 9.86177 14.9287
7.07416 0 1.17896 24.7905 9.63857 15.152
7.08413 0 1.18237 24.7906 9.42244 15.3681
7.09411 0 1.18582 24.7906 9.21385 15.5767
7.10409 0 1.1893 24.7906 9.01328 15.7773
7.11407 0 1.19281 24.7906 8.82123 15.9694
7.12404 0 1.19636 24.8392 8.58332 16.2559
7.13402 0 1.19994 24.8393 8.30158 16.5377
7.144 0 1.20355 24.8393 8.03247 16.8069
7.15398 0 1.2072 24.8394 7.77688 17.0625
7.16396 0 1.21089 24.8394 7.5357 17.3037
7.17393 0 1.2146 24.8395 7.30975 17.5297
7.18391 0 1.21835 24.8395 7.09983 17.7397
7.19389 0 1.22213 24.8396 6.90666 17.9329
7.20387 0 1.22594 24.8396 6.73093 18.1087
7.21384 0 1.22978 24.8396 6.57322 18.2664
7.22382 0 1.23366 24.8397 6.43407 18.4056
7.2338 0 1.23757 24.8397 6.31392 18.5258
7.24378 0 1.24151 24.8397 6.21312 18.6266
7.25375 0 1.24548 24.8397 6.13194 18.7078
7.26373 0 1.24949 24.8397 6.07056 18.7692
7.27371 0 1.25354 24.8397 6.02904 18.8107
7.28369 0 1.25761 24.8397 6.00735 18.8324
7.29366 0 1.26172 24.8397 6.00539 18.8343
7.30364 0 1.26587 24.8397 6.02291 18.8168
7.31362 0 1.27005 24.8396 6.05962 18.78
7.3236 0 1.27427 24.8396 6.1151 18.7245
7.33358 0 1.27852 24.8396 6.18887 18.6507
7.34355 0 1.28282 24.8395 6.28034 18.5592
7.35353 0 1.28715 24.8387 6.38429 18.4544
7.36351 0 1.29152 24.8386 6.49995 18.3387
7.37349 0 1.29594 24.8386 6.63119 18.2074
7.38346 0 1.30039 24.8385 6.7772 18.0613
7.39344 0 1.30489 24.8384 6.93712 17.9013
7.40342 0 1.30943 24.8384 7.11007 17.7283
7.4134 0 1.31401 24.8383 7.29513 17.5432
7.42337 0 1.31864 24.8383 7.49136 17.3469
7.43335 0 1.32332 24.8382 7.69782 17.1404
7.44333 0 1.32804 24.8382 7.91356 16.9246
7.45331 0 1.33281 24.8381 8.13765 16.7004
7.46328 0 1.33763 24.838 8.36915 16.4689
7.47326 0 1.3425 24.838 8.60716 16.2308
7.48324 0 1.34742 24.8379 8.85079 15.9872
7.49322 0 1.3524 24.8614 9.04832 15.8131
7.5032 0 1.35743 24.8598 9.19472 15.6651
7.51317 0 1.36251 24.8598 9.34038 15.5194
7.52315 0 1.36764 24.8598 9.48888 15.3709
7.53313 0 1.37284 24.8598 9.6399 15.2199
7.54311 0 1.37808 24.8598 9.79318 15.0666
7.55308 0 1.38339 24.8598 9.94848 14.9113
7.56306 0 1.38875 24.8597 10.1056 14.7541
7.57304 0 1.39417 24.8597 10.2644 14.5954
7.58302 0 1.39965 24.8597 10.4247 14.435
7.59299 0 1.40519 24.8597 10.5865 14.2733
7.60297 0 1.41079 24.8597 10.7496 14.1101
7.61295 0 1.41645 24.8597 10.9141 13.9456
7.62293 0 1.42217 24.8598 11.08 13.7797
7.6329 0 1.42796 24.8598 11.2473 13.6125
7.64288 0 1.4338 24.8598 11.4159 13.4439
7.65286 0 1.43971 24.8598 11.586 13.2737
7.66284 0 1.44569 24.8598 11.7577 13.1021
7.67282 0 1.45173 24.8598 11.931 12.9288
7.68279 0 1.45783 24.8598 12.1061 12.7537
7.69277 0 1.464 24.8598 12.283 12.5768
7.70275 0 1.47024 24.8598 12.4619 12.3979
7.71273 0 1.47654 24.8598 12.6428 12.217
7.7227 0 1.48292 24.8599 12.826 12.0339
7.73268 0 1.48936 24.8599 13.0114 11.8484
7.74266 0 1.49586 24.8599 13.1993 11.6606
7.75264 0 1.50244 24.8599 13.3897 11.4702
7.76261 0 1.50909 24.8599 13.5827 11.2772
7.77259 0 1.51581 24.8599 13.7784 11.0815
7.78257 0 1.5226 24.8599 13.9769 10.883
7.79255 0 1.52946 24.8599 14.1783 10.6817
7.80253 0 1.5364 24.8599 14.3825 10.4775
7.8125 0 1.5434 24.8599 14.5896 10.2703
7.82248 0 1.55048 24.8599 14.7997 10.0602
7.83246 0 1.55764 24.8599 15.0127 9.84722
7.84244 0 1.56487 24.8599 15.2287 9.63127
7.85241 0 1.57217 24.8599 15.4475 9.41243
7.86239 0 1.57955 24.8979 15.6143 9.28356
7.87237 0 1.58701 24.8979 15.7303 9.16753
7.88235 0 1.59454 24.8979 15.8514 9.04649
7.89232 0 1.60215 24.8979 15.9774 8.92048
7.9023 0 1.60983 24.8979 16.1083 8.78955
7.91228 0 1.61759 24.8979 16.2441 8.65379
7.92226 0 1.62544 24.8979 16.3846 8.51329
7.93223 0 1.63335 24.8979 16.5297 8.36819
7.94221 0 1.64135 24.8978 16.6792 8.21861
7.95219 0 1.64943 24.8818 16.7967 8.0851
7.96217 0 1.65759 24.8818 16.8849 7.99692
7.97215 0 1.66582 24.8818 16.9813 7.90054
7.98212 0 1.67414 24.8818 17.0857 7.79611
7.9921 0 1.68253 24.8818 17.198 7.68383
8.00208 0 1.69101 24.8818 17.3179 7.56392
8.01206 0 1.69957 24.8818 17.4452 7.4366
8.02203 0 1.70821 24.8817 17.5796 7.30213
8.03201 0 1.71693 24.8817 17.721 7.16076
8.04199 0 1.72573 24.8817 17.8689 7.01279
8.05197 0 1.73462 24.8817 18.0232 6.85849
8.06194 0 1.74359 24.8817 18.1835 6.69819
8.07192 0 1.75264 24.8817 18.3495 6.5322
8.0819 0 1.76178 24.8816 18.5208 6.36083
8.09188 0 1.771 24.8816 18.6972 6.18443
8.10185 0 1.78031 24.8879 18.8637 6.02417
8.11183 0 1.7897 24.8879 19.0203 5.86756
8.12181 0 1.79918 24.8878 19.1818 5.70605
8.13179 0 1.80874 24.8878 19.3478 5.54001
8.14177 0 1.81839 24.8878 19.518 5.3698
8.15174 0 1.82813 24.8878 19.692 5.19579
8.16172 0 1.83795 24.8878 19.8694 5.01833
8.1717 0 1.84787 24.8877 20.0499 4.83779
8.18168 0 1.85787 24.8863 20.1224 4.76394
8.19165 0 1.86796 24.8863 20.0854 4.80089
8.20163 0 1.87814 24.8863 20.0495 4.83676
8.21161 0 1.88841 24.8863 20.0147 4.8716
8.22159 0 1.89877 24.8863 19.9809 4.90543
8.23156 0 1.90922 24.8863 19.948 4.93827
8.24154 0 1.91976 24.8863 19.9162 4.97013
8.25152 0 1.9304 24.8863 19.8853 5.001
8.2615 0 1.94112 24.8863 19.8555 5.03084
8.27147 0 1.95194 24.8863 19.8267 5.05961
8.28145 0 1.96286 24.8863 19.799 5.08726
8.29143 0 1.97386 24.8746 19.7467 5.12787
8.30141 0 1.98496 24.8746 19.6696 5.20503
8.31139 0 1.99616 24.8746 19.594 5.28056
8.32136 0 2.00745 24.8746 19.5204 5.3542
8.33134 0 2.01883 24.8746 19.4489 5.4257
8.34132 0 2.03031 24.8746 19.3799 5.49476
8.3513 0 2.04189 24.8747 19.3136 5.5611
8.36127 0 2.05356 24.8747 19.2502 5.62444
8.37125 0 2.06534 24.8747 19.1902 5.68447
8.38123 0 2.07721 24.8747 19.1338 5.74088
8.39121 0 2.08918 24.8747 19.0814 5.79339
8.40118 0 2.10125 24.8748 19.0331 5.84167
8.41116 0 2.11341 24.8748 18.9894 5.88543
8.42114 0 2.12568 24.8748 18.9504 5.92436
8.43112 0 2.13805 24.8748 18.9166 5.95817
8.44109 0 2.15053 24.8748 18.8883 5.98658
8.45107 0 2.1631 24.8749 18.8656 6.00929
8.46105 0 2.17578 24.8749 18.8488 6.02605
8.47103 0 2.18856 24.8749 18.8383 6.03659
8.48101 0 2.20144 24.8749 18.8342 6.04068
8.49098 0 2.21443 24.8749 18.8368 6.03809
8.50096 0 2.22752 24.8749 18.8463 6.02863
8.51094 0 2.24072 24.8749 18.8628 6.0121
8.52092 0 2.25403 24.8749 18.8866 5.98834
8.53089 0 2.26744 24.875 18.9177 5.95723
8.54087 0 2.28096 24.875 18.9563 5.91864
8.55085 0 2.29459 24.875 19.0025 5.8725
8.56083 0 2.30833 24.875 19.0562 5.81874
8.5708 0 2.32218 24.875 19.1176 5.75733
8.58078 0 2.33613 24.875 19.1867 5.68827
8.59076 0 2.3502 24.875 19.2634 5.61159
8.60074 0 2.36438 24.8749 19.3476 5.52735
8.61072 0 2.37867 24.8749 19.4393 5.43562
8.62069 0 2.39307 24.8749 19.5384 5.33652
8.63067 0 2.40758 24.8749 19.6447 5.23019
8.64065 0 2.42221 24.8749 19.7581 5.1168
8.65063 0 2.43695 24.8749 19.8784 4.99653
8.6606 0 2.4518 24.8749 20.0053 4.8696
8.67058 0 2.46677 24.8606 20.1213 4.73928
8.68056 0 2.48184 24.8606 20.2256 4.63497
8.69054 0 2.497 24.8606 20.3345 4.52611
8.70051 0 2.51225 24.8605 20.4476 4.41299
8.71049 0 2.5276 24.8605 20.5646 4.29592
8.72047 0 2.54305 24.8605 20.6853 4.17522
8.73045 0 2.55859 24.8605 20.8093 4.05121
8.74042 0 2.57422 24.8604 20.9362 3.92425
8.7504 0 2.58995 24.8604 21.0658 3.79466
8.76038 0 2.60577 24.8604 21.1976 3.6628
8.77036 0 2.62168 24.8604 21.3314 3.52901
8.78034 0 2.63768 24.8604 21.4667 3.39366
8.79031 0 2.65377 24.8603 21.6033 3.25707
8.80029 0 2.66994 24.8603 21.7407 3.11959
8.81027 0 2.68621 24.8603 21.8787 2.98157
8.82025 0 2.70256 24.8603 22.0169 2.84333
8.83022 0 2.719 24.8602 22.1551 2.70518
8.8402 0 2.73553 24.8602 22.2928 2.56744
8.85018 0 2.75214 24.8602 22.4298 2.43041
8.86016 0 2.76883 24.8602 22.5658 2.29437
8.87013 0 2.7856 24.8602 22.7006 2.15958
8.88011 0 2.80245 24.8602 22.8338 2.02631
8.89009 0 2.81938 24.8601 22.9653 1.89479
8.90007 0 2.83639 24.8601 23.0949 1.76525
8.91004 0 2.85347 24.8601 23.2222 1.6379
8.92002 0 2.87063 24.8601 23.3472 1.51291
8.93 0 2.88786 24.8601 23.4696 1.39047
8.93998 0 2.90517 24.8601 23.5894 1.27072
8.94996 0 2.92254 24.8649 23.7008 1.16407
8.95993 0 2.93998 24.8649 23.8039 1.06101
8.96991 0 2.95749 24.8649 23.904 0.960919
8.97989 0 2.97506 24.8649 24.001 0.863869
8.98987 0 2.9927 24.8649 24.095 0.769901
8.99984 0 3.0104 24.8649 24.1859 0.679047
9.00982 0 3.02816 24.8649 24.2736 0.59132
9.0198 0 3.04597 24.8649 24.3582 0.506719
9.02978 0 3.06385 24.8649 24.4397 0.425228
9.03975 0 3.08177 24.8649 24.5181 0.346817
9.04973 0 3.09976 24.8649 24.5935 0.271444
9.05971 0 3.11779 24.8649 24.6659 0.199052
9.06969 0 3.13587 24.8649 24.7354 0.129574
9.07966 0 3.154 24.8649 24.802 0.0629313
9.08964 0 3.17217 24.8649 24.8659 -0.000965169
9.09962 0 3.19039 24.865 24.9272 -0.0622144
9.1096 0 3.20865 24.865 24.9859 -0.120924
9.11958 0 3.22695 24.865 25.0422 -0.17721
9.12955 0 3.24529 24.865 25.0962 -0.231196
9.13953 0 3.26367 24.865 25.148 -0.28301
9.14951 0 3.28208 24.865 25.1978 -0.332789
9.15949 0 3.30053 24.865 25.2457 -0.380671
9.16946 0 3.31901 24.865 25.2918 -0.426802
9.17944 0 3.33752 24.865 25.3364 -0.471328
9.18942 0 3.35606 24.8651 25.3795 -0.514399
9.1994 0 3.37462 24.8667 25.4191 -0.552421
9.20937 0 3.39321 24.8667 25.4555 -0.58879
9.21935 0 3.41183 24.8667 25.4909 -0.624252
9.22933 0 3.43047 24.8667 25.5257 -0.658965
9.23931 0 3.44913 24.8667 25.5598 -0.693083
9.24928 0 3.46781 24.8667 25.5935 -0.72676
9.25926 0 3.48652 24.8667 25.6269 -0.760145
9.26924 0 3.50524 24.8668 25.6601 -0.793383
9.27922 0 3.52397 24.8668 25.6934 -0.826616
9.2892 0 3.54273 24.8668 25.7267 -0.859978
9.29917 0 3.56149 24.8668 25.7604 -0.893599
9.30915 0 3.58028 24.8668 25.7944 -0.927603
9.31913 0 3.59907 24.8668 25.8289 -0.962104
9.32911 0 3.61788 24.862 25.8406 -0.978553
9.33908 0 3.63668 24.8508 25.8139 -0.963071
9.34906 0 3.65547 24.852 25.7707 -0.918768
9.35904 0 3.67425 24.852 25.727 -0.875003
9.36902 0 3.693 24.852 25.6845 -0.832531
9.37899 0 3.71174 24.852 25.6433 -0.791355
9.38897 0 3.73046 24.852 25.6034 -0.751466
9.39895 0 3.74916 24.852 25.5648 -0.712853
9.40893 0 3.76785 24.852 25.5274 -0.675494
9.4189 0 3.78651 24.8519 25.4913 -0.63936
9.42888 0 3.80514 24.8519 25.4564 -0.604416
9.43886 0 3.82376 24.8519 25.4226 -0.57062
9.44884 0 3.84236 24.8519 25.3899 -0.537923
9.45882 0 3.86093 24.8519 25.3582 -0.506268
9.46879 0 3.87948 24.8519 25.3275 -0.475594
9.47877 0 3.898 24.8519 25.2978 -0.445833
9.48875 0 3.9165 24.8519 25.2688 -0.41691
9.49873 0 3.93497 24.8519 25.2407 -0.388748
9.5087 0 3.95342 24.8501 25.209 -0.358922
9.51868 0 3.97184 24.8501 25.1737 -0.323625
9.52866 0 3.99023 24.8501 25.1386 -0.288541
9.53864 0 4.00859 24.8501 25.1036 -0.253556
9.54861 0 4.02692 24.8501 25.0686 -0.218556
9.55859 0 4.04522 24.8501 25.0335 -0.183423
9.56857 0 4.06349 24.8501 24.9981 -0.148038
9.57855 0 4.08173 24.8501 24.9623 -0.112283
9.58853 0 4.09993 24.85 24.9261 -0.0760368
9.5985 0 4.11811 24.85 24.8892 -0.0391818
9.60848 0 4.13625 24.8487 24.8442 0.00449952
9.61846 0 4.15436 24.8487 24.7906 0.0580817
9.62844 0 4.17243 24.8487 24.7356 0.113079
9.63841 0 4.19047 24.8487 24.6791 0.169594
9.64839 0 4.20848 24.8486 24.6209 0.227725
9.65837 0 4.22645 24.8486 24.5611 0.287566
9.66835 0 4.24439 24.8486 24.4994 0.349203
9.67832 0 4.26229 24.8486 24.4359 0.412719
9.6883 0 4.28016 24.8486 24.3704 0.478188
9.69828 0 4.29799 24.8486 24.3029 0.545675
9.70826 0 4.31579 24.8486 24.2334 0.61524
9.71823 0 4.33355 24.8486 24.1617 0.686935
9.72821 0 4.35127 24.8486 24.0878 0.7608
9.73819 0 4.36895 24.8486 24.0117 0.836868
9.74817 0 4.3866 24.8486 23.9334 0.915164
9.75815 0 4.4042 24.8486 23.8529 0.9957
9.76812 0 4.42177 24.8486 23.7701 1.07848
9.7781 0 4.43929 24.8486 23.6851 1.1635
9.78808 0 4.45678 24.8486 23.5979 1.25074
9.79806 0 4.47422 24.8486 23.5084 1.34017
9.80803 0 4.49162 24.8486 23.4169 1.43175
9.81801 0 4.50898 24.8486 23.3232 1.52545
9.82799 0 4.52629 24.8495 23.2248 1.6247
9.83797 0 4.54356 24.8495 23.1219 1.72762
9.84794 0 4.56079 24.8495 23.0171 1.83249
9.85792 0 4.57797 24.8496 22.9104 1.93919
9.8679 0 4.5951 24.8496 22.8019 2.04763
9.87788 0 4.61219 24.8496 22.6919 2.15769
9.88785 0 4.62923 24.8496 22.5803 2.26923
9.89783 0 4.64622 24.8496 22.4675 2.38213
9.90781 0 4.66316 24.8496 22.3534 2.49623
9.91779 0 4.68004 24.8496 22.2382 2.61138
9.92777 0 4.69688 24.8496 22.1222 2.72742
9.93774 0 4.71367 24.8496 22.0055 2.84418
9.94772 0 4.7304 24.8496 21.8882 2.96148
9.9577 0 4.74708 24.8497 21.7705 3.07914
9.96768 0 4.76371 24.8497 21.6527 3.19696
9.97765 0 4.78028 24.8497 21.5349 3.31477
