0.00997765 0 4.37225e-05 29.3858 35.0749 -5.68907
0.0199553 0 0.000174819 29.3858 35.045 -5.65919
0.029933 0 0.000393172 29.3858 35.0125 -5.62674
0.0399106 0 0.000698653 29.3858 34.9774 -5.59163
0.0498883 0 0.00109112 29.3858 34.9395 -5.55377
0.0598659 0 0.00157041 29.3858 34.8989 -5.51308
0.0698436 0 0.00213636 29.3858 34.8552 -5.46947
0.0798212 0 0.00278877 29.3858 34.8086 -5.42285
0.0897989 0 0.00352745 29.3857 34.7589 -5.37312
0.0997765 0 0.00435218 29.3857 34.7059 -5.3202
0.109754 0 0.00526271 29.3857 34.6497 -5.264
0.119732 0 0.00625879 29.3857 34.5901 -5.20441
0.129709 0 0.00734016 29.3857 34.5271 -5.14135
0.139687 0 0.00850651 29.3857 34.4604 -5.07471
0.149665 0 0.00975753 29.3857 34.3901 -5.00441
0.159642 0 0.0110929 29.3857 34.316 -4.93035
0.16962 0 0.0125123 29.3857 34.2381 -4.85242
0.179598 0 0.0140152 29.3857 34.1562 -4.77054
0.189575 0 0.0156014 29.3857 34.0703 -4.68461
0.199553 0 0.0172704 29.3857 33.9802 -4.59454
0.209531 0 0.0190218 29.3856 33.8859 -4.50022
0.219508 0 0.020855 29.3856 33.7872 -4.40157
0.229486 0 0.0227696 29.3856 33.6841 -4.2985
0.239464 0 0.0247651 29.3856 33.5765 -4.19091
0.249441 0 0.0268409 29.3856 33.4643 -4.07871
0.259419 0 0.0289965 29.3856 33.3474 -3.96183
0.269397 0 0.0312312 29.3856 33.2258 -3.84017
0.279374 0 0.0335445 29.3856 33.0992 -3.71366
0.289352 0 0.0359356 29.3856 32.9678 -3.58222
0.29933 0 0.0384039 29.3856 32.8314 -3.44578
0.309307 0 0.0409487 29.3856 32.6898 -3.30428
0.319285 0 0.0435691 29.3856 32.5432 -3.15764
0.329263 0 0.0462646 29.3856 32.3914 -3.00581
0.33924 0 0.0490341 29.3855 32.2343 -2.84874
0.349218 0 0.051877 29.3855 32.0719 -2.68639
0.359196 0 0.0547922 29.3855 31.9043 -2.51871
0.369173 0 0.057779 29.3855 31.7312 -2.34569
0.379151 0 0.0608363 29.3855 31.5528 -2.16729
0.389128 0 0.0639632 29.3855 31.369 -1.9835
0.399106 0 0.0671587 29.3855 31.1798 -1.79432
0.409084 0 0.0704218 29.3855 30.9853 -1.59976
0.419061 0 0.0737513 29.3855 30.7854 -1.39983
0.429039 0 0.0771462 29.3855 30.5801 -1.19457
0.439017 0 0.0806054 29.3855 30.3695 -0.984007
0.448994 0 0.0841276 29.3855 30.1537 -0.768204
0.458972 0 0.0877117 29.3855 29.9328 -0.547225
0.46895 0 0.0913563 29.3855 29.7067 -0.321149
0.478927 0 0.0950604 29.3855 29.4756 -0.0900718
0.488905 0 0.0988225 29.3855 29.2396 0.145898
0.498883 0 0.102641 29.3855 28.9989 0.386636
0.50886 0 0.106516 29.3856 28.7536 0.632002
0.518838 0 0.110444 29.3856 28.5037 0.88184
0.528816 0 0.114425 29.3856 28.2496 1.13598
0.538793 0 0.118456 29.3858 27.9911 1.39464
0.548771 0 0.122538 29.3858 27.7285 1.65729
0.558749 0 0.126668 29.3858 27.4621 1.92364
0.568726 0 0.130844 29.3858 27.1923 2.19346
0.578704 0 0.135066 29.3858 26.9193 2.46649
0.588682 0 0.139331 29.3858 26.6434 2.74248
0.598659 0 0.143638 29.3858 26.3647 3.02113
0.608637 0 0.147986 29.3859 26.0837 3.30214
0.618615 0 0.152372 29.3859 25.8007 3.5852
0.628592 0 0.156796 29.3859 25.5159 3.86999
0.63857 0 0.161256 29.3859 25.2298 4.15616
0.648547 0 0.165749 29.386 24.9426 4.44337
0.658525 0 0.170275 29.386 24.6547 4.73124
0.668503 0 0.174832 29.386 24.3666 5.0194
0.67848 0 0.179417 29.386 24.0785 5.30748
0.688458 0 0.184031 29.386 23.791 5.59509
0.698436 0 0.18867 29.3861 23.5043 5.88182
0.708413 0 0.193334 29.3861 23.2188 6.16729
0.718391 0 0.198021 29.3861 22.935 6.4511
0.728369 0 0.202729 29.3862 22.6533 6.73285
0.738346 0 0.207457 29.3862 22.374 7.01213
0.748324 0 0.212203 29.3862 22.0976 7.28857
0.758302 0 0.216965 29.3862 21.8245 7.56176
0.768279 0 0.221743 29.3862 21.5549 7.83134
0.778257 0 0.226535 29.3863 21.2893 8.09693
0.788235 0 0.231339 29.3863 21.0281 8.35817
0.798212 0 0.236154 29.3863 20.7716 8.61472
0.80819 0 0.240979 29.3863 20.5201 8.86626
0.818168 0 0.245813 29.3864 20.2739 9.11246
0.828145 0 0.250653 29.3864 20.0333 9.35303
0.838123 0 0.2555 29.3864 19.7987 9.58771
0.848101 0 0.260351 29.3864 19.5702 9.81624
0.858078 0 0.265206 29.3864 19.348 10.0384
0.868056 0 0.270064 29.3864 19.1325 10.2539
0.878034 0 0.274923 29.3864 18.9237 10.4627
0.888011 0 0.279783 29.3864 18.7218 10.6646
0.897989 0 0.284643 29.3865 18.527 10.8594
0.907966 0 0.289501 29.3865 18.3394 11.0471
0.917944 0 0.294357 29.3865 18.1589 11.2275
0.927922 0 0.299211 29.3865 17.9858 11.4007
0.937899 0 0.304061 29.3865 17.82 11.5664
0.947877 0 0.308907 29.3865 17.6616 11.7249
0.957855 0 0.313747 29.3865 17.5104 11.876
0.967832 0 0.318583 29.3865 17.3666 12.0199
0.97781 0 0.323412 29.3865 17.23 12.1565
0.987788 0 0.328235 29.3864 17.1005 12.2859
0.997765 0 0.333051 29.3864 16.9781 12.4083
1.00774 0 0.33786 29.3864 16.8627 12.5237
1.01772 0 0.34266 29.3864 16.7541 12.6323
1.0277 0 0.347453 29.3864 16.6523 12.7341
1.03768 0 0.352237 29.3864 16.557 12.8294
1.04765 0 0.357013 29.3864 16.4682 12.9182
1.05763 0 0.36178 29.3864 16.3856 13.0008
1.06761 0 0.366538 29.3864 16.3092 13.0772
1.07759 0 0.371286 29.3864 16.2387 13.1476
1.08756 0 0.376026 29.5172 16.0323 13.4849
1.09754 0 0.380754 29.5173 15.6898 13.8275
1.10752 0 0.38547 29.5173 15.3517 14.1656
1.1175 0 0.390172 29.5174 15.0189 14.4985
1.12747 0 0.394859 29.5174 14.6922 14.8252
1.13745 0 0.399527 29.5175 14.3726 15.1449
1.14743 0 0.404177 29.5176 14.0611 15.4565
1.15741 0 0.408806 29.5176 13.7584 15.7592
1.16739 0 0.413412 29.5177 13.4657 16.052
1.17736 0 0.417996 29.5177 13.1838 16.3339
1.18734 0 0.422554 29.5178 12.9137 16.6041
1.19732 0 0.427087 29.5178 12.6563 16.8616
1.2073 0 0.431592 29.5179 12.4125 17.1054
1.21727 0 0.436069 29.518 12.1832 17.3347
1.22725 0 0.440516 29.518 11.9693 17.5487
1.23723 0 0.444934 29.5181 11.7716 17.7465
1.24721 0 0.44932 29.5181 11.5907 17.9274
1.25718 0 0.453674 29.5181 11.4275 18.0906
1.26716 0 0.457997 29.5182 11.2826 18.2356
1.27714 0 0.462286 29.5182 11.1565 18.3617
1.28712 0 0.466542 29.5182 11.0497 18.4686
1.29709 0 0.470766 29.5183 10.9626 18.5556
1.30707 0 0.474955 29.5183 10.8957 18.6226
1.31705 0 0.479112 29.5183 10.8491 18.6691
1.32703 0 0.483235 29.5183 10.8231 18.6952
1.33701 0 0.487325 29.5183 10.8176 18.7007
1.34698 0 0.491383 29.5183 10.8326 18.6856
1.35696 0 0.495408 29.5183 10.8682 18.6501
1.36694 0 0.499403 29.5182 10.9239 18.5943
1.37692 0 0.503366 29.5182 10.9997 18.5185
1.38689 0 0.5073 29.5182 11.095 18.4232
1.39687 0 0.511205 29.5182 11.2095 18.3086
1.40685 0 0.515082 29.5181 11.3426 18.1755
1.41683 0 0.518932 29.5181 11.4937 18.0244
1.4268 0 0.522757 29.518 11.6621 17.8559
1.43678 0 0.526558 29.518 11.8472 17.6708
1.44676 0 0.530337 29.5179 12.0481 17.4698
1.45674 0 0.534095 29.5179 12.264 17.2538
1.46672 0 0.537833 29.5178 12.4941 17.0237
1.47669 0 0.541553 29.5178 12.7375 16.7803
1.48667 0 0.545257 29.5177 12.9933 16.5244
1.49665 0 0.548947 29.5177 13.2605 16.2572
1.50663 0 0.552624 29.5176 13.5382 15.9794
1.5166 0 0.55629 29.5175 13.8255 15.692
1.52658 0 0.559948 29.5175 14.1215 15.3959
1.53656 0 0.563598 29.5174 14.4253 15.0921
1.54654 0 0.567244 29.5174 14.736 14.7814
1.55651 0 0.570887 29.655 14.8566 14.7983
1.56649 0 0.574527 29.655 14.7841 14.8709
1.57647 0 0.578164 29.655 14.7142 14.9408
1.58645 0 0.581799 29.6551 14.6475 15.0076
1.59642 0 0.585431 29.6551 14.5847 15.0704
1.6064 0 0.589061 29.6552 14.5265 15.1286
1.61638 0 0.592688 29.6552 14.4737 15.1815
1.62636 0 0.596312 29.6553 14.4268 15.2284
1.63634 0 0.599934 29.6553 14.3867 15.2686
1.64631 0 0.603554 29.6553 14.3541 15.3012
1.65629 0 0.607171 29.6554 14.3296 15.3258
1.66627 0 0.610786 29.6554 14.3139 15.3415
1.67625 0 0.614398 29.6555 14.3077 15.3477
1.68622 0 0.61801 29.5794 14.2305 15.3489
1.6962 0 0.621619 29.5794 14.082 15.4974
1.70618 0 0.625227 29.5795 13.9425 15.637
1.71616 0 0.628831 29.5795 13.8126 15.7669
1.72613 0 0.632432 29.5796 13.6931 15.8864
1.73611 0 0.636029 29.5796 13.5847 15.9949
1.74609 0 0.639622 29.5796 13.4881 16.0915
1.75607 0 0.64321 29.5797 13.4039 16.1758
1.76604 0 0.646792 29.5797 13.3326 16.2472
1.77602 0 0.650369 29.5797 13.2747 16.305
1.786 0 0.65394 29.5798 13.2309 16.3488
1.79598 0 0.657506 29.5798 13.2015 16.3783
1.80596 0 0.661065 29.5798 13.1869 16.3929
1.81593 0 0.664619 29.5798 13.1874 16.3924
1.82591 0 0.668167 29.5798 13.2033 16.3765
1.83589 0 0.671709 29.5799 13.2348 16.345
1.84587 0 0.675245 29.5799 13.282 16.2978
1.85584 0 0.678776 29.5799 13.3451 16.2347
1.86582 0 0.682303 29.5799 13.424 16.1558
1.8758 0 0.685825 29.5798 13.5187 16.0611
1.88578 0 0.689344 29.5798 13.6292 15.9507
1.89575 0 0.692859 29.5798 13.7552 15.8246
1.90573 0 0.696372 29.5798 13.8966 15.6832
1.91571 0 0.699884 29.5798 14.0532 15.5266
1.92569 0 0.703395 29.5853 14.1727 15.4125
1.93566 0 0.706906 29.5852 14.255 15.3302
1.94564 0 0.710417 29.5852 14.3509 15.2343
1.95562 0 0.71393 29.5851 14.4598 15.1253
1.9656 0 0.717445 29.5851 14.581 15.0041
1.97558 0 0.720962 29.5851 14.7137 14.8714
1.98555 0 0.724484 29.585 14.8571 14.7279
1.99553 0 0.72801 29.5805 14.9839 14.5966
2.00551 0 0.731541 29.5804 15.0925 14.4879
2.01549 0 0.735079 29.5804 15.2082 14.3722
2.02546 0 0.738624 29.5803 15.3303 14.25
2.03544 0 0.742177 29.5803 15.4578 14.1224
2.04542 0 0.745739 29.5802 15.5901 13.9901
2.0554 0 0.749311 29.5802 15.7263 13.8539
2.06537 0 0.752895 29.5801 15.8655 13.7146
2.07535 0 0.75649 29.5801 16.0072 13.5729
2.08533 0 0.760098 29.5801 16.1504 13.4297
2.09531 0 0.76372 29.58 16.2945 13.2855
2.10528 0 0.767358 29.58 16.4387 13.1412
2.11526 0 0.771011 29.5799 16.5825 12.9974
2.12524 0 0.774682 29.5799 16.7251 12.8548
2.13522 0 0.778371 29.4856 16.746 12.7397
2.1452 0 0.782078 29.4857 16.646 12.8397
2.15517 0 0.785804 29.4857 16.5452 12.9405
2.16515 0 0.789547 29.5147 16.3359 13.1788
2.17513 0 0.793307 29.5147 16.021 13.4938
2.18511 0 0.797083 29.5148 15.7121 13.8026
2.19508 0 0.800873 29.5148 15.4099 14.1049
2.20506 0 0.804677 29.5148 15.1145 14.4003
2.21504 0 0.808493 29.5148 14.8266 14.6882
2.22502 0 0.81232 29.5149 14.5464 14.9684
2.23499 0 0.816158 29.5149 14.2743 15.2406
2.24497 0 0.820005 29.5149 14.0104 15.5044
2.25495 0 0.82386 29.5149 13.7552 15.7597
2.26493 0 0.827724 29.5149 13.5088 16.0061
2.27491 0 0.831594 29.5149 13.2712 16.2437
2.28488 0 0.835471 29.5149 13.0427 16.4722
2.29486 0 0.839354 29.5082 12.8158 16.6924
2.30484 0 0.843242 29.5082 12.5909 16.9173
2.31482 0 0.847134 29.5082 12.3756 17.1326
2.32479 0 0.85103 29.5082 12.1697 17.3385
2.33477 0 0.85493 29.5082 11.9731 17.535
2.34475 0 0.858834 29.5081 11.7856 17.7225
2.35473 0 0.86274 29.5081 11.6069 17.9012
2.3647 0 0.866649 29.5081 11.4367 18.0713
2.37468 0 0.87056 29.5081 11.2747 18.2333
2.38466 0 0.874473 29.508 11.1205 18.3875
2.39464 0 0.878388 29.508 10.9738 18.5342
2.40461 0 0.882306 29.508 10.834 18.674
2.41459 0 0.886225 29.5079 10.7008 18.8071
2.42457 0 0.890146 29.5079 10.5737 18.9342
2.43455 0 0.894068 29.5079 10.4524 19.0555
2.44453 0 0.897993 29.5078 10.3363 19.1715
2.4545 0 0.901919 29.5078 10.2251 19.2827
2.46448 0 0.905848 29.4626 10.0009 19.4618
2.47446 0 0.909778 29.4627 9.66436 19.7983
2.48444 0 0.913708 29.4627 9.33462 20.1281
2.49441 0 0.917638 29.4628 9.01266 20.4501
2.50439 0 0.921565 29.4629 8.69955 20.7633
2.51437 0 0.92549 29.4629 8.39638 21.0665
2.52435 0 0.92941 29.463 8.10428 21.3587
2.53432 0 0.933325 29.4631 7.82438 21.6387
2.5443 0 0.937235 29.4631 7.55784 21.9053
2.55428 0 0.941137 29.4632 7.30579 22.1574
2.56426 0 0.945032 29.4633 7.06939 22.3939
2.57423 0 0.948918 29.4633 6.84976 22.6136
2.58421 0 0.952795 29.4634 6.64801 22.8154
2.59419 0 0.956663 29.4635 6.4652 22.9983
2.60417 0 0.960521 29.4635 6.30238 23.1611
2.61415 0 0.964369 29.4636 6.16051 23.3031
2.62412 0 0.968206 29.4636 6.0405 23.4231
2.6341 0 0.972032 29.4637 5.94319 23.5205
2.64408 0 0.975848 29.4637 5.86935 23.5944
2.65406 0 0.979653 29.4638 5.81963 23.6441
2.66403 0 0.983448 29.4638 5.79459 23.6692
2.67401 0 0.987233 29.4638 5.79471 23.6691
2.68399 0 0.991009 29.4638 5.82031 23.6435
2.69397 0 0.994775 29.4638 5.87164 23.5922
2.70394 0 0.998533 29.4638 5.94879 23.515
2.71392 0 1.00228 29.4638 6.05174 23.4121
2.7239 0 1.00603 29.4638 6.18033 23.2835
2.73388 0 1.00977 29.4638 6.33431 23.1295
2.74385 0 1.0135 29.4637 6.51326 22.9505
2.75383 0 1.01723 29.4637 6.71667 22.747
2.76381 0 1.02096 29.4637 6.94389 22.5198
2.77379 0 1.02469 29.4636 7.19419 22.2694
2.78377 0 1.02842 29.5785 7.34981 22.2287
2.79374 0 1.03215 29.5785 7.40697 22.1715
2.80372 0 1.03589 29.5785 7.48164 22.0968
2.8137 0 1.03962 29.5785 7.5736 22.0049
2.82368 0 1.04336 29.5784 7.68261 21.8958
2.83365 0 1.04711 29.5784 7.80839 21.77
2.84363 0 1.05086 29.5784 7.95062 21.6278
2.85361 0 1.05462 29.5784 8.10898 21.4694
2.86359 0 1.05838 29.5784 8.2831 21.2953
2.87356 0 1.06215 29.5783 8.47261 21.1057
2.88354 0 1.06594 29.5783 8.67712 20.9012
2.89352 0 1.06973 29.5783 8.8962 20.6821
2.9035 0 1.07353 29.5783 9.12943 20.4488
2.91347 0 1.07735 29.5782 9.37636 20.2019
2.92345 0 1.08118 29.5782 9.63652 19.9417
2.93343 0 1.08502 29.5782 9.90946 19.6687
2.94341 0 1.08889 29.5781 10.1947 19.3835
2.95339 0 1.09277 29.5781 10.4917 19.0864
2.96336 0 1.09667 29.5781 10.8 18.7781
2.97334 0 1.10059 29.578 11.119 18.459
2.98332 0 1.10453 29.578 11.4483 18.1297
2.9933 0 1.1085 29.578 11.7874 17.7906
3.00327 0 1.1125 29.578 12.1356 17.4424
3.01325 0 1.11652 29.5779 12.4924 17.0855
3.02323 0 1.12057 29.5779 12.8573 16.7206
3.03321 0 1.12465 29.5779 13.2297 16.3481
3.04318 0 1.12876 29.5778 13.6091 15.9687
3.05316 0 1.13291 29.5778 13.9949 15.5829
3.06314 0 1.1371 29.5778 14.3865 15.1913
3.07312 0 1.14132 29.5777 14.7833 14.7944
3.08309 0 1.14558 29.5777 15.1849 14.3928
3.09307 0 1.14988 29.5777 15.5905 13.9872
3.10305 0 1.15422 29.5776 15.9997 13.5779
3.11303 0 1.15861 29.5776 16.4119 13.1657
3.12301 0 1.16305 29.5776 16.8264 12.7511
3.13298 0 1.16753 29.5775 17.2429 12.3346
3.14296 0 1.17206 29.5796 17.6582 11.9214
3.15294 0 1.17664 29.5796 18.0723 11.5073
3.16292 0 1.18128 29.5635 18.3788 11.1847
3.17289 0 1.18597 29.5635 18.5747 10.9888
3.18287 0 1.19071 29.5635 18.767 10.7965
3.19285 0 1.19551 29.5635 18.9555 10.6079
3.20283 0 1.20037 29.5635 19.14 10.4234
3.2128 0 1.20529 29.5634 19.3202 10.2432
3.22278 0 1.21026 29.5634 19.496 10.0675
3.23276 0 1.2153 29.5634 19.6671 9.89635
3.24274 0 1.22039 29.4917 19.7085 9.78324
3.25272 0 1.22555 29.4917 19.622 9.86979
3.26269 0 1.23076 29.5526 19.4502 10.1024
3.27267 0 1.23604 29.5526 19.1956 10.357
3.28265 0 1.24138 29.5526 18.9426 10.6101
3.29263 0 1.24678 29.5527 18.6913 10.8613
3.3026 0 1.25224 29.5527 18.4422 11.1105
3.31258 0 1.25776 29.5527 18.1954 11.3573
3.32256 0 1.26334 29.5527 17.9514 11.6013
3.33254 0 1.26898 29.5527 17.7105 11.8422
3.34251 0 1.27467 29.5527 17.4729 12.0798
3.35249 0 1.28043 29.5528 17.2391 12.3137
3.36247 0 1.28625 29.5528 17.0093 12.5435
3.37245 0 1.29212 29.5528 16.7839 12.7689
3.38242 0 1.29805 29.5642 16.539 13.0252
3.3924 0 1.30405 29.5642 16.2749 13.2893
3.40238 0 1.3101 29.5642 16.016 13.5482
3.41236 0 1.3162 29.5642 15.7628 13.8014
3.42234 0 1.32237 29.5642 15.5157 14.0485
3.43231 0 1.3286 29.5643 15.275 14.2893
3.44229 0 1.33489 29.5643 15.0411 14.5231
3.45227 0 1.34123 29.5643 14.8145 14.7498
3.46225 0 1.34763 29.5643 14.5956 14.9688
3.47222 0 1.3541 29.5644 14.3847 15.1796
3.4822 0 1.36062 29.5644 14.1824 15.3819
3.49218 0 1.3672 29.5644 13.9892 15.5752
3.50216 0 1.37384 29.5644 13.8054 15.759
3.51213 0 1.38055 29.5645 13.6316 15.9328
3.52211 0 1.38731 29.5645 13.4683 16.0962
3.53209 0 1.39414 29.5636 13.3141 16.2495
3.54207 0 1.40103 29.5636 13.1694 16.3943
3.55204 0 1.40798 29.5637 13.0363 16.5273
3.56202 0 1.41499 29.5637 12.9155 16.6482
3.572 0 1.42207 29.5637 12.8073 16.7564
3.58198 0 1.42921 29.5637 12.7122 16.8515
3.59196 0 1.43641 29.5638 12.6307 16.933
3.60193 0 1.44368 29.5638 12.5632 17.0006
3.61191 0 1.45102 29.5638 12.51 17.0538
3.62189 0 1.45843 29.5638 12.4716 17.0923
3.63187 0 1.4659 29.5639 12.4482 17.1157
3.64184 0 1.47344 29.5639 12.4402 17.1237
3.65182 0 1.48105 29.5639 12.4478 17.1161
3.6618 0 1.48873 29.5639 12.4712 17.0927
3.67178 0 1.49648 29.5639 12.5107 17.0532
3.68175 0 1.50431 29.5639 12.5663 16.9976
3.69173 0 1.51221 29.5639 12.638 16.9259
3.70171 0 1.52018 29.5639 12.7259 16.838
3.71169 0 1.52823 29.5639 12.8299 16.734
3.72166 0 1.53636 29.5639 12.9499 16.614
3.73164 0 1.54457 29.5639 13.0857 16.4782
3.74162 0 1.55285 29.5639 13.237 16.3268
3.7516 0 1.56122 29.5638 13.4036 16.1602
3.76158 0 1.56966 29.5638 13.585 15.9788
3.77155 0 1.5782 29.5638 13.7809 15.7829
3.78153 0 1.58681 29.5637 13.9907 15.573
3.79151 0 1.59551 29.5637 14.214 15.3497
3.80149 0 1.6043 29.5637 14.45 15.1136
3.81146 0 1.61318 29.5636 14.6983 14.8653
3.82144 0 1.62214 29.5793 14.9332 14.6461
3.83142 0 1.6312 29.5793 15.1567 14.4225
3.8414 0 1.64035 29.5792 15.3942 14.185
3.85137 0 1.64959 29.5791 15.6448 13.9343
3.86135 0 1.65893 29.5791 15.9077 13.6714
3.87133 0 1.66836 29.579 16.1819 13.3972
3.88131 0 1.6779 29.579 16.4663 13.1126
3.89128 0 1.68752 29.5789 16.7602 12.8187
3.90126 0 1.69725 29.5788 17.0625 12.5164
3.91124 0 1.70708 29.5788 17.3722 12.2066
3.92122 0 1.71701 29.5802 17.6865 11.8937
3.9312 0 1.72705 29.5802 18.0045 11.5757
3.94117 0 1.73718 29.5801 18.3271 11.253
3.95115 0 1.74742 29.5801 18.6535 10.9266
3.96113 0 1.75777 29.58 18.9829 10.5972
3.97111 0 1.76823 29.58 19.3143 10.2657
3.98108 0 1.77879 29.58 19.647 9.93296
3.99106 0 1.78946 29.5799 19.9803 9.5996
4.00104 0 1.80024 29.5799 20.3135 9.26636
4.01102 0 1.81113 29.5799 20.646 8.93386
4.02099 0 1.82213 29.5798 20.9771 8.60269
4.03097 0 1.83324 29.5798 21.3064 8.27339
4.04095 0 1.84447 29.5798 21.6333 7.94646
4.05093 0 1.8558 29.5798 21.9574 7.62233
4.0609 0 1.86725 29.5797 22.2783 7.30142
4.07088 0 1.87882 29.5797 22.5957 6.98407
4.08086 0 1.8905 29.5797 22.9091 6.6706
4.09084 0 1.90229 29.5797 23.2184 6.36128
4.10082 0 1.9142 29.5797 23.5234 6.05634
4.11079 0 1.92622 29.5797 23.8237 5.75598
4.12077 0 1.93836 29.5797 24.1193 5.46037
4.13075 0 1.95062 29.5797 24.4101 5.16964
4.14073 0 1.96299 29.5797 24.6958 4.8839
4.1507 0 1.97548 29.5797 24.9765 4.60323
4.16068 0 1.98809 29.5797 25.252 4.32769
4.17066 0 2.00081 29.5797 25.5224 4.05732
4.18064 0 2.01365 29.5733 25.7754 3.79787
4.19061 0 2.02661 29.5733 26.0113 3.56201
4.20059 0 2.03969 29.5733 26.2426 3.33073
4.21057 0 2.05288 29.5734 26.4694 3.10395
4.22055 0 2.06619 29.5734 26.6918 2.88156
4.23053 0 2.07962 29.5734 26.9099 2.66346
4.2405 0 2.09316 29.5734 27.1238 2.44956
4.25048 0 2.10683 29.5734 27.3337 2.23976
4.26046 0 2.12061 29.5734 27.5395 2.03396
4.27044 0 2.1345 29.5734 27.7414 1.83206
4.28041 0 2.14852 29.5734 27.9395 1.63399
4.29039 0 2.16265 29.5735 28.1338 1.43965
4.30037 0 2.1769 29.5735 28.3245 1.24897
4.31035 0 2.19127 29.5735 28.5116 1.06187
4.32032 0 2.20576 29.5735 28.6952 0.878274
4.3303 0 2.22036 29.5735 28.8754 0.698122
4.34028 0 2.23508 29.5735 29.0521 0.521351
4.35026 0 2.24991 29.5735 29.2256 0.347905
4.36023 0 2.26486 29.5735 29.3958 0.177733
4.37021 0 2.27993 29.5735 29.5627 0.0107871
4.38019 0 2.29512 29.5735 29.7265 -0.152974
4.39017 0 2.31041 29.5735 29.8871 -0.31359
4.40015 0 2.32583 29.5735 30.0446 -0.471095
4.41012 0 2.34136 29.5735 30.1991 -0.625519
4.4201 0 2.35701 29.5791 30.3412 -0.762113
4.43008 0 2.37277 29.5791 30.4717 -0.89264
4.44006 0 2.38864 29.5791 30.6004 -1.02128
4.45003 0 2.40463 29.5791 30.7271 -1.14802
4.46001 0 2.42073 29.5791 30.8519 -1.27284
4.46999 0 2.43695 29.5791 30.9748 -1.39572
4.47997 0 2.45328 29.5791 31.0958 -1.51665
4.48994 0 2.46972 29.5791 31.2147 -1.6356
4.49992 0 2.48628 29.5794 31.3219 -1.74248
4.5099 0 2.50295 29.5794 31.4182 -1.8388
4.51988 0 2.51973 29.5815 31.5098 -1.9283
4.52985 0 2.53663 29.5815 31.5966 -2.01508
4.53983 0 2.55364 29.5815 31.6828 -2.10129
4.54981 0 2.57076 29.5815 31.7683 -2.18684
4.55979 0 2.58799 29.5815 31.8531 -2.27164
4.56977 0 2.60533 29.5815 31.9371 -2.35559
4.57974 0 2.62278 29.5815 32.0201 -2.43862
4.58972 0 2.64035 29.5815 32.1021 -2.52065
4.5997 0 2.65803 29.5429 32.1435 -2.60062
4.60968 0 2.67582 29.5429 32.1448 -2.60194
4.61965 0 2.69371 29.5429 32.1464 -2.60351
4.62963 0 2.71172 29.5429 32.1482 -2.60538
4.63961 0 2.72984 29.5429 32.1504 -2.60758
4.64959 0 2.74807 29.5429 32.153 -2.61013
4.65956 0 2.76641 29.5429 32.1559 -2.61306
4.66954 0 2.78487 29.5429 32.1593 -2.61641
4.67952 0 2.80343 29.5429 32.1631 -2.62021
4.6895 0 2.8221 29.5429 32.1674 -2.62449
4.69947 0 2.84089 29.5525 32.1598 -2.60725
4.70945 0 2.85978 29.5525 32.1394 -2.58682
4.71943 0 2.87877 29.5525 32.1172 -2.56471
4.72941 0 2.89786 29.5525 32.0934 -2.54085
4.73939 0 2.91706 29.5525 32.0677 -2.51515
4.74936 0 2.93635 29.5525 32.04 -2.48751
4.75934 0 2.95575 29.5525 32.0103 -2.45784
4.76932 0 2.97524 29.5525 31.9785 -2.42603
4.7793 0 2.99483 29.5525 31.9444 -2.39196
4.78927 0 3.01452 29.5525 31.908 -2.35552
4.79925 0 3.03431 29.5525 31.869 -2.31657
4.80923 0 3.05419 29.5524 31.8274 -2.275
4.81921 0 3.07416 29.5524 31.7831 -2.23066
4.82918 0 3.09423 29.5524 31.7358 -2.18341
4.83916 0 3.11439 29.5524 31.6855 -2.13309
4.84914 0 3.13464 29.5524 31.6319 -2.07955
4.85912 0 3.15498 29.5524 31.575 -2.02263
4.86909 0 3.17541 29.5523 31.5145 -1.96216
4.87907 0 3.19592 29.5523 31.4503 -1.89796
4.88905 0 3.21652 29.5523 31.3822 -1.82987
4.89903 0 3.2372 29.5523 31.31 -1.75771
4.90901 0 3.25796 29.5523 31.2336 -1.68128
4.91898 0 3.2788 29.5523 31.1527 -1.60041
4.92896 0 3.29971 29.5522 31.0671 -1.5149
4.93894 0 3.3207 29.5522 30.9768 -1.42458
4.94892 0 3.34176 29.5522 30.8815 -1.32926
4.95889 0 3.3629 29.5599 30.7707 -1.21085
4.96887 0 3.38409 29.5599 30.6439 -1.08404
4.97885 0 3.40534 29.5598 30.5105 -0.950637
4.98883 0 3.42664 29.5598 30.3702 -0.81043
4.9988 0 3.44799 29.5598 30.223 -0.663204
5.00878 0 3.46939 29.5598 30.0685 -0.508755
5.01876 0 3.49084 29.5598 29.9066 -0.346892
5.02874 0 3.51232 29.5597 29.7372 -0.177438
5.03872 0 3.53384 29.5597 29.5551 0.00465575
5.04869 0 3.55539 29.5597 29.3603 0.199422
5.05867 0 3.57696 29.5597 29.1576 0.402044
5.06865 0 3.59855 29.5597 28.9471 0.612609
5.07863 0 3.62016 29.5597 28.7285 0.831176
5.0886 0 3.64177 29.5597 28.5019 1.05777
5.09858 0 3.66339 29.5596 28.2673 1.29238
5.10856 0 3.68502 29.5593 28.0213 1.53799
5.11854 0 3.70663 29.5593 27.7637 1.79554
5.12851 0 3.72824 29.5593 27.498 2.06128
5.13849 0 3.74983 29.5593 27.2242 2.33504
5.14847 0 3.7714 29.5593 26.9427 2.61662
5.15845 0 3.79295 29.5593 26.6536 2.90574
5.16842 0 3.81446 29.5593 26.3572 3.20208
5.1784 0 3.83593 29.5593 26.0541 3.50524
5.18838 0 3.85735 29.5594 25.7446 3.81478
5.19836 0 3.87873 29.5594 25.4292 4.13017
5.20834 0 3.90004 29.5594 25.1086 4.45084
5.21831 0 3.9213 29.5594 24.7833 4.77614
5.22829 0 3.94248 29.5595 24.4541 5.10535
5.23827 0 3.96358 29.5595 24.1218 5.4377
5.24825 0 3.9846 29.5596 23.7872 5.77234
5.25822 0 4.00553 29.5596 23.4513 6.10838
5.2682 0 4.02636 29.5597 23.1148 6.44486
5.27818 0 4.04708 29.5598 22.779 6.78076
5.28816 0 4.0677 29.5598 22.4448 7.11505
5.29813 0 4.08819 29.5599 22.1133 7.44663
5.30811 0 4.10857 29.5599 21.7856 7.77438
5.31809 0 4.12881 29.5614 21.4591 8.10226
5.32807 0 4.14892 29.5615 21.1345 8.42697
5.33804 0 4.16888 29.5615 20.816 8.7455
5.34802 0 4.1887 29.5616 20.5049 9.05675
5.358 0 4.20836 29.5617 20.202 9.35967
5.36798 0 4.22786 29.5617 19.9085 9.65323
5.37796 0 4.24719 29.5618 19.6253 9.93643
5.38793 0 4.26636 29.5618 19.3535 10.2083
5.39791 0 4.28534 29.5619 19.0938 10.4681
5.40789 0 4.30415 29.5619 18.847 10.7149
5.41787 0 4.32277 29.562 18.614 10.948
5.42784 0 4.3412 29.562 18.3952 11.1668
5.43782 0 4.35944 29.562 18.1913 11.3707
5.4478 0 4.37749 29.562 18.0027 11.5594
5.45778 0 4.39533 29.562 17.8296 11.7324
5.46775 0 4.41297 29.562 17.6724 11.8896
5.47773 0 4.43041 29.562 17.5311 12.0309
5.48771 0 4.44764 29.562 17.4058 12.1562
5.49769 0 4.46466 29.562 17.2963 12.2657
5.50766 0 4.48148 29.562 17.2024 12.3596
5.51764 0 4.49808 29.562 17.1238 12.4381
5.52762 0 4.51447 29.5619 17.0603 12.5017
5.5376 0 4.53064 29.5619 17.0111 12.5508
5.54758 0 4.54661 29.5619 16.976 12.5859
5.55755 0 4.56236 29.5618 16.9542 12.6076
5.56753 0 4.5779 29.5618 16.9452 12.6166
5.57751 0 4.59323 29.5617 16.9482 12.6135
5.58749 0 4.60834 29.5617 16.9626 12.5991
5.59746 0 4.62325 29.5616 16.9876 12.574
5.60744 0 4.63795 29.5616 17.0225 12.5391
5.61742 0 4.65244 29.5616 17.0666 12.4949
5.6274 0 4.66672 29.5615 17.1192 12.4423
5.63737 0 4.6808 29.5615 17.1796 12.3818
5.64735 0 4.69468 29.5615 17.2403 12.3212
5.65733 0 4.70835 29.5615 17.3009 12.2606
5.66731 0 4.72182 29.5615 17.3676 12.1938
5.67728 0 4.73509 29.5614 17.4401 12.1213
5.68726 0 4.74816 29.5614 17.5177 12.0437
5.69724 0 4.76103 29.5614 17.6 11.9614
5.70722 0 4.7737 29.5613 17.6865 11.8748
5.7172 0 4.78619 29.5613 17.777 11.7843
5.72717 0 4.79849 29.5613 17.871 11.6903
5.73715 0 4.8106 29.5613 17.9683 11.593
5.74713 0 4.82253 29.5613 18.0686 11.4927
5.75711 0 4.83427 29.5613 18.1717 11.3896
5.76708 0 4.84584 29.5613 18.2775 11.2838
5.77706 0 4.85724 29.5613 18.3858 11.1755
5.78704 0 4.86846 29.5613 18.4965 11.0648
5.79702 0 4.87951 29.5613 18.6095 10.9518
5.80699 0 4.8904 29.5613 18.7248 10.8365
5.81697 0 4.90112 29.5613 18.8422 10.7191
5.82695 0 4.91169 29.5613 18.9618 10.5995
5.83693 0 4.92209 29.5613 19.0834 10.4779
5.8469 0 4.93234 29.5613 19.2072 10.3541
5.85688 0 4.94244 29.5613 19.333 10.2283
5.86686 0 4.95239 29.5613 19.4608 10.1005
5.87684 0 4.9622 29.5613 19.5906 9.97073
5.88682 0 4.97186 29.5613 19.7223 9.83901
5.89679 0 4.98138 29.5613 19.8559 9.7054
5.90677 0 4.99077 29.5613 19.9914 9.56995
5.91675 0 5.00002 29.5613 20.1286 9.43271
5.92673 0 5.00914 29.5613 20.2675 9.29377
5.9367 0 5.01813 29.5613 20.4081 9.15319
5.94668 0 5.02699 29.5613 20.5503 9.01106
5.95666 0 5.03574 29.5613 20.6938 8.86746
5.96664 0 5.04436 29.5613 20.8388 8.7225
5.97661 0 5.05287 29.5613 20.985 8.57627
5.98659 0 5.06126 29.5613 21.1324 8.42887
5.99657 0 5.06955 29.5613 21.2809 8.28043
6.00655 0 5.07772 29.5613 21.4303 8.13104
6.01653 0 5.08579 29.5613 21.5805 7.98082
6.0265 0 5.09376 29.5613 21.7314 7.82988
6.03648 0 5.10163 29.5613 21.883 7.67833
6.04646 0 5.1094 29.5613 22.035 7.52628
6.05644 0 5.11708 29.5613 22.1874 7.37384
6.06641 0 5.12466 29.5613 22.3402 7.22112
6.07639 0 5.13216 29.5613 22.4931 7.0682
6.08637 0 5.13957 29.5627 22.6428 6.91993
6.09635 0 5.1469 29.5627 22.7893 6.77344
6.10632 0 5.15414 29.5627 22.9358 6.6269
6.1163 0 5.16131 29.5627 23.0823 6.48039
6.12628 0 5.1684 29.5627 23.2287 6.33399
6.13626 0 5.17542 29.5627 23.3749 6.1878
6.14623 0 5.18236 29.5627 23.5208 6.04189
6.15621 0 5.18924 29.5627 23.6664 5.89634
6.16619 0 5.19605 29.5627 23.8115 5.75121
6.17617 0 5.20279 29.5627 23.9561 5.60658
6.18615 0 5.20947 29.5627 24.1002 5.46252
6.19612 0 5.2161 29.5627 24.2436 5.3191
6.2061 0 5.22266 29.5765 24.3638 5.21271
6.21608 0 5.22917 29.5765 24.462 5.11449
6.22606 0 5.23562 29.5765 24.5617 5.0148
6.23603 0 5.24202 29.5765 24.6626 4.91384
6.24601 0 5.24837 29.5765 24.7647 4.8118
6.25599 0 5.25467 29.5765 24.8676 4.70887
6.26597 0 5.26092 29.5765 24.9712 4.60523
6.27594 0 5.26712 29.5709 24.9794 4.59149
6.28592 0 5.27328 29.5709 24.8919 4.67898
6.2959 0 5.27939 29.5708 24.8055 4.76531
6.30588 0 5.28544 29.5708 24.7202 4.85061
6.31585 0 5.29145 29.5708 24.6359 4.93495
6.32583 0 5.29741 29.5708 24.5524 5.01843
6.33581 0 5.30332 29.5708 24.4697 5.10115
6.34579 0 5.30917 29.5708 24.3876 5.18318
6.35577 0 5.31497 29.5708 24.3062 5.26459
6.36574 0 5.32072 29.5708 24.2254 5.34544
6.37572 0 5.32641 29.5708 24.145 5.42579
6.3857 0 5.33204 29.5708 24.0651 5.50566
6.39568 0 5.33762 29.5708 23.9857 5.58509
6.40565 0 5.34314 29.5708 23.9067 5.66407
6.41563 0 5.3486 29.5708 23.8282 5.74259
6.42561 0 5.354 29.5708 23.7502 5.82063
6.43559 0 5.35934 29.5708 23.6727 5.89814
6.44556 0 5.36462 29.5708 23.5958 5.97506
6.45554 0 5.36984 29.5708 23.5195 6.0513
6.46552 0 5.37499 29.5708 23.4441 6.12677
6.4755 0 5.38008 29.5708 23.3695 6.20134
6.48547 0 5.38511 29.5708 23.296 6.27486
6.49545 0 5.39007 29.5709 23.2237 6.34719
6.50543 0 5.39497 29.5709 23.1527 6.41814
6.51541 0 5.3998 29.5709 23.0834 6.48751
6.52539 0 5.40456 29.5709 23.0158 6.55509
6.53536 0 5.40926 29.5709 22.9503 6.62065
6.54534 0 5.41388 29.5725 22.8836 6.68893
6.55532 0 5.41844 29.5725 22.816 6.75654
6.5653 0 5.42293 29.5725 22.7511 6.82139
6.57527 0 5.42735 29.5726 22.6894 6.88319
6.58525 0 5.43169 29.5726 22.631 6.94161
6.59523 0 5.43597 29.5726 22.5763 6.99633
6.60521 0 5.44017 29.498 22.4471 7.05098
6.61518 0 5.4443 29.4981 22.2454 7.25265
6.62516 0 5.44835 29.5089 22.0385 7.47042
6.63514 0 5.45233 29.509 21.8269 7.68203
6.64512 0 5.45623 29.509 21.6237 7.88535
6.65509 0 5.46005 29.509 21.4292 8.07989
6.66507 0 5.46378 29.4796 21.1696 8.30997
6.67505 0 5.46742 29.4796 20.839 8.64055
6.68503 0 5.47097 29.4796 20.5071 8.97252
6.69501 0 5.47443 29.4796 20.1738 9.30575
6.70498 0 5.47779 29.4796 19.8395 9.64008
6.71496 0 5.48104 29.4796 19.5042 9.97537
6.72494 0 5.48419 29.4796 19.1681 10.3114
6.73492 0 5.48722 29.4796 18.8314 10.6482
6.74489 0 5.49014 29.4796 18.4943 10.9853
6.75487 0 5.49293 29.4796 18.157 11.3227
6.76485 0 5.4956 29.4796 17.8196 11.66
6.77483 0 5.49815 29.4796 17.4825 11.9971
6.7848 0 5.50056 29.4796 17.146 12.3337
6.79478 0 5.50283 29.4797 16.8103 12.6694
6.80476 0 5.50496 29.4797 16.4758 13.0039
6.81474 0 5.50694 29.4797 16.1429 13.3368
6.82472 0 5.50877 29.4797 15.8121 13.6676
6.83469 0 5.51045 29.4797 15.4839 13.9959
6.84467 0 5.51197 29.4798 15.1587 14.3211
6.85465 0 5.51332 29.4798 14.8372 14.6426
6.86463 0 5.51451 29.4798 14.52 14.9598
6.8746 0 5.51552 29.4799 14.2079 15.272
6.88458 0 5.51636 29.4799 13.9016 15.5784
6.89456 0 5.51702 29.48 13.6019 15.8781
6.90454 0 5.51749 29.48 13.3098 16.1703
6.91451 0 5.51777 29.4801 13.0261 16.454
6.92449 0 5.51786 29.4802 12.7519 16.7282
6.93447 0 5.51776 29.4802 12.4883 16.9919
6.94445 0 5.51745 29.4803 12.2362 17.2441
6.95442 0 5.51694 29.4804 11.9969 17.4834
6.9644 0 5.51622 29.4804 11.7716 17.7089
6.97438 0 5.51529 29.4805 11.5612 17.9193
6.98436 0 5.51415 29.4806 11.3672 18.1134
6.99434 0 5.51279 29.4806 11.1906 18.2901
7.00431 0 5.51121 29.4807 11.0326 18.4482
7.01429 0 5.50941 29.4808 10.8943 18.5865
7.02427 0 5.50738 29.4809 10.7769 18.704
7.03425 0 5.50513 29.4809 10.6813 18.7996
7.04422 0 5.50265 29.481 10.6086 18.8723
7.0542 0 5.49994 29.481 10.5597 18.9214
7.06418 0 5.497 29.4811 10.5352 18.9459
7.07416 0 5.49382 29.4811 10.5359 18.9452
7.08413 0 5.49042 29.4811 10.5623 18.9188
7.09411 0 5.48679 29.4811 10.6149 18.8663
7.10409 0 5.48292 29.4811 10.6939 18.7873
7.11407 0 5.47882 29.4811 10.7995 18.6817
7.12404 0 5.47449 29.4811 10.9316 18.5496
7.13402 0 5.46994 29.4811 11.09 18.3911
7.144 0 5.46516 29.4811 11.2745 18.2065
7.15398 0 5.46015 29.481 11.4846 17.9964
7.16396 0 5.45492 29.481 11.7196 17.7614
7.17393 0 5.44947 29.4809 11.9788 17.5021
7.18391 0 5.44381 29.4809 12.2612 17.2196
7.19389 0 5.43793 29.4808 12.5659 16.9149
7.20387 0 5.43185 29.4807 12.8918 16.589
7.21384 0 5.42556 29.4806 13.2375 16.2432
7.22382 0 5.41907 29.4806 13.6017 15.8788
7.2338 0 5.41238 29.4805 13.9832 15.4973
7.24378 0 5.4055 29.4804 14.3804 15.1
7.25375 0 5.39844 29.4803 14.7918 14.6885
7.26373 0 5.3912 29.4802 15.216 14.2642
7.27371 0 5.38378 29.4801 15.6514 13.8287
7.28369 0 5.37619 29.48 16.0965 13.3835
7.29366 0 5.36844 29.4799 16.5497 12.9302
7.30364 0 5.36053 29.786 16.6639 13.1221
7.31362 0 5.35246 29.7861 16.4393 13.3468
7.3236 0 5.34422 29.7862 16.222 13.5642
7.33358 0 5.33582 29.7863 16.0135 13.7729
7.34355 0 5.32724 29.7864 15.8154 13.971
7.35353 0 5.31848 29.7865 15.6297 14.1569
7.36351 0 5.30954 29.7866 15.4579 14.3288
7.37349 0 5.30042 29.7867 15.3018 14.4849
7.38346 0 5.29111 29.7869 15.1632 14.6236
7.39344 0 5.2816 29.8265 14.9837 14.8428
7.40342 0 5.2719 29.8266 14.7651 15.0615
7.4134 0 5.262 29.8267 14.5698 15.2569
7.42337 0 5.25189 29.8268 14.3994 15.4274
7.43335 0 5.24156 29.8268 14.2554 15.5714
7.44333 0 5.23103 29.8269 14.1392 15.6877
7.45331 0 5.22028 29.827 14.0518 15.7752
7.46328 0 5.2093 29.827 13.9942 15.8328
7.47326 0 5.19811 29.8271 13.967 15.86
7.48324 0 5.18668 29.8271 13.9708 15.8562
7.49322 0 5.17504 29.8271 14.0058 15.8212
7.5032 0 5.16316 29.8271 14.072 15.7551
7.51317 0 5.15105 29.827 14.169 15.658
7.52315 0 5.13872 29.827 14.2965 15.5305
7.53313 0 5.12615 29.8269 14.4537 15.3733
7.54311 0 5.11336 29.8268 14.6395 15.1873
7.55308 0 5.10034 29.8314 14.8415 14.99
7.56306 0 5.0871 29.8313 15.058 14.7733
7.57304 0 5.07363 29.8275 15.2795 14.5479
7.58302 0 5.05999 29.8273 15.5035 14.3238
7.59299 0 5.04617 29.8272 15.7468 14.0805
7.60297 0 5.03218 29.8271 16.0073 13.8198
7.61295 0 5.01803 29.827 16.2831 13.5439
7.62293 0 5.00371 29.8268 16.572 13.2549
7.6329 0 4.98924 29.8267 16.872 12.9548
7.64288 0 4.97462 29.8266 17.1809 12.6457
7.65286 0 4.95986 29.8265 17.4968 12.3297
7.66284 0 4.94496 29.8264 17.8176 12.0087
7.67282 0 4.92993 29.8262 18.1414 11.6848
7.68279 0 4.91477 29.8261 18.4664 11.3597
7.69277 0 4.89949 29.826 18.7908 11.0352
7.70275 0 4.8841 29.826 19.113 10.7129
7.71273 0 4.8686 29.7992 19.3942 10.405
7.7227 0 4.85303 29.7992 19.6334 10.1658
7.73268 0 4.83739 29.7991 19.8666 9.93246
7.74266 0 4.82169 29.799 20.0929 9.70611
7.75264 0 4.80594 29.799 20.3112 9.48779
7.76261 0 4.79014 29.799 20.5205 9.27841
7.77259 0 4.7743 29.7989 20.7202 9.07876
7.78257 0 4.75842 29.7989 20.9094 8.88951
7.79255 0 4.74252 29.7218 20.9082 8.8136
7.80253 0 4.7266 29.7218 20.7259 8.99592
7.8125 0 4.71065 29.7218 20.5506 9.17113
7.82248 0 4.69468 29.7218 20.3827 9.3391
7.83246 0 4.67869 29.7218 20.2221 9.49971
7.84244 0 4.66268 29.7218 20.0689 9.65287
7.85241 0 4.64666 29.7218 19.9232 9.79853
7.86239 0 4.63061 29.7218 19.7851 9.93667
7.87237 0 4.61456 29.7218 19.6545 10.0673
7.88235 0 4.59848 29.7218 19.5313 10.1905
7.89232 0 4.5824 29.7218 19.4155 10.3062
7.9023 0 4.56631 29.7218 19.3071 10.4147
7.91228 0 4.5502 29.7217 19.2058 10.516
7.92226 0 4.5341 29.7217 19.1115 10.6103
7.93223 0 4.51799 29.7217 19.024 10.6977
7.94221 0 4.50188 29.7217 18.9432 10.7785
7.95219 0 4.48577 29.7217 18.8687 10.853
7.96217 0 4.46967 29.7217 18.8004 10.9212
7.97215 0 4.45358 29.7216 18.7381 10.9836
7.98212 0 4.4375 29.7216 18.6813 11.0403
7.9921 0 4.42144 29.7216 18.6299 11.0917
8.00208 0 4.40539 29.7216 18.5836 11.138
8.01206 0 4.38937 29.7216 18.542 11.1796
8.02203 0 4.37337 29.7215 18.5048 11.2167
8.03201 0 4.3574 29.7215 18.4718 11.2498
8.04199 0 4.34146 29.7215 18.4425 11.279
8.05197 0 4.32556 29.7215 18.4168 11.3047
8.06194 0 4.3097 29.7214 18.3943 11.3272
8.07192 0 4.29389 29.7214 18.3746 11.3468
8.0819 0 4.27812 29.7214 18.3576 11.3638
8.09188 0 4.2624 29.7214 18.3429 11.3785
8.10185 0 4.24674 29.7214 18.3302 11.3911
8.11183 0 4.23114 29.7214 18.3194 11.402
8.12181 0 4.2156 29.7213 18.31 11.4113
8.13179 0 4.20013 29.7213 18.302 11.4193
8.14177 0 4.18472 29.7213 18.2951 11.4262
8.15174 0 4.16939 29.7188 18.2863 11.4326
8.16172 0 4.15414 29.7188 18.2751 11.4437
8.1717 0 4.13897 29.7188 18.2642 11.4547
8.18168 0 4.12389 29.7188 18.2534 11.4654
8.19165 0 4.10889 29.7188 18.2426 11.4762
8.20163 0 4.09398 29.7188 18.2318 11.487
8.21161 0 4.07917 29.7188 18.221 11.4978
8.22159 0 4.06446 29.7188 18.21 11.5088
8.23156 0 4.04985 29.7188 18.1991 11.5197
8.24154 0 4.03534 29.7188 18.1881 11.5307
8.25152 0 4.02094 29.7188 18.1772 11.5416
8.2615 0 4.00665 29.7188 18.1665 11.5523
8.27147 0 3.99247 29.7188 18.1562 11.5626
8.28145 0 3.97841 29.7189 18.1465 11.5724
8.29143 0 3.96446 29.7189 18.1375 11.5814
8.30141 0 3.95064 29.7189 18.1296 11.5893
8.31139 0 3.93694 29.7189 18.1229 11.596
8.32136 0 3.92336 29.7189 18.1178 11.6011
8.33134 0 3.90991 29.719 18.1146 11.6043
8.34132 0 3.89659 29.719 18.1137 11.6053
8.3513 0 3.8834 29.719 18.1154 11.6036
8.36127 0 3.87035 29.719 18.1202 11.5989
8.37125 0 3.85743 29.7191 18.1283 11.5907
8.38123 0 3.84464 29.7191 18.1403 11.5788
8.39121 0 3.83199 29.7191 18.1565 11.5626
8.40118 0 3.81948 29.7191 18.1774 11.5418
8.41116 0 3.80712 29.7192 18.2033 11.5159
8.42114 0 3.79489 29.7192 18.2347 11.4845
8.43112 0 3.7828 29.7192 18.272 11.4472
8.44109 0 3.77085 29.7192 18.3156 11.4037
8.45107 0 3.75905 29.7193 18.3657 11.3535
8.46105 0 3.74739 29.7193 18.4228 11.2964
8.47103 0 3.73588 29.7193 18.4872 11.2321
8.48101 0 3.72451 29.7193 18.5592 11.1601
8.49098 0 3.71328 29.7193 18.6389 11.0804
8.50096 0 3.7022 29.7193 18.7267 10.9927
8.51094 0 3.69126 29.7194 18.8226 10.8968
8.52092 0 3.68047 29.7194 18.9268 10.7926
8.53089 0 3.66982 29.7194 19.0394 10.68
8.54087 0 3.65931 29.7194 19.1603 10.559
8.55085 0 3.64894 29.7354 19.249 10.4864
8.56083 0 3.63864 29.7354 19.3083 10.4271
8.5708 0 3.62839 29.7354 19.3806 10.3548
8.58078 0 3.6182 29.7354 19.4659 10.2695
8.59076 0 3.60807 29.7354 19.5639 10.1715
8.60074 0 3.59799 29.7354 19.6743 10.061
8.61072 0 3.58797 29.7354 19.7971 9.9383
8.62069 0 3.57802 29.7353 19.9316 9.80369
8.63067 0 3.56811 29.7353 20.0777 9.6576
8.64065 0 3.55827 29.7353 20.2348 9.50048
8.65063 0 3.54848 29.7352 20.4025 9.33279
8.6606 0 3.53875 29.7352 20.5801 9.15506
8.67058 0 3.52908 29.7352 20.7673 8.96783
8.68056 0 3.51946 29.7351 20.9635 8.77168
8.69054 0 3.5099 29.7351 21.1679 8.5672
8.70051 0 3.50039 29.7351 21.3801 8.355
8.71049 0 3.49094 29.735 21.5993 8.13571
8.72047 0 3.48155 29.735 21.825 7.90996
8.73045 0 3.47221 29.7349 22.0566 7.67839
8.74042 0 3.46293 29.7349 22.2933 7.44163
8.7504 0 3.4537 29.7349 22.5346 7.20031
8.76038 0 3.44452 29.7348 22.7798 6.95505
8.77036 0 3.4354 29.7348 23.0283 6.70646
8.78034 0 3.42633 29.7442 23.2681 6.47611
8.79031 0 3.41733 29.7442 23.4983 6.24585
8.80029 0 3.40838 29.7441 23.7296 6.0145
8.81027 0 3.39949 29.7441 23.9615 5.78266
8.82025 0 3.39067 29.7441 24.1931 5.55093
8.83022 0 3.3819 29.744 24.4242 5.31988
8.8402 0 3.37319 29.744 24.654 5.09004
8.85018 0 3.36455 29.744 24.8821 4.86192
8.86016 0 3.35596 29.744 25.108 4.63601
8.87013 0 3.34743 29.7439 25.3312 4.41278
8.88011 0 3.33896 29.7439 25.5513 4.19264
8.89009 0 3.33055 29.7439 25.7679 3.97601
8.90007 0 3.32221 29.7439 25.9806 3.76326
8.91004 0 3.31392 29.7439 26.1891 3.55475
8.92002 0 3.30569 29.7438 26.3931 3.35079
8.93 0 3.29753 29.7438 26.5921 3.15168
8.93998 0 3.28942 29.7438 26.7861 2.95771
8.94996 0 3.28138 29.7438 26.9747 2.76912
8.95993 0 3.2734 29.7438 27.1577 2.58614
8.96991 0 3.26548 29.7438 27.3348 2.40898
8.97989 0 3.25763 29.7438 27.5059 2.23783
8.98987 0 3.24984 29.7438 27.6709 2.07286
8.99984 0 3.24211 29.7438 27.8295 1.91422
9.00982 0 3.23445 29.7438 27.9817 1.76203
9.0198 0 3.22685 29.7438 28.1273 1.61643
9.02978 0 3.21932 29.7438 28.2663 1.47749
9.03975 0 3.21185 29.7438 28.3984 1.34532
9.04973 0 3.20446 29.7438 28.5238 1.21998
9.05971 0 3.19713 29.7438 28.6422 1.10153
9.06969 0 3.18987 29.7438 28.7537 0.990021
9.07966 0 3.18267 29.7438 28.8583 0.88548
9.08964 0 3.17555 29.7438 28.9558 0.787931
9.09962 0 3.1685 29.7438 29.0464 0.697384
9.1096 0 3.16152 29.7438 29.1299 0.613841
9.11958 0 3.15461 29.7438 29.2065 0.537289
9.12955 0 3.14778 29.7438 29.2761 0.467709
9.13953 0 3.14102 29.7438 29.3387 0.405069
9.14951 0 3.13433 29.7438 29.3944 0.349328
9.15949 0 3.12772 29.7438 29.4433 0.300434
9.16946 0 3.12119 29.7438 29.4855 0.258327
9.17944 0 3.11473 29.7438 29.5209 0.222933
9.18942 0 3.10835 29.7321 29.5051 0.22702
9.1994 0 3.10205 29.7322 29.4368 0.29539
9.20937 0 3.09583 29.7322 29.3592 0.372932
9.21935 0 3.08969 29.7322 29.2728 0.459388
9.22933 0 3.08362 29.7322 29.1777 0.55448
9.23931 0 3.07764 29.7322 29.0743 0.657913
9.24928 0 3.07174 29.7323 28.9629 0.769367
9.25926 0 3.06591 29.7323 28.8438 0.888504
9.26924 0 3.06017 29.73 28.7138 1.01622
9.27922 0 3.05451 29.7301 28.5738 1.15624
9.2892 0 3.04895 29.718 28.4135 1.30447
9.29917 0 3.04348 29.718 28.2344 1.48358
9.30915 0 3.03809 29.718 28.0525 1.66551
9.31913 0 3.0328 29.718 27.8681 1.84988
9.32911 0 3.0276 29.718 27.6817 2.0363
9.33908 0 3.02249 29.7181 27.4937 2.22434
9.34906 0 3.01747 29.7181 27.3046 2.41354
9.35904 0 3.01253 29.7181 27.1147 2.60344
9.36902 0 3.00769 29.7182 26.9246 2.79352
9.37899 0 3.00294 29.7159 26.731 2.98486
9.38897 0 2.99828 29.7159 26.5343 3.18161
9.39895 0 2.99371 29.716 26.3389 3.37702
9.40893 0 2.98924 29.716 26.1455 3.57052
9.4189 0 2.98487 29.716 25.9545 3.76151
9.42888 0 2.98058 29.7107 25.7605 3.95025
9.43886 0 2.9764 29.7108 25.5645 4.14627
9.44884 0 2.9723 29.7108 25.3738 4.33706
9.45882 0 2.9683 29.7109 25.1888 4.52201
9.46879 0 2.96439 29.7109 25.0104 4.70053
9.47877 0 2.96058 29.7109 24.8389 4.87199
9.48875 0 2.95685 29.711 24.6752 5.03582
9.49873 0 2.95322 29.711 24.5196 5.19143
9.5087 0 2.94968 29.711 24.3728 5.33824
9.51868 0 2.94623 29.7111 24.2354 5.47571
9.52866 0 2.94287 29.7111 24.1078 5.60331
9.53864 0 2.93961 29.7111 23.9906 5.72056
9.54861 0 2.93643 29.7112 23.8842 5.82698
9.55859 0 2.93334 29.7112 23.789 5.92215
9.56857 0 2.93035 29.7112 23.7055 6.00567
9.57855 0 2.92744 29.7112 23.634 6.07719
9.58853 0 2.92463 29.7112 23.5748 6.13642
9.5985 0 2.9219 29.7113 23.5282 6.1831
9.60848 0 2.91927 29.7098 23.4922 6.21759
9.61846 0 2.91672 29.7098 23.4671 6.24273
9.62844 0 2.91427 29.7098 23.4549 6.25491
9.63841 0 2.9119 29.7115 23.4446 6.26697
9.64839 0 2.90961 29.7115 23.4359 6.27561
9.65837 0 2.9074 29.7115 23.4396 6.27192
9.66835 0 2.90527 29.7115 23.4555 6.256
9.67832 0 2.90321 29.7115 23.4835 6.22802
9.6883 0 2.90123 29.7115 23.5233 6.18819
9.69828 0 2.89933 29.7115 23.5747 6.13679
9.70826 0 2.89751 29.7114 23.6373 6.07414
9.71823 0 2.89576 29.7114 23.7108 6.00059
9.72821 0 2.89409 29.7114 23.7948 5.91658
9.73819 0 2.89249 29.7114 23.8888 5.82255
9.74817 0 2.89097 29.7113 23.9923 5.719
9.75815 0 2.88953 29.7113 24.1048 5.60645
9.76812 0 2.88816 29.7112 24.2258 5.48546
9.7781 0 2.88687 29.7112 24.3546 5.35662
9.78808 0 2.88566 29.7112 24.4906 5.22052
9.79806 0 2.88452 29.7111 24.6333 5.0778
9.80803 0 2.88346 29.7111 24.782 4.92909
9.81801 0 2.88247 29.711 24.936 4.77504
9.82799 0 2.88156 29.6901 24.9055 4.78457
9.83797 0 2.88073 29.6901 24.6858 5.00424
9.84794 0 2.87998 29.6901 24.4626 5.22748
9.85792 0 2.8793 29.6901 24.2361 5.45401
9.8679 0 2.8787 29.6901 24.0067 5.68346
9.87788 0 2.87818 29.6901 23.7747 5.91544
9.88785 0 2.87774 29.6902 23.5407 6.14948
9.89783 0 2.87738 29.6902 23.3051 6.38509
9.90781 0 2.87711 29.6902 23.0686 6.62167
9.91779 0 2.87691 29.6903 22.8316 6.85863
9.92777 0 2.8768 29.6903 22.595 7.09528
9.93774 0 2.87678 29.6904 22.3594 7.33092
9.94772 0 2.87683 29.6904 22.1256 7.56479
9.9577 0 2.87697 29.6905 21.8944 7.79608
9.96768 0 2.8772 29.6905 21.6665 8.02399
9.97765 0 2.87751 29.6906 21.4429 8.24765
