0.00997765 0 3.47939e-05 22.2216 27.9075 -5.686
0.0199553 0 0.000139096 22.2215 27.8737 -5.6522
0.029933 0 0.000312772 22.2215 27.8364 -5.61491
0.0399106 0 0.000555673 22.2215 27.7955 -5.57395
0.0498883 0 0.000867629 22.2215 27.7506 -5.52914
0.0598659 0 0.00124845 22.2215 27.7018 -5.48033
0.0698436 0 0.00169792 22.2215 27.6488 -5.42731
0.0798212 0 0.00221582 22.2214 27.5913 -5.3699
0.0897989 0 0.00280187 22.2214 27.5293 -5.3079
0.0997765 0 0.00345581 22.2214 27.4625 -5.24111
0.109754 0 0.00417731 22.2214 27.3907 -5.16932
0.119732 0 0.00496605 22.2214 27.3137 -5.0923
0.129709 0 0.00582165 22.2214 27.2312 -5.00984
0.139687 0 0.00674373 22.2213 27.143 -4.92171
0.149665 0 0.00773183 22.2213 27.049 -4.82766
0.159642 0 0.00878551 22.2213 26.9487 -4.72746
0.16962 0 0.00990426 22.2213 26.8421 -4.62085
0.179598 0 0.0110875 22.2212 26.7288 -4.50759
0.189575 0 0.0123348 22.2212 26.6086 -4.3874
0.199553 0 0.0136453 22.2212 26.4812 -4.26003
0.209531 0 0.0150185 22.2212 26.3464 -4.1252
0.219508 0 0.0164537 22.2211 26.2038 -3.98263
0.229486 0 0.01795 22.2211 26.0532 -3.83206
0.239464 0 0.0195067 22.2211 25.8943 -3.67321
0.249441 0 0.0211229 22.2211 25.7268 -3.50578
0.259419 0 0.0227977 22.221 25.5505 -3.3295
0.269397 0 0.0245301 22.221 25.3651 -3.14409
0.279374 0 0.0263191 22.221 25.1702 -2.94926
0.289352 0 0.0281635 22.221 24.9657 -2.74474
0.29933 0 0.0300622 22.2209 24.7512 -2.53026
0.309307 0 0.032014 22.2209 24.5264 -2.30554
0.319285 0 0.0340176 22.2209 24.2912 -2.07035
0.329263 0 0.0360715 22.2209 24.0453 -1.82442
0.33924 0 0.0381743 22.2208 23.7884 -1.56753
0.349218 0 0.0403245 22.2208 23.5203 -1.29945
0.359196 0 0.0425205 22.2208 23.2408 -1.02
0.369173 0 0.0447606 22.2208 22.9497 -0.728977
0.379151 0 0.047043 22.2207 22.647 -0.426245
0.389128 0 0.0493658 22.2207 22.3324 -0.111671
0.399106 0 0.0517272 22.2207 22.0059 0.214838
0.409084 0 0.054125 22.2207 21.6673 0.553343
0.419061 0 0.0565571 22.2207 21.3168 0.903865
0.429039 0 0.0590214 22.2207 20.9543 1.26638
0.439017 0 0.0615154 22.2207 20.5798 1.64082
0.448994 0 0.0640368 22.2207 20.1936 2.02707
0.458972 0 0.0665831 22.2207 19.7957 2.42494
0.46895 0 0.0691517 22.2207 19.3865 2.8342
0.478927 0 0.0717399 22.2207 18.9661 3.25454
0.488905 0 0.0743449 22.2207 18.5351 3.68559
0.498883 0 0.0769639 22.2207 18.0938 4.12691
0.50886 0 0.0795939 22.2207 17.6428 4.57796
0.518838 0 0.0822319 22.2208 17.1826 5.03813
0.528816 0 0.0848747 22.2208 16.714 5.50675
0.538793 0 0.0875191 22.2208 16.2378 5.98302
0.548771 0 0.090162 22.2209 15.7548 6.46606
0.558749 0 0.0927999 22.2209 15.266 6.95493
0.568726 0 0.0954295 22.221 14.7725 7.44854
0.578704 0 0.0980474 22.2211 14.2753 7.94576
0.588682 0 0.10065 22.2211 13.7758 8.44532
0.598659 0 0.103234 22.2212 13.2753 8.9459
0.608637 0 0.105795 22.2213 12.7752 9.44606
0.618615 0 0.108331 22.2214 12.2771 9.94429
0.628592 0 0.110838 22.2215 11.7825 10.439
0.63857 0 0.113311 22.2216 11.2931 10.9285
0.648547 0 0.115748 22.2217 10.8106 11.4111
0.658525 0 0.118145 22.2218 10.3368 11.8851
0.668503 0 0.120499 22.2219 9.87347 12.3485
0.67848 0 0.122807 22.222 9.42257 12.7995
0.688458 0 0.125064 22.2222 8.98592 13.2362
0.698436 0 0.127268 22.2223 8.5654 13.6569
0.708413 0 0.129416 22.2224 8.16287 14.0595
0.718391 0 0.131505 22.2225 7.78017 14.4423
0.728369 0 0.133532 22.2226 7.41909 14.8035
0.738346 0 0.135494 22.2227 7.08135 15.1413
0.748324 0 0.13739 22.2228 6.76859 15.4542
0.758302 0 0.139216 22.2229 6.48237 15.7405
0.768279 0 0.140971 22.223 6.22412 15.9988
0.778257 0 0.142653 22.2257 5.9782 16.2475
0.788235 0 0.144259 22.2258 5.74412 16.4817
0.798212 0 0.145789 22.2258 5.53894 16.6869
0.80819 0 0.147241 22.2259 5.3635 16.8624
0.818168 0 0.148614 22.2259 5.21847 17.0074
0.828145 0 0.149907 22.2259 5.10434 17.1216
0.838123 0 0.151118 22.2259 5.02144 17.2045
0.848101 0 0.152249 22.2262 4.96698 17.2592
0.858078 0 0.153298 22.2261 4.94063 17.2855
0.868056 0 0.154265 22.2261 4.94509 17.281
0.878034 0 0.155151 22.2261 4.97997 17.2461
0.888011 0 0.155955 22.226 5.04475 17.1813
0.897989 0 0.15668 22.226 5.13871 17.0873
0.907966 0 0.157325 22.2259 5.26102 16.9649
0.917944 0 0.157892 22.2259 5.41068 16.8152
0.927922 0 0.158382 22.2258 5.58659 16.6392
0.937899 0 0.158797 22.2257 5.78752 16.4382
0.947877 0 0.159137 22.2256 6.01214 16.2135
0.957855 0 0.159406 22.2255 6.25904 15.9665
0.967832 0 0.159605 22.2254 6.52675 15.6987
0.97781 0 0.159736 22.2253 6.81374 15.4116
0.987788 0 0.159802 22.2252 7.11845 15.1068
0.997765 0 0.159805 22.2251 7.43927 14.7859
1.00774 0 0.159748 22.225 7.77462 14.4504
1.01772 0 0.159632 22.2249 8.12289 14.1021
1.0277 0 0.159461 22.2249 8.48251 13.7423
1.03768 0 0.159238 22.2248 8.85193 13.3728
1.04765 0 0.158966 22.2247 9.22962 12.9951
1.05763 0 0.158646 22.2246 9.61414 12.6105
1.06761 0 0.158283 22.2245 10.0041 12.2205
1.07759 0 0.157879 22.2244 10.398 11.8264
1.08756 0 0.157437 22.2244 10.7948 11.4296
1.09754 0 0.15696 22.2243 11.1931 11.0312
1.10752 0 0.15645 22.2243 11.5919 10.6324
1.1175 0 0.155912 22.2242 11.99 10.2342
1.12747 0 0.155347 22.2242 12.3866 9.83761
1.13745 0 0.154758 22.2241 12.7806 9.44354
1.14743 0 0.154149 22.2241 13.1713 9.0528
1.15741 0 0.153521 22.2213 13.5531 8.66825
1.16739 0 0.152879 22.2213 13.9248 8.2965
1.17736 0 0.152223 22.2213 14.2903 7.93104
1.18734 0 0.151557 22.2213 14.6489 7.57242
1.19732 0 0.150884 22.2213 15.0001 7.22113
1.2073 0 0.150205 22.2212 15.3436 6.87761
1.21727 0 0.149523 22.2212 15.679 6.54222
1.22725 0 0.148841 22.2212 16.0059 6.21529
1.23723 0 0.14816 22.2212 16.3242 5.89706
1.24721 0 0.147482 22.2212 16.6335 5.58775
1.25718 0 0.14681 22.2212 16.9337 5.28753
1.26716 0 0.146146 22.2212 17.2247 4.99653
1.27714 0 0.145491 22.2212 17.5064 4.71483
1.28712 0 0.144847 22.2368 17.7464 4.49034
1.29709 0 0.144216 22.2368 17.9441 4.29268
1.30707 0 0.143599 22.2368 18.1316 4.10526
1.31705 0 0.142997 22.2368 18.3089 3.92795
1.32703 0 0.142411 22.2368 18.4762 3.76061
1.33701 0 0.141843 22.2369 18.6338 3.60305
1.34698 0 0.141294 22.2369 18.7818 3.45509
1.35696 0 0.140764 22.2369 18.9204 3.31655
1.36694 0 0.140254 22.2369 19.0497 3.18721
1.37692 0 0.139765 22.237 19.1701 3.06686
1.38689 0 0.139298 22.237 19.2817 2.95528
1.39687 0 0.138854 22.237 19.3847 2.85226
1.40685 0 0.138432 22.237 19.4795 2.75756
1.41683 0 0.138034 22.237 19.5661 2.67095
1.4268 0 0.137661 22.2327 19.64 2.59275
1.43678 0 0.137312 22.2327 19.7014 2.53136
1.44676 0 0.136987 22.2327 19.7555 2.4772
1.45674 0 0.136688 22.2328 19.8027 2.43005
1.46672 0 0.136415 22.2328 19.8431 2.38967
1.47669 0 0.136167 22.2328 19.877 2.35583
1.48667 0 0.135945 22.2328 19.9045 2.32829
1.49665 0 0.135749 22.2328 19.926 2.30682
1.50663 0 0.13558 22.2329 19.9416 2.29122
1.5166 0 0.135436 22.2329 19.9516 2.28124
1.52658 0 0.135318 22.2329 19.9562 2.27667
1.53656 0 0.135227 22.2329 19.9556 2.27729
1.54654 0 0.135162 22.2329 19.95 2.28289
1.55651 0 0.135123 22.2329 19.9397 2.29325
1.56649 0 0.135109 22.2329 19.9248 2.30816
1.57647 0 0.135122 22.233 19.9056 2.32741
1.58645 0 0.13516 22.233 19.8822 2.35079
1.59642 0 0.135223 22.233 19.8549 2.37808
1.6064 0 0.135311 22.233 19.8239 2.40907
1.61638 0 0.135425 22.233 19.7895 2.44356
1.62636 0 0.135562 22.233 19.7517 2.48132
1.63634 0 0.135724 22.2331 19.7109 2.52215
1.64631 0 0.13591 22.23 19.6619 2.56805
1.65629 0 0.13612 22.23 19.6056 2.62432
1.66627 0 0.136353 22.23 19.5482 2.68174
1.67625 0 0.136609 22.23 19.4898 2.74014
1.68622 0 0.136887 22.23 19.4306 2.79938
1.6962 0 0.137187 22.23 19.3707 2.85928
1.70618 0 0.137508 22.23 19.3104 2.91967
1.71616 0 0.137851 22.23 19.2497 2.98038
1.72613 0 0.138214 22.23 19.1888 3.04122
1.73611 0 0.138597 22.2334 19.1227 3.11068
1.74609 0 0.139001 22.2334 19.0507 3.18264
1.75607 0 0.139423 22.2334 18.9778 3.25556
1.76604 0 0.139864 22.2334 18.9041 3.32929
1.77602 0 0.140323 22.2334 18.8297 3.40368
1.786 0 0.1408 22.24 18.74 3.49998
1.79598 0 0.141295 22.24 18.6352 3.60475
1.80596 0 0.141805 22.24 18.5304 3.70958
1.81593 0 0.142331 22.24 18.4256 3.81438
1.82591 0 0.142873 22.24 18.321 3.91905
1.83589 0 0.143429 22.24 18.2165 4.02351
1.84587 0 0.143999 22.2633 18.0824 4.1809
1.85584 0 0.144581 22.2633 17.9188 4.3445
1.86582 0 0.145176 22.2633 17.7563 4.50697
1.8758 0 0.145782 22.2633 17.5951 4.66815
1.88578 0 0.146397 22.2633 17.4354 4.8279
1.89575 0 0.147021 22.2633 17.2772 4.9861
1.90573 0 0.147653 22.2633 17.1207 5.14262
1.91571 0 0.148292 22.2633 16.966 5.29734
1.92569 0 0.148937 22.2633 16.8131 5.45016
1.93566 0 0.149587 22.2633 16.6623 5.60098
1.94564 0 0.150241 22.2633 16.5136 5.74973
1.95562 0 0.150899 22.2633 16.3669 5.89634
1.9656 0 0.151558 22.2633 16.2225 6.04076
1.97558 0 0.152219 22.2633 16.0803 6.18294
1.98555 0 0.152881 22.2633 15.9404 6.32288
1.99553 0 0.153543 22.2633 15.8027 6.46056
2.00551 0 0.154203 22.2633 15.6673 6.596
2.01549 0 0.154861 22.2633 15.534 6.72923
2.02546 0 0.155517 22.2633 15.4029 6.8603
2.03544 0 0.156169 22.2632 15.274 6.98929
2.04542 0 0.156818 22.2632 15.147 7.11626
2.0554 0 0.157461 22.2632 15.0219 7.24133
2.06537 0 0.158098 22.2632 14.8986 7.36461
2.07535 0 0.158729 22.2632 14.7769 7.48624
2.08533 0 0.159353 22.2632 14.6568 7.60637
2.09531 0 0.15997 22.2632 14.538 7.72514
2.10528 0 0.160577 22.2631 14.4204 7.84274
2.11526 0 0.161176 22.2631 14.3038 7.95934
2.12524 0 0.161764 22.2631 14.188 8.07512
2.13522 0 0.162342 22.2631 14.0728 8.19028
2.1452 0 0.162909 22.2641 13.955 8.30904
2.15517 0 0.163464 22.2641 13.8347 8.42932
2.16515 0 0.164006 22.2641 13.7147 8.54932
2.17513 0 0.164534 22.264 13.5948 8.66921
2.18511 0 0.165049 22.264 13.4749 8.78916
2.19508 0 0.165548 22.264 13.3547 8.90932
2.20506 0 0.166032 22.264 13.2342 9.02982
2.21504 0 0.166499 22.264 13.1132 9.15079
2.22502 0 0.166949 22.264 12.9916 9.27232
2.23499 0 0.167381 22.264 12.8695 9.39446
2.24497 0 0.167794 22.264 12.7467 9.51726
2.25495 0 0.168187 22.2639 12.6233 9.6407
2.26493 0 0.16856 22.2639 12.4992 9.76473
2.27491 0 0.168911 22.264 12.3747 9.88929
2.28488 0 0.16924 22.264 12.2497 10.0142
2.29486 0 0.169545 22.264 12.1246 10.1394
2.30484 0 0.169826 22.264 11.9994 10.2646
2.31482 0 0.170082 22.264 11.8746 10.3894
2.32479 0 0.170311 22.264 11.7503 10.5137
2.33477 0 0.170514 22.264 11.627 10.637
2.34475 0 0.170688 22.2641 11.5052 10.7589
2.35473 0 0.170833 22.2641 11.3852 10.8789
2.3647 0 0.170948 22.2641 11.2676 10.9965
2.37468 0 0.171031 22.2642 11.153 11.1112
2.38466 0 0.171083 22.2642 11.042 11.2222
2.39464 0 0.171101 22.2642 10.9351 11.3291
2.40461 0 0.171085 22.2643 10.8332 11.431
2.41459 0 0.171034 22.2643 10.737 11.5274
2.42457 0 0.170947 22.2644 10.647 11.6174
2.43455 0 0.170823 22.1968 10.4642 11.7326
2.44453 0 0.170661 22.1969 10.1914 12.0055
2.4545 0 0.170458 22.197 9.93109 12.2659
2.46448 0 0.170214 22.197 9.68448 12.5126
2.47446 0 0.169925 22.1971 9.45286 12.7443
2.48444 0 0.16959 22.1972 9.23745 12.9597
2.49441 0 0.169208 22.1973 9.03942 13.1578
2.50439 0 0.168776 22.1973 8.85987 13.3375
2.51437 0 0.168294 22.1974 8.69984 13.4976
2.52435 0 0.167759 22.1974 8.56025 13.6372
2.53432 0 0.167171 22.1975 8.44197 13.7555
2.5443 0 0.166529 22.1975 8.34573 13.8518
2.55428 0 0.165832 22.1976 8.27217 13.9254
2.56426 0 0.16508 22.21 8.20093 14.0091
2.57423 0 0.164271 22.2101 8.13318 14.0769
2.58421 0 0.163405 22.2101 8.09039 14.1197
2.59419 0 0.162482 22.2101 8.07272 14.1373
2.60417 0 0.161502 22.2101 8.08019 14.1299
2.61415 0 0.160465 22.21 8.1127 14.0973
2.62412 0 0.159371 22.21 8.17 14.04
2.6341 0 0.158221 22.21 8.25175 13.9582
2.64408 0 0.157015 22.21 8.35746 13.8525
2.65406 0 0.155753 22.2099 8.48652 13.7234
2.66403 0 0.154438 22.2099 8.63825 13.5716
2.67401 0 0.15307 22.2098 8.81182 13.398
2.68399 0 0.151651 22.2097 9.00634 13.2034
2.69397 0 0.150181 22.2097 9.22085 12.9888
2.70394 0 0.148664 22.2096 9.45428 12.7553
2.71392 0 0.147099 22.2095 9.70553 12.504
2.7239 0 0.145489 22.2095 9.97344 12.236
2.73388 0 0.143837 22.2094 10.2568 11.9526
2.74385 0 0.142144 22.2093 10.5544 11.6549
2.75383 0 0.140412 22.2092 10.865 11.3442
2.76381 0 0.138644 22.2092 11.1873 11.0218
2.77379 0 0.136842 22.2096 11.5166 10.693
2.78377 0 0.135008 22.2095 11.8514 10.3581
2.79374 0 0.133145 22.2094 12.194 10.0154
2.80372 0 0.131256 22.2094 12.5433 9.66609
2.8137 0 0.129342 22.2093 12.898 9.31126
2.82368 0 0.127407 22.2092 13.2572 8.95206
2.83365 0 0.125452 22.2092 13.6196 8.58954
2.84363 0 0.123482 22.2091 13.9844 8.22475
2.85361 0 0.121497 22.2091 14.3504 7.85865
2.86359 0 0.119501 22.209 14.7169 7.49216
2.87356 0 0.117496 22.209 15.0828 7.12616
2.88354 0 0.115484 22.2089 15.4475 6.76145
2.89352 0 0.113469 22.2089 15.8101 6.39878
2.9035 0 0.111453 22.2089 16.17 6.03885
2.91347 0 0.109438 22.2088 16.5265 5.68231
2.92345 0 0.107426 22.2088 16.8791 5.32973
2.93343 0 0.10542 22.2088 17.2271 4.98166
2.94341 0 0.103422 22.2088 17.5702 4.63855
2.95339 0 0.101435 22.2088 17.9079 4.30085
2.96336 0 0.0994611 22.2088 18.2398 3.96893
2.97334 0 0.0975017 22.2087 18.5656 3.64312
2.98332 0 0.0955593 22.2087 18.885 3.3237
2.9933 0 0.0936361 22.2087 19.1978 3.01092
3.00327 0 0.0917339 22.2087 19.5037 2.70499
3.01325 0 0.0898547 22.2087 19.8027 2.40606
3.02323 0 0.0880005 22.2087 20.0945 2.11428
3.03321 0 0.086173 22.2087 20.379 1.82973
3.04318 0 0.0843741 22.2088 20.6562 1.5525
3.05316 0 0.0826054 22.2088 20.9261 1.28262
3.06314 0 0.0808686 22.2088 21.1886 1.02012
3.07312 0 0.0791653 22.2088 21.4438 0.764983
3.08309 0 0.0774971 22.2088 21.6916 0.517187
3.09307 0 0.0758654 22.1855 21.8981 0.287403
3.10305 0 0.0742716 22.1855 22.0638 0.121736
3.11303 0 0.0727166 22.1856 22.2234 -0.0378672
3.12301 0 0.0712015 22.1856 22.3771 -0.191532
3.13298 0 0.0697271 22.1856 22.525 -0.339388
3.14296 0 0.0682942 22.1856 22.6672 -0.481573
3.15294 0 0.0669038 22.1856 22.8038 -0.618225
3.16292 0 0.0655566 22.1856 22.9351 -0.749489
3.17289 0 0.0642534 22.1856 23.0612 -0.875513
3.18287 0 0.0629948 22.1857 23.1821 -0.996443
3.19285 0 0.0617816 22.1857 23.2981 -1.11243
3.20283 0 0.0606143 22.1857 23.4093 -1.22363
3.2128 0 0.0594937 22.1857 23.5159 -1.33018
3.22278 0 0.0584202 22.1857 23.618 -1.43224
3.23276 0 0.0573945 22.1857 23.7157 -1.52996
3.24274 0 0.056417 22.1857 23.8092 -1.62348
3.25272 0 0.0554883 22.1858 23.8987 -1.71296
3.26269 0 0.0546088 22.1927 23.9659 -1.77318
3.27267 0 0.0537789 22.1927 24.0122 -1.81952
3.28265 0 0.0529987 22.1927 24.0576 -1.86486
3.29263 0 0.0522685 22.1927 24.102 -1.90923
3.3026 0 0.0515886 22.1927 24.1454 -1.95267
3.31258 0 0.0509592 22.1927 24.188 -1.99522
3.32256 0 0.0503804 22.1927 24.2297 -2.03693
3.33254 0 0.0498524 22.1927 24.2706 -2.07783
3.34251 0 0.0493756 22.1928 24.3107 -2.11796
3.35249 0 0.04895 22.1928 24.3501 -2.15736
3.36247 0 0.0485758 22.1928 24.3888 -2.19608
3.37245 0 0.0482533 22.1928 24.4269 -2.23414
3.38242 0 0.0479827 22.1928 24.4644 -2.27159
3.3924 0 0.047764 22.1928 24.5012 -2.30846
3.40238 0 0.0475974 22.1928 24.5376 -2.3448
3.41236 0 0.0474833 22.1928 24.5734 -2.38064
3.42234 0 0.0474216 22.1928 24.6088 -2.41601
3.43231 0 0.0474126 22.1849 24.6201 -2.43519
3.44229 0 0.0474563 22.1849 24.6067 -2.42181
3.45227 0 0.0475526 22.1849 24.5919 -2.407
3.46225 0 0.0477014 22.1849 24.5757 -2.39081
3.47222 0 0.0479026 22.1849 24.5581 -2.37328
3.4822 0 0.048156 22.1849 24.5393 -2.35444
3.49218 0 0.0484616 22.1849 24.5192 -2.33434
3.50216 0 0.0488191 22.1849 24.4979 -2.31302
3.51213 0 0.0492285 22.1849 24.4754 -2.29051
3.52211 0 0.0496894 22.1849 24.4517 -2.26686
3.53209 0 0.0502019 22.1849 24.427 -2.24211
3.54207 0 0.0507656 22.1886 24.3953 -2.20669
3.55204 0 0.0513805 22.1886 24.357 -2.16836
3.56202 0 0.0520461 22.1895 24.3099 -2.12045
3.572 0 0.0527624 22.1895 24.2543 -2.06481
3.58198 0 0.0535289 22.1895 24.1983 -2.00879
3.59196 0 0.0543453 22.1895 24.1419 -1.95241
3.60193 0 0.0552112 22.1731 24.0674 -1.89427
3.61191 0 0.0561264 22.1731 23.9735 -1.80043
3.62189 0 0.0570901 22.1731 23.8769 -1.70386
3.63187 0 0.0581021 22.1731 23.7776 -1.60448
3.64184 0 0.0591615 22.1731 23.6753 -1.50221
3.65182 0 0.060268 22.1731 23.57 -1.39697
3.6618 0 0.0614208 22.1731 23.4617 -1.28867
3.67178 0 0.0626194 22.173 23.3503 -1.17724
3.68175 0 0.0638632 22.173 23.2356 -1.0626
3.69173 0 0.0651515 22.173 23.1177 -0.944657
3.70171 0 0.0664835 22.173 22.9964 -0.823338
3.71169 0 0.0678587 22.173 22.8716 -0.69856
3.72166 0 0.0692763 22.173 22.7432 -0.570243
3.73164 0 0.0707355 22.173 22.6113 -0.438309
3.74162 0 0.0722357 22.173 22.4757 -0.302684
3.7516 0 0.0737759 22.173 22.3363 -0.163291
3.76158 0 0.0753555 22.173 22.193 -0.0200622
3.77155 0 0.0769735 22.1706 22.0424 0.128239
3.78153 0 0.0786291 22.1706 21.8839 0.286677
3.79151 0 0.0803213 22.1706 21.7208 0.44979
3.80149 0 0.0820492 22.1706 21.5529 0.617661
3.81146 0 0.0838118 22.1706 21.3802 0.790371
3.82144 0 0.085608 22.1706 21.2026 0.967994
3.83142 0 0.0874369 22.1705 21.02 1.1506
3.8414 0 0.0892972 22.1705 20.8323 1.33823
3.85137 0 0.091188 22.1705 20.6396 1.53096
3.86135 0 0.0931079 22.1691 20.439 1.73009
3.87133 0 0.0950559 22.1691 20.2307 1.9384
3.88131 0 0.0970306 22.1691 20.0173 2.15181
3.89128 0 0.0990307 22.1691 19.7988 2.3703
3.90126 0 0.101055 22.1691 19.5752 2.59385
3.91124 0 0.103102 22.1691 19.3467 2.82243
3.92122 0 0.10517 22.1691 19.1131 3.05597
3.9312 0 0.107258 22.1691 18.8747 3.2944
3.94117 0 0.109365 22.1691 18.6315 3.53761
3.95115 0 0.111489 22.1691 18.3836 3.78548
3.96113 0 0.113627 22.1691 18.1312 4.03786
3.97111 0 0.11578 22.1691 17.8746 4.29455
3.98108 0 0.117945 22.2012 17.5649 4.63627
3.99106 0 0.120119 22.2012 17.202 4.9992
4.00104 0 0.122302 22.2012 16.8338 5.36741
4.01102 0 0.124489 22.2012 16.4608 5.74042
4.02099 0 0.12668 22.2013 16.0836 6.11768
4.03097 0 0.128871 22.2013 15.7027 6.4986
4.04095 0 0.131061 22.2013 15.3188 6.88253
4.05093 0 0.133245 22.2014 14.9326 7.26878
4.0609 0 0.135424 22.2014 14.5448 7.65658
4.07088 0 0.137592 22.2015 14.1563 8.04514
4.08086 0 0.139749 22.2015 13.7679 8.43357
4.09084 0 0.141891 22.2016 13.3806 8.82096
4.10082 0 0.144016 22.2016 12.9953 9.20635
4.11079 0 0.146121 22.2017 12.613 9.58871
4.12077 0 0.148204 22.2017 12.2348 9.96699
4.13075 0 0.150262 22.2018 11.8617 10.3401
4.14073 0 0.152293 22.2019 11.495 10.7069
4.1507 0 0.154295 22.2019 11.1358 11.0661
4.16068 0 0.156264 22.202 10.7853 11.4167
4.17066 0 0.158199 22.2021 10.4447 11.7574
4.18064 0 0.160097 22.2022 10.1151 12.087
4.19061 0 0.161956 22.2022 9.79791 12.4043
4.20059 0 0.163774 22.2023 9.49421 12.7081
4.21057 0 0.165548 22.2024 9.20523 12.9971
4.22055 0 0.167278 22.2024 8.93212 13.2703
4.23053 0 0.168961 22.2025 8.676 13.5265
4.2405 0 0.170595 22.2026 8.43794 13.7646
4.25048 0 0.172178 22.2026 8.21897 13.9837
4.26046 0 0.17371 22.2027 8.02003 14.1827
4.27044 0 0.175189 22.2027 7.842 14.3607
4.28041 0 0.176614 22.2028 7.68568 14.5171
4.29039 0 0.177983 22.2028 7.55176 14.6511
4.30037 0 0.179296 22.2028 7.44084 14.762
4.31035 0 0.180552 22.2029 7.35342 14.8494
4.32032 0 0.181751 22.2029 7.28989 14.913
4.3303 0 0.182892 22.2029 7.25053 14.9524
4.34028 0 0.183975 22.2029 7.23549 14.9674
4.35026 0 0.185 22.2029 7.24482 14.9581
4.36023 0 0.185967 22.2029 7.27845 14.9244
4.37021 0 0.186877 22.2029 7.33619 14.8667
4.38019 0 0.18773 22.2028 7.41774 14.7851
4.39017 0 0.188526 22.2028 7.52269 14.6801
4.40015 0 0.189267 22.2028 7.65053 14.5522
4.41012 0 0.189954 22.2027 7.80064 14.4021
4.4201 0 0.190587 22.2027 7.97234 14.2303
4.43008 0 0.191167 22.2026 8.16482 14.0378
4.44006 0 0.191697 22.2026 8.37723 13.8253
4.45003 0 0.192178 22.2025 8.60864 13.5939
4.46001 0 0.192612 22.1961 8.84089 13.3552
4.46999 0 0.193 22.196 9.07187 13.1241
4.47997 0 0.193343 22.1959 9.31695 12.879
4.48994 0 0.193645 22.1978 9.57247 12.6254
4.49992 0 0.193906 22.1978 9.8372 12.3606
4.5099 0 0.194129 22.1977 10.1125 12.0852
4.51988 0 0.194316 22.1976 10.3972 11.8004
4.52985 0 0.194468 22.1976 10.6902 11.5074
4.53983 0 0.194589 22.1975 10.9903 11.2072
4.54981 0 0.194679 22.1974 11.2963 10.9011
4.55979 0 0.194742 22.1974 11.6072 10.5901
4.56977 0 0.194779 22.1973 11.9219 10.2754
4.57974 0 0.194792 22.1972 12.2393 9.95796
4.58972 0 0.194785 22.1972 12.5584 9.63882
4.5997 0 0.194759 22.1971 12.8781 9.31899
4.60968 0 0.194716 22.1971 13.1977 8.9994
4.61965 0 0.194659 22.197 13.5161 8.68097
4.62963 0 0.194589 22.197 13.8324 8.36455
4.63961 0 0.194509 22.1969 14.146 8.05095
4.64959 0 0.194421 22.1969 14.456 7.74095
4.65956 0 0.194328 22.1969 14.7616 7.43524
4.66954 0 0.19423 22.1968 15.0623 7.13451
4.67952 0 0.19413 22.1968 15.3574 6.83938
4.6895 0 0.194031 22.1968 15.6464 6.5504
4.69947 0 0.193933 22.1968 15.9286 6.26812
4.70945 0 0.19384 22.1967 16.2037 5.993
4.71943 0 0.193751 22.1967 16.4712 5.72548
4.72941 0 0.19367 22.1676 16.6799 5.4877
4.73939 0 0.193598 22.1676 16.8282 5.33933
4.74936 0 0.193534 22.1676 16.9666 5.20095
4.75934 0 0.193482 22.1676 17.095 5.07259
4.76932 0 0.19344 22.1676 17.2134 4.95422
4.7793 0 0.19341 22.1676 17.3218 4.8458
4.78927 0 0.193392 22.1184 17.3443 4.77416
4.79925 0 0.193387 22.1185 17.2811 4.83737
4.80923 0 0.193394 22.1185 17.2094 4.90905
4.81921 0 0.193412 22.1185 17.1297 4.98883
4.82918 0 0.19344 22.1186 17.0422 5.07632
4.83916 0 0.193479 22.1186 16.9475 5.1711
4.84914 0 0.193526 22.1186 16.8459 5.27275
4.85912 0 0.193582 22.1186 16.7378 5.38085
4.86909 0 0.193645 22.1187 16.6237 5.49495
4.87907 0 0.193714 22.1187 16.5041 5.61459
4.88905 0 0.193789 22.1187 16.3795 5.73929
4.89903 0 0.193868 22.1188 16.2502 5.86857
4.90901 0 0.19395 22.1188 16.1169 6.00195
4.91898 0 0.194034 22.1188 15.9799 6.13891
4.92896 0 0.19412 22.1189 15.8399 6.27895
4.93894 0 0.194206 22.1189 15.6974 6.42153
4.94892 0 0.19429 22.1527 15.5196 6.63301
4.95889 0 0.194372 22.1527 15.3087 6.84396
4.96887 0 0.194449 22.1527 15.0995 7.05317
4.97885 0 0.194521 22.1527 14.8925 7.26023
4.98883 0 0.194586 22.1528 14.6881 7.4647
4.9988 0 0.194642 22.1528 14.4866 7.66616
5.00878 0 0.194689 22.1528 14.2887 7.86415
5.01876 0 0.194724 22.1528 14.0946 8.05825
5.02874 0 0.194746 22.1529 13.9049 8.24798
5.03872 0 0.194754 22.1529 13.72 8.43292
5.04869 0 0.194747 22.1529 13.5403 8.61259
5.05867 0 0.194722 22.153 13.3664 8.78655
5.06865 0 0.19468 22.153 13.1986 8.95435
5.07863 0 0.194618 22.153 13.0375 9.11554
5.0886 0 0.194536 22.153 12.8833 9.2697
5.09858 0 0.194432 22.1531 12.7367 9.41639
5.10856 0 0.194306 22.1531 12.5979 9.55519
5.11854 0 0.194155 22.1531 12.4674 9.68572
5.12851 0 0.19398 22.1531 12.3456 9.80756
5.13849 0 0.19378 22.1532 12.2328 9.92037
5.14847 0 0.193553 22.1532 12.1294 10.0238
5.15845 0 0.193299 22.1532 12.0357 10.1175
5.16842 0 0.193017 22.1532 11.9521 10.2012
5.1784 0 0.192706 22.1509 11.8697 10.2812
5.18838 0 0.192366 22.1509 11.7891 10.3618
5.19836 0 0.191997 22.151 11.7195 10.4315
5.20834 0 0.191598 22.151 11.661 10.49
5.21831 0 0.191168 22.151 11.6138 10.5372
5.22829 0 0.190707 22.1503 11.5758 10.5745
5.23827 0 0.190215 22.1503 11.5472 10.6031
5.24825 0 0.189692 22.1503 11.5304 10.6199
5.25822 0 0.189138 22.1503 11.5254 10.6249
5.2682 0 0.188552 22.1503 11.532 10.6183
5.27818 0 0.187936 22.1503 11.5503 10.6
5.28816 0 0.187288 22.1503 11.5801 10.5702
5.29813 0 0.18661 22.1503 11.6213 10.5289
5.30811 0 0.185902 22.1503 11.6738 10.4765
5.31809 0 0.185163 22.1502 11.7373 10.413
5.32807 0 0.184396 22.1502 11.8116 10.3386
5.33804 0 0.183599 22.1502 11.8964 10.2538
5.34802 0 0.182775 22.1502 11.9915 10.1587
5.358 0 0.181923 22.1502 12.0964 10.0537
5.36798 0 0.181044 22.1501 12.211 9.93914
5.37796 0 0.18014 22.1501 12.3348 9.81536
5.38793 0 0.179211 22.1501 12.4673 9.68276
5.39791 0 0.178259 22.1501 12.6083 9.54175
5.40789 0 0.177283 22.15 12.7573 9.39275
5.41787 0 0.176287 22.15 12.9138 9.2362
5.42784 0 0.175269 22.15 13.0774 9.07253
5.43782 0 0.174233 22.15 13.2477 8.90221
5.4478 0 0.173179 22.1499 13.4242 8.7257
5.45778 0 0.172108 22.1499 13.6064 8.54346
5.46775 0 0.171022 22.1499 13.7939 8.35595
5.47773 0 0.169922 22.1498 13.9862 8.16365
5.48771 0 0.168809 22.1498 14.1828 7.967
5.49769 0 0.167685 22.1498 14.3833 7.76648
5.50766 0 0.166552 22.1498 14.5872 7.56253
5.51764 0 0.16541 22.1497 14.7941 7.35559
5.52762 0 0.164262 22.1497 15.0036 7.14609
5.5376 0 0.163108 22.1497 15.2152 6.93447
5.54758 0 0.161951 22.1497 15.4285 6.72112
5.55755 0 0.160791 22.1496 15.6432 6.50645
5.56753 0 0.15963 22.1496 15.8588 6.29083
5.57751 0 0.158471 22.1496 16.075 6.07463
5.58749 0 0.157313 22.1496 16.2914 5.85819
5.59746 0 0.156159 22.1496 16.5077 5.64187
5.60744 0 0.155011 22.1495 16.7236 5.42596
5.61742 0 0.153869 22.1495 16.9388 5.21077
5.6274 0 0.152735 22.1495 17.1529 4.99658
5.63737 0 0.15161 22.1495 17.3658 4.78366
5.64735 0 0.150497 22.1495 17.5772 4.57225
5.65733 0 0.149396 22.1495 17.7869 4.36258
5.66731 0 0.148309 22.1495 17.9946 4.15488
5.67728 0 0.147237 22.1495 18.2001 3.94932
5.68726 0 0.146182 22.1518 18.4007 3.75111
5.69724 0 0.145144 22.1518 18.5958 3.55595
5.70722 0 0.144125 22.1518 18.788 3.36376
5.7172 0 0.143127 22.1518 18.9771 3.17465
5.72717 0 0.14215 22.1518 19.163 2.98874
5.73715 0 0.141197 22.1518 19.3456 2.80613
5.74713 0 0.140266 22.1518 19.5249 2.6269
5.75711 0 0.139361 22.1518 19.7006 2.45113
5.76708 0 0.138482 22.1518 19.8729 2.27888
5.77706 0 0.137631 22.1518 20.0416 2.11019
5.78704 0 0.136807 22.1518 20.2067 1.94512
5.79702 0 0.136013 22.1518 20.3681 1.78369
5.80699 0 0.135249 22.1518 20.5259 1.62592
5.81697 0 0.134516 22.0822 20.5984 1.48377
5.82695 0 0.133815 22.0822 20.5857 1.49647
5.83693 0 0.133146 22.0822 20.5691 1.51312
5.8469 0 0.132509 22.0822 20.5485 1.53373
5.85688 0 0.131903 22.0822 20.524 1.55826
5.86686 0 0.131328 22.058 20.44 1.61801
5.87684 0 0.130784 22.058 20.2951 1.76284
5.88682 0 0.13027 22.058 20.1436 1.91438
5.89679 0 0.129785 22.058 19.9856 2.07238
5.90677 0 0.129327 22.058 19.8215 2.23656
5.91675 0 0.128896 22.058 19.6514 2.40661
5.92673 0 0.12849 22.0581 19.4759 2.5822
5.9367 0 0.128109 22.0581 19.2951 2.76297
5.94668 0 0.12775 22.0581 19.1096 2.94852
5.95666 0 0.127413 22.0581 18.9197 3.13844
5.96664 0 0.127097 22.0582 18.7259 3.33228
5.97661 0 0.126799 22.0582 18.5286 3.52956
5.98659 0 0.126519 22.0582 18.3285 3.72976
5.99657 0 0.126255 22.0583 18.1259 3.93235
6.00655 0 0.126006 22.0583 17.9215 4.13677
6.01653 0 0.12577 22.0583 17.7159 4.34242
6.0265 0 0.125545 22.0584 17.5097 4.54869
6.03648 0 0.125331 22.0584 17.3035 4.75493
6.04646 0 0.125125 22.0584 17.098 4.96048
6.05644 0 0.124927 22.0585 16.8938 5.16466
6.06641 0 0.124734 22.0531 16.68 5.37302
6.07639 0 0.124546 22.0531 16.4578 5.5953
6.08637 0 0.12436 22.0532 16.2399 5.81329
6.09635 0 0.124175 22.0532 16.0269 6.02627
6.10632 0 0.123989 22.0532 15.8197 6.23349
6.1163 0 0.123801 22.0533 15.6191 6.43423
6.12628 0 0.12361 22.0533 15.4256 6.62774
6.13626 0 0.123414 22.0534 15.2401 6.81329
6.14623 0 0.123211 22.0534 15.0632 6.99018
6.15621 0 0.123 22.0535 14.8958 7.1577
6.16619 0 0.122781 22.0535 14.7383 7.31518
6.17617 0 0.122552 22.0535 14.5916 7.46195
6.18615 0 0.122311 22.0536 14.4562 7.59741
6.19612 0 0.122058 22.0536 14.3327 7.72096
6.2061 0 0.121792 22.0537 14.2216 7.83205
6.21608 0 0.121512 22.0537 14.1235 7.93019
6.22606 0 0.121217 22.0537 14.0388 8.0149
6.23603 0 0.120907 22.0537 13.9679 8.0858
6.24601 0 0.120581 22.0538 13.9112 8.14252
6.25599 0 0.120238 22.0538 13.869 8.18478
6.26597 0 0.119879 22.0538 13.8414 8.21234
6.27594 0 0.119502 22.0524 13.8259 8.22652
6.28592 0 0.119108 22.0524 13.8225 8.22989
6.2959 0 0.118697 22.0524 13.8344 8.218
6.30588 0 0.118269 22.0524 13.8615 8.19088
6.31585 0 0.117824 22.0524 13.9038 8.14862
6.32583 0 0.117362 22.0524 13.961 8.09138
6.33581 0 0.116883 22.0523 14.0329 8.0194
6.34579 0 0.116389 22.0523 14.1194 7.93294
6.35577 0 0.11588 22.0523 14.2199 7.83236
6.36574 0 0.115356 22.0523 14.3342 7.71803
6.37572 0 0.114818 22.0522 14.4618 7.59042
6.3857 0 0.114267 22.0522 14.6022 7.44999
6.39568 0 0.113705 22.0522 14.7549 7.2973
6.40565 0 0.113132 22.0521 14.9192 7.13291
6.41563 0 0.112549 22.0521 15.0947 6.95744
6.42561 0 0.111958 22.052 15.2805 6.77151
6.43559 0 0.111359 22.052 15.4762 6.5758
6.44556 0 0.110755 22.052 15.681 6.37098
6.45554 0 0.110147 22.0519 15.8942 6.15776
6.46552 0 0.109536 22.0519 16.115 5.93686
6.4755 0 0.108924 22.0518 16.3429 5.70898
6.48547 0 0.108312 22.0518 16.5769 5.47485
6.49545 0 0.107703 22.0517 16.8166 5.23518
6.50543 0 0.107097 22.0517 17.061 4.9907
6.51541 0 0.106496 22.0517 17.3096 4.7421
6.52539 0 0.105903 22.0516 17.5615 4.49007
6.53536 0 0.105318 22.0516 17.8163 4.2353
6.54534 0 0.104744 22.0515 18.0731 3.97843
6.55532 0 0.104183 22.0515 18.3314 3.7201
6.5653 0 0.103635 22.0515 18.5906 3.46092
6.57527 0 0.103104 22.0522 18.8218 3.23039
6.58525 0 0.102589 22.0522 19.0244 3.02778
6.59523 0 0.102094 22.0521 19.2261 2.82604
6.60521 0 0.101619 22.0521 19.4265 2.62564
6.61518 0 0.101166 22.0521 19.6251 2.42696
6.62516 0 0.100736 22.0521 19.8217 2.2304
6.63514 0 0.10033 22.0521 20.0158 2.03631
6.64512 0 0.0999504 22.052 20.207 1.84502
6.65509 0 0.0995975 22.052 20.3952 1.65683
6.66507 0 0.0992729 22.052 20.58 1.47201
6.67505 0 0.0989779 22.052 20.7612 1.29081
6.68503 0 0.0987136 22.052 20.9385 1.11345
6.69501 0 0.0984812 22.052 21.1119 0.940127
6.70498 0 0.098282 22.052 21.281 0.771006
6.71496 0 0.0981168 22.0513 21.4436 0.60766
6.72494 0 0.0979869 22.0513 21.5997 0.451623
6.73492 0 0.0978933 22.0374 21.7361 0.301274
6.74489 0 0.0978367 22.0374 21.8524 0.184985
6.75487 0 0.0978181 22.0374 21.9629 0.0745541
6.76485 0 0.0978381 22.0374 22.0674 -0.0299862
6.77483 0 0.0978975 22.0374 22.166 -0.128621
6.7848 0 0.0979968 22.0374 22.2588 -0.221352
6.79478 0 0.0981366 22.0374 22.3456 -0.308198
6.80476 0 0.0983175 22.0374 22.4266 -0.389192
6.81474 0 0.0985399 22.0375 22.5018 -0.464383
6.82472 0 0.0988044 22.0375 22.5713 -0.533832
6.83469 0 0.0991113 22.0375 22.6351 -0.597613
6.84467 0 0.0994611 22.0375 22.6933 -0.655809
6.85465 0 0.0998539 22.0375 22.746 -0.708517
6.86463 0 0.10029 22.0375 22.7933 -0.755841
6.8746 0 0.10077 22.0375 22.8354 -0.797896
6.88458 0 0.101294 22.0375 22.8723 -0.834804
6.89456 0 0.101862 22.0375 22.9042 -0.866694
6.90454 0 0.102475 22.0375 22.9312 -0.893702
6.91451 0 0.103131 22.0357 22.9096 -0.873938
6.92449 0 0.103832 22.0357 22.8392 -0.803571
6.93447 0 0.104577 22.029 22.741 -0.712
6.94445 0 0.105365 22.029 22.6162 -0.58716
6.95442 0 0.106195 22.029 22.489 -0.460025
6.9644 0 0.107067 22.029 22.3596 -0.330598
6.97438 0 0.10798 22.0324 22.2154 -0.183035
6.98436 0 0.108933 22.0324 22.0564 -0.0239661
6.99434 0 0.109925 22.0324 21.8946 0.137828
7.00431 0 0.110956 22.0324 21.7301 0.302323
7.01429 0 0.112023 22.0324 21.5629 0.469489
7.02427 0 0.113127 22.0324 21.3931 0.639291
7.03425 0 0.114266 22.0324 21.2207 0.811689
7.04422 0 0.115439 22.0324 21.0458 0.986634
7.0542 0 0.116646 22.0324 20.8683 1.16407
7.06418 0 0.117884 22.0324 20.6885 1.34395
7.07416 0 0.119154 22.0324 20.5062 1.52619
7.08413 0 0.120453 22.0324 20.3217 1.71071
7.09411 0 0.121782 22.0324 20.135 1.89744
7.10409 0 0.123137 22.0324 19.9462 2.08628
7.11407 0 0.12452 22.0324 19.7553 2.27712
7.12404 0 0.125927 22.0324 19.5626 2.46985
7.13402 0 0.127359 22.0324 19.3681 2.66435
7.144 0 0.128813 22.0325 19.172 2.86048
7.15398 0 0.130289 22.0325 18.9744 3.0581
7.16396 0 0.131786 22.0325 18.7754 3.25705
7.17393 0 0.133301 22.0325 18.5753 3.45716
7.18391 0 0.134835 22.0325 18.3742 3.65825
7.19389 0 0.136385 22.0325 18.1724 3.86012
7.20387 0 0.137951 22.0325 17.9699 4.06257
7.21384 0 0.13953 22.0325 17.7671 4.26537
7.22382 0 0.141123 22.0325 17.5642 4.4683
7.2338 0 0.142727 22.0325 17.3614 4.67111
7.24378 0 0.144341 22.0326 17.159 4.87354
7.25375 0 0.145964 22.0326 16.9573 5.07532
7.26373 0 0.147594 22.0326 16.7564 5.27617
7.27371 0 0.149231 22.0326 16.5568 5.47579
7.28369 0 0.150873 22.0326 16.3588 5.67387
7.29366 0 0.152518 22.0327 16.1626 5.87009
7.30364 0 0.154166 22.0327 15.9685 6.06413
7.31362 0 0.155815 22.0327 15.777 6.25565
7.3236 0 0.157463 22.0327 15.5884 6.44429
7.33358 0 0.159111 22.0327 15.403 6.62972
7.34355 0 0.160756 22.0328 15.2212 6.81156
7.35353 0 0.162397 22.0328 15.0433 6.98946
7.36351 0 0.164033 22.0328 14.8698 7.16305
7.37349 0 0.165663 22.0328 14.7009 7.33195
7.38346 0 0.167285 22.0328 14.537 7.4958
7.39344 0 0.1689 22.0329 14.3786 7.65423
7.40342 0 0.170505 22.0329 14.226 7.80688
7.4134 0 0.1721 22.0329 14.0795 7.95339
7.42337 0 0.173683 22.0329 13.9395 8.09342
7.43335 0 0.175254 22.033 13.8063 8.22662
7.44333 0 0.176812 22.033 13.6803 8.35267
7.45331 0 0.178357 22.033 13.5617 8.47125
7.46328 0 0.179886 22.033 13.4509 8.58207
7.47326 0 0.1814 22.033 13.3482 8.68486
7.48324 0 0.182898 22.033 13.2537 8.77935
7.49322 0 0.18438 22.0331 13.1677 8.86532
7.5032 0 0.185844 22.0331 13.0905 8.94254
7.51317 0 0.187291 22.0331 13.0222 9.01084
7.52315 0 0.188719 22.0331 12.963 9.07007
7.53313 0 0.190129 22.0331 12.913 9.12008
7.54311 0 0.19152 22.0331 12.8723 9.16078
7.55308 0 0.192893 22.0331 12.841 9.1921
7.56306 0 0.194246 22.0331 12.8191 9.21401
7.57304 0 0.19558 22.0331 12.8066 9.22649
7.58302 0 0.196895 22.0331 12.8035 9.22958
7.59299 0 0.198191 22.0331 12.8098 9.22332
7.60297 0 0.199468 22.0535 12.7637 9.28974
7.61295 0 0.200726 22.0534 12.6635 9.38995
7.62293 0 0.201964 22.0534 12.5684 9.48499
7.6329 0 0.203181 22.0534 12.4783 9.57512
7.64288 0 0.204378 22.0534 12.3928 9.66056
7.65286 0 0.205554 22.0534 12.3118 9.74158
7.66284 0 0.206708 22.0533 12.2349 9.81846
7.67282 0 0.20784 22.0533 12.1618 9.8915
7.68279 0 0.208949 22.0533 12.0923 9.96098
7.69277 0 0.210036 22.0533 12.0261 10.0272
7.70275 0 0.2111 22.0532 11.9628 10.0905
7.71273 0 0.212141 22.0532 11.9021 10.1511
7.7227 0 0.213159 22.0532 11.8438 10.2094
7.73268 0 0.214152 22.0532 11.7876 10.2656
7.74266 0 0.215122 22.0532 11.7332 10.32
7.75264 0 0.216067 22.0531 11.6803 10.3728
7.76261 0 0.216987 22.0531 11.6288 10.4243
7.77259 0 0.217883 22.0531 11.5785 10.4746
7.78257 0 0.218753 22.0531 11.5291 10.524
7.79255 0 0.219598 22.0531 11.4805 10.5726
7.80253 0 0.220418 22.0531 11.4327 10.6204
7.8125 0 0.221211 22.0531 11.3855 10.6676
7.82248 0 0.221979 22.0531 11.3389 10.7142
7.83246 0 0.22272 22.0531 11.293 10.7601
7.84244 0 0.223434 22.0531 11.2478 10.8053
7.85241 0 0.22412 22.0531 11.2033 10.8498
7.86239 0 0.22478 22.0531 11.1598 10.8933
7.87237 0 0.225412 22.0531 11.1174 10.9357
7.88235 0 0.226015 22.0531 11.0763 10.9768
7.89232 0 0.226591 22.0531 11.0369 11.0163
7.9023 0 0.227137 22.0532 10.9993 11.0539
7.91228 0 0.227655 22.0532 10.964 11.0892
7.92226 0 0.228143 22.0532 10.9313 11.1219
7.93223 0 0.228601 22.0532 10.9017 11.1515
7.94221 0 0.22903 22.0278 10.7462 11.2817
7.95219 0 0.229428 22.0279 10.4652 11.5627
7.96217 0 0.229792 22.0279 10.1877 11.8402
7.97215 0 0.230122 22.028 9.9146 12.1134
7.98212 0 0.230415 22.028 9.64674 12.3813
7.9921 0 0.230669 22.0281 9.3851 12.643
8.00208 0 0.230882 22.0281 9.1306 12.8975
8.01206 0 0.231053 22.0282 8.88418 13.144
8.02203 0 0.23118 22.0283 8.64677 13.3815
8.03201 0 0.23126 22.0283 8.41929 13.609
8.04199 0 0.231292 22.0284 8.20262 13.8257
8.05197 0 0.231275 22.0264 7.99422 14.0321
8.06194 0 0.231208 22.0264 7.79553 14.2309
8.07192 0 0.231087 22.0265 7.61094 14.4155
8.0819 0 0.230913 22.0265 7.44125 14.5853
8.09188 0 0.230684 22.0265 7.2872 14.7393
8.10185 0 0.230398 22.0266 7.1495 14.8771
8.11183 0 0.230055 22.0266 7.02879 14.9978
8.12181 0 0.229654 22.0266 6.92564 15.101
8.13179 0 0.229193 22.0267 6.8406 15.1861
8.14177 0 0.228673 22.0267 6.77409 15.2526
8.15174 0 0.228092 22.0267 6.72653 15.3002
8.16172 0 0.22745 22.0267 6.69822 15.3285
8.1717 0 0.226746 22.0267 6.68941 15.3373
8.18168 0 0.225981 22.0267 6.70028 15.3265
8.19165 0 0.225154 22.0267 6.73094 15.2958
8.20163 0 0.224266 22.0267 6.78142 15.2453
8.21161 0 0.223317 22.0267 6.85168 15.1751
8.22159 0 0.222306 22.0267 6.94162 15.0851
8.23156 0 0.221235 22.0267 7.05106 14.9757
8.24154 0 0.220104 22.0267 7.17977 14.8469
8.25152 0 0.218914 22.0267 7.32742 14.6993
8.2615 0 0.217665 22.0267 7.49366 14.533
8.27147 0 0.21636 22.0266 7.67805 14.3486
8.28145 0 0.214998 22.0266 7.8801 14.1465
8.29143 0 0.213581 22.0266 8.09927 13.9273
8.30141 0 0.212111 22.0265 8.33495 13.6916
8.31139 0 0.210588 22.0265 8.5865 13.44
8.32136 0 0.209016 22.0264 8.85321 13.1732
8.33134 0 0.207394 22.0223 9.13004 12.8922
8.34132 0 0.205726 22.0222 9.41549 12.6068
8.3513 0 0.204013 22.0222 9.71284 12.3094
8.36127 0 0.202257 22.0222 10.0213 12.0008
8.37125 0 0.20046 22.0221 10.3401 11.682
8.38123 0 0.198624 22.0221 10.6684 11.3537
8.39121 0 0.196752 22.022 11.0053 11.0167
8.40118 0 0.194845 22.022 11.3499 10.672
8.41116 0 0.192905 22.0219 11.7015 10.3205
8.42114 0 0.190937 22.0219 12.059 9.96284
8.43112 0 0.18894 22.0218 12.4217 9.60008
8.44109 0 0.186919 22.0218 12.7887 9.23305
8.45107 0 0.184875 22.0217 13.1591 8.86261
8.46105 0 0.182811 22.0217 13.5321 8.48961
8.47103 0 0.18073 22.0216 13.9068 8.11488
8.48101 0 0.178633 22.0449 14.1826 7.86237
8.49098 0 0.176524 22.0449 14.3628 7.68207
8.50096 0 0.174402 22.0449 14.5507 7.49422
8.51094 0 0.172269 22.0449 14.7455 7.29932
8.52092 0 0.170127 22.0448 14.9469 7.09789
8.53089 0 0.167978 22.0448 15.1543 6.89045
8.54087 0 0.165821 22.0448 15.3673 6.6775
8.55085 0 0.163659 22.0447 15.5852 6.45958
8.56083 0 0.161494 22.0447 15.8075 6.23719
8.5708 0 0.159326 22.0447 16.0338 6.01084
8.58078 0 0.157158 22.047 16.2586 5.78847
8.59076 0 0.154991 22.047 16.4815 5.56554
8.60074 0 0.152826 22.047 16.7073 5.33963
8.61072 0 0.150664 22.0469 16.9357 5.11121
8.62069 0 0.148509 22.0446 17.16 4.8846
8.63067 0 0.14636 22.0446 17.3796 4.66499
8.64065 0 0.14422 22.0445 17.6001 4.44446
8.65063 0 0.14209 22.0445 17.8211 4.22342
8.6606 0 0.139971 22.0445 18.0422 4.00229
8.67058 0 0.137865 22.0445 18.263 3.78146
8.68056 0 0.135774 22.0445 18.4832 3.5613
8.69054 0 0.133699 22.0444 18.7023 3.34217
8.70051 0 0.131641 22.0444 18.92 3.12439
8.71049 0 0.129601 22.0444 19.1361 2.90829
8.72047 0 0.127582 22.0444 19.3502 2.69416
8.73045 0 0.125585 22.0444 19.5621 2.48227
8.74042 0 0.123611 22.0444 19.7715 2.2729
8.7504 0 0.121661 22.0444 19.9781 2.06627
8.76038 0 0.119737 22.0444 20.1818 1.86261
8.77036 0 0.11784 22.0444 20.3822 1.66214
8.78034 0 0.115971 22.0444 20.5793 1.46504
8.79031 0 0.114131 22.0443 20.7729 1.27149
8.80029 0 0.112323 22.0443 20.9627 1.08166
8.81027 0 0.110547 22.0416 21.144 0.897685
8.82025 0 0.108803 22.0416 21.3161 0.725493
8.83022 0 0.107094 22.0416 21.4834 0.558235
8.8402 0 0.10542 22.0416 21.6456 0.39604
8.85018 0 0.103783 22.0416 21.8026 0.239024
8.86016 0 0.102183 22.0416 21.9543 0.0872902
8.87013 0 0.100621 22.0416 22.1007 -0.0590687
8.88011 0 0.0990987 22.0404 22.1943 -0.15389
8.89009 0 0.0976159 22.0404 22.237 -0.196619
8.90007 0 0.0961732 22.0404 22.2783 -0.237905
8.91004 0 0.0947709 22.0404 22.318 -0.277653
8.92002 0 0.0934091 22.0404 22.3561 -0.315776
8.93 0 0.0920882 22.0404 22.3926 -0.35219
8.93998 0 0.0908083 22.0404 22.4272 -0.386818
8.94996 0 0.0895697 22.0404 22.4599 -0.419587
8.95993 0 0.0883726 22.0404 22.4908 -0.450429
8.96991 0 0.0872173 22.0404 22.5196 -0.479281
8.97989 0 0.0861038 22.0403 22.5464 -0.506086
8.98987 0 0.0850323 22.0403 22.5711 -0.530792
8.99984 0 0.0840031 22.0403 22.5937 -0.553351
9.00982 0 0.0830162 22.0535 22.6 -0.546498
9.0198 0 0.0820717 22.0535 22.5901 -0.536613
9.02978 0 0.0811695 22.0535 22.5782 -0.524712
9.03975 0 0.0803095 22.0535 22.5642 -0.510762
9.04973 0 0.0794918 22.0535 22.5482 -0.494734
9.05971 0 0.0787163 22.0535 22.5301 -0.476606
9.06969 0 0.0779827 22.0535 22.5098 -0.456359
9.07966 0 0.0772912 22.0535 22.4875 -0.433982
9.08964 0 0.0766414 22.0535 22.4629 -0.409467
9.09962 0 0.0760334 22.0535 22.4363 -0.382812
9.1096 0 0.0754668 22.0535 22.4075 -0.354019
9.11958 0 0.0749416 22.0535 22.3766 -0.323098
9.12955 0 0.0744576 22.0535 22.3435 -0.290061
9.13953 0 0.0740146 22.0535 22.3084 -0.254927
9.14951 0 0.0736123 22.0535 22.2712 -0.217719
9.15949 0 0.0732505 22.0535 22.2319 -0.178467
9.16946 0 0.072929 22.0535 22.1907 -0.137204
9.17944 0 0.0726475 22.0535 22.1475 -0.0939702
9.18942 0 0.0724058 22.0535 22.1023 -0.0488098
9.1994 0 0.0722034 22.0535 22.0553 -0.00177317
9.20937 0 0.0720402 22.0535 22.0064 0.0470842
9.21935 0 0.0719159 22.0535 21.9558 0.0977012
9.22933 0 0.0718299 22.0535 21.9035 0.150011
9.23931 0 0.0717821 22.0535 21.8496 0.203943
9.24928 0 0.0717721 22.0535 21.7941 0.259417
9.25926 0 0.0717994 22.0535 21.7372 0.316352
9.26924 0 0.0718638 22.0815 21.6476 0.433895
9.27922 0 0.0719645 22.0815 21.5252 0.556295
9.2892 0 0.0721007 22.0815 21.4009 0.680614
9.29917 0 0.0722719 22.0815 21.2747 0.8068
9.30915 0 0.0724771 22.0815 21.1467 0.934793
9.31913 0 0.0727155 22.0815 21.017 1.06453
9.32911 0 0.0729865 22.0815 20.8856 1.19592
9.33908 0 0.073289 22.0815 20.7526 1.3289
9.34906 0 0.0736224 22.0815 20.6181 1.46337
9.35904 0 0.0739857 22.0815 20.4823 1.59921
9.36902 0 0.0743782 22.0815 20.3452 1.73633
9.37899 0 0.0747988 22.0815 20.2069 1.87459
9.38897 0 0.0752468 22.0851 20.0633 2.02178
9.39895 0 0.0757212 22.0851 19.9144 2.17071
9.40893 0 0.0762211 22.0851 19.7647 2.32039
9.4189 0 0.0767455 22.0851 19.6145 2.47065
9.42888 0 0.0772934 22.0851 19.4638 2.62132
9.43886 0 0.0778639 22.0851 19.3129 2.77224
9.44884 0 0.0784559 22.0851 19.1619 2.92319
9.45882 0 0.0790686 22.0851 19.0111 3.07399
9.46879 0 0.0797009 22.0852 18.8607 3.22443
9.47877 0 0.0803518 22.0852 18.7109 3.37427
9.48875 0 0.0810203 22.0852 18.5619 3.52329
9.49873 0 0.0817055 22.0852 18.4139 3.67126
9.5087 0 0.0824063 22.0852 18.2673 3.81791
9.51868 0 0.0831218 22.0852 18.1222 3.963
9.52866 0 0.083851 22.0852 17.979 4.10626
9.53864 0 0.0845929 22.0852 17.8378 4.24743
9.54861 0 0.0853466 22.0853 17.6991 4.38621
9.55859 0 0.0861111 22.0853 17.5629 4.52233
9.56857 0 0.0868855 22.0853 17.4298 4.6555
9.57855 0 0.0876689 22.0853 17.2999 4.78543
9.58853 0 0.0884604 22.0853 17.1735 4.91181
9.5985 0 0.089259 22.0853 17.051 5.03436
9.60848 0 0.090064 22.0854 16.9326 5.15277
9.61846 0 0.0908746 22.0854 16.8186 5.26674
9.62844 0 0.0916898 22.0854 16.7094 5.37598
9.63841 0 0.092509 22.1104 16.5788 5.53159
9.64839 0 0.0933312 22.1104 16.4269 5.6835
9.65837 0 0.0941553 22.1104 16.2801 5.8303
9.66835 0 0.0949805 22.1104 16.1388 5.97165
9.67832 0 0.0958058 22.1104 16.0032 6.10726
9.6883 0 0.0966303 22.1104 15.8736 6.23682
9.69828 0 0.0974532 22.1105 15.7504 6.36006
9.70826 0 0.0982736 22.1105 15.6338 6.47668
9.71823 0 0.0990909 22.1105 15.5241 6.58643
9.72821 0 0.0999042 22.1105 15.4215 6.68906
9.73819 0 0.100713 22.1105 15.3262 6.78432
9.74817 0 0.101517 22.1105 15.2385 6.87201
9.75815 0 0.102314 22.1105 15.1586 6.95191
9.76812 0 0.103106 22.1106 15.0867 7.02384
9.7781 0 0.103891 22.1106 15.0229 7.08765
9.78808 0 0.104668 22.1106 14.9674 7.14319
9.79806 0 0.105438 22.1106 14.9203 7.19032
9.80803 0 0.106201 22.1106 14.8816 7.22897
9.81801 0 0.106955 22.1106 14.8515 7.25904
9.82799 0 0.107701 22.1106 14.8301 7.28048
9.83797 0 0.108439 22.1106 14.8173 7.29326
9.84794 0 0.109169 22.1106 14.8132 7.29738
9.85792 0 0.10989 22.0934 14.7859 7.30748
9.8679 0 0.110603 22.0934 14.7341 7.35929
9.87788 0 0.111307 22.0934 14.6887 7.40475
9.88785 0 0.112003 22.0934 14.6495 7.44389
9.89783 0 0.112689 22.0934 14.6167 7.47671
9.90781 0 0.113366 22.0934 14.5902 7.50325
9.91779 0 0.114033 22.0934 14.5698 7.52357
9.92777 0 0.114692 22.0934 14.5557 7.53773
9.93774 0 0.115341 22.0934 14.5476 7.54581
9.94772 0 0.115981 22.0934 14.5455 7.54791
9.9577 0 0.116611 22.0934 14.5492 7.54415
9.96768 0 0.117233 22.0934 14.5587 7.53464
9.97765 0 0.117845 22.0934 14.5738 7.51953
