0.00997765 0 3.34893e-05 21.1743 26.8609 -5.6866
0.0199553 0 0.000133879 21.1743 26.8278 -5.65355
0.029933 0 0.000301039 21.1743 26.7914 -5.61713
0.0399106 0 0.000534823 21.1742 26.7514 -5.57719
0.0498883 0 0.000835064 21.1742 26.7078 -5.53357
0.0598659 0 0.00120158 21.1742 26.6603 -5.48611
0.0698436 0 0.00163416 21.1742 26.6088 -5.43462
0.0798212 0 0.00213259 21.1742 26.5531 -5.37894
0.0897989 0 0.00269661 21.1742 26.4931 -5.31888
0.0997765 0 0.00332595 21.1742 26.4284 -5.25425
0.109754 0 0.00402031 21.1741 26.359 -5.18485
0.119732 0 0.00477937 21.1741 26.2846 -5.11048
0.129709 0 0.00560277 21.1741 26.205 -5.03093
0.139687 0 0.00649013 21.1741 26.1201 -4.94598
0.149665 0 0.00744104 21.1741 26.0295 -4.85542
0.159642 0 0.00845505 21.174 25.9331 -4.75902
0.16962 0 0.00953167 21.174 25.8306 -4.65655
0.179598 0 0.0106704 21.174 25.7218 -4.54778
0.189575 0 0.0118707 21.174 25.6064 -4.43245
0.199553 0 0.0131319 21.174 25.4843 -4.31034
0.209531 0 0.0144534 21.1739 25.3551 -4.18118
0.219508 0 0.0158346 21.1739 25.2186 -4.04473
0.229486 0 0.0172747 21.1739 25.0746 -3.90072
0.239464 0 0.0187729 21.1739 24.9228 -3.74891
0.249441 0 0.0203284 21.1738 24.7629 -3.58903
0.259419 0 0.0219403 21.1738 24.5946 -3.42082
0.269397 0 0.0236078 21.1738 24.4178 -3.24403
0.279374 0 0.0253297 21.1738 24.2322 -3.05839
0.289352 0 0.0271052 21.1737 24.0374 -2.86367
0.29933 0 0.028933 21.1737 23.8333 -2.65959
0.309307 0 0.0308119 21.1737 23.6196 -2.44593
0.319285 0 0.0327409 21.1737 23.3961 -2.22245
0.329263 0 0.0347185 21.1736 23.1626 -1.98892
0.33924 0 0.0367434 21.1736 22.9188 -1.74514
0.349218 0 0.0388141 21.1736 22.6645 -1.49089
0.359196 0 0.0409292 21.1736 22.3996 -1.226
0.369173 0 0.043087 21.1736 22.1239 -0.950307
0.379151 0 0.0452858 21.1735 21.8372 -0.663667
0.389128 0 0.0475239 21.1735 21.5395 -0.365966
0.399106 0 0.0497995 21.1735 21.2306 -0.0571134
0.409084 0 0.0521107 21.1735 20.9105 0.262946
0.419061 0 0.0544554 21.1735 20.5792 0.594234
0.429039 0 0.0568315 21.1735 20.2367 0.936735
0.439017 0 0.059237 21.1735 19.8831 1.29039
0.448994 0 0.0616695 21.1735 19.5184 1.65509
0.458972 0 0.0641266 21.1735 19.1428 2.03068
0.46895 0 0.066606 21.1735 18.7565 2.41695
0.478927 0 0.0691052 21.1735 18.3598 2.81364
0.488905 0 0.0716214 21.1735 17.9531 3.22041
0.498883 0 0.0741521 21.1735 17.5366 3.63687
0.50886 0 0.0766945 21.1735 17.111 4.06255
0.518838 0 0.0792457 21.1735 16.6766 4.49691
0.528816 0 0.0818028 21.1736 16.2342 4.93934
0.538793 0 0.0843629 21.1736 15.7845 5.38914
0.548771 0 0.0869227 21.1737 15.3281 5.84554
0.558749 0 0.0894794 21.1737 14.866 6.30767
0.568726 0 0.0920295 21.1738 14.3992 6.7746
0.578704 0 0.09457 21.1738 13.9285 7.2453
0.588682 0 0.0970975 21.1739 13.4552 7.71864
0.598659 0 0.0996088 21.174 12.9805 8.19345
0.608637 0 0.102101 21.174 12.5056 8.66843
0.618615 0 0.104569 21.1741 12.0319 9.14223
0.628592 0 0.107012 21.1742 11.5608 9.61343
0.63857 0 0.109425 21.1743 11.0938 10.0805
0.648547 0 0.111805 21.1744 10.6324 10.542
0.658525 0 0.114149 21.1745 10.1784 10.9961
0.668503 0 0.116453 21.1746 9.73323 11.4414
0.67848 0 0.118714 21.1747 9.29871 11.876
0.688458 0 0.12093 21.1748 8.87653 12.2983
0.698436 0 0.123097 21.1749 8.46839 12.7065
0.708413 0 0.125212 21.175 8.07602 13.099
0.718391 0 0.127272 21.1751 7.70112 13.474
0.728369 0 0.129275 21.1752 7.34536 13.8299
0.738346 0 0.131218 21.1753 7.01035 14.165
0.748324 0 0.133099 21.1754 6.69765 14.4777
0.758302 0 0.134914 21.1755 6.40875 14.7667
0.768279 0 0.136663 21.1756 6.14503 15.0305
0.778257 0 0.138344 21.1646 5.89216 15.2724
0.788235 0 0.139954 21.1646 5.64978 15.5148
0.798212 0 0.141491 21.1647 5.43368 15.731
0.80819 0 0.142956 21.1647 5.24473 15.92
0.818168 0 0.144345 21.1648 5.08368 16.0811
0.828145 0 0.145658 21.1648 4.95112 16.2137
0.838123 0 0.146894 21.1648 4.84747 16.3173
0.848101 0 0.148053 21.1648 4.773 16.3918
0.858078 0 0.149134 21.167 4.72496 16.442
0.868056 0 0.150137 21.167 4.70304 16.464
0.878034 0 0.151061 21.167 4.70985 16.4571
0.888011 0 0.151908 21.1669 4.74503 16.4219
0.897989 0 0.152677 21.1669 4.80809 16.3588
0.907966 0 0.15337 21.1668 4.89838 16.2685
0.917944 0 0.153986 21.1668 5.01513 16.1517
0.927922 0 0.154527 21.1667 5.15742 16.0093
0.937899 0 0.154995 21.1667 5.32424 15.8424
0.947877 0 0.155391 21.1666 5.51448 15.6521
0.957855 0 0.155715 21.1665 5.72691 15.4396
0.967832 0 0.155971 21.1664 5.96027 15.2062
0.97781 0 0.15616 21.1663 6.21319 14.9531
0.987788 0 0.156284 21.1662 6.48428 14.682
0.997765 0 0.156345 21.1662 6.77212 14.394
1.00774 0 0.156345 21.1661 7.07524 14.0908
1.01772 0 0.156288 21.166 7.39218 13.7738
1.0277 0 0.156174 21.1659 7.72147 13.4444
1.03768 0 0.156007 21.1658 8.06167 13.1041
1.04765 0 0.15579 21.1657 8.41135 12.7544
1.05763 0 0.155525 21.1656 8.76911 12.3965
1.06761 0 0.155214 21.1656 9.1336 12.032
1.07759 0 0.154861 21.1655 9.5035 11.662
1.08756 0 0.154468 21.1654 9.87758 11.2879
1.09754 0 0.154038 21.1654 10.2546 10.9107
1.10752 0 0.153574 21.1653 10.6335 10.5318
1.1175 0 0.153079 21.1653 11.0132 10.1521
1.12747 0 0.152554 21.1652 11.3926 9.77258
1.13745 0 0.152004 21.1652 11.7709 9.39423
1.14743 0 0.15143 21.1651 12.1472 9.01788
1.15741 0 0.150836 21.1651 12.5208 8.64432
1.16739 0 0.150224 21.1651 12.8908 8.27426
1.17736 0 0.149596 21.1693 13.2517 7.91764
1.18734 0 0.148955 21.1693 13.6024 7.56695
1.19732 0 0.148304 21.1693 13.9469 7.22242
1.2073 0 0.147644 21.1693 14.2847 6.88455
1.21727 0 0.146979 21.1693 14.6155 6.55376
1.22725 0 0.14631 21.1693 14.9388 6.23042
1.23723 0 0.145639 21.1693 15.2544 5.91485
1.24721 0 0.144969 21.1693 15.5619 5.60732
1.25718 0 0.144302 21.1693 15.8612 5.30806
1.26716 0 0.14364 21.1693 16.152 5.01723
1.27714 0 0.142984 21.1693 16.4343 4.735
1.28712 0 0.142336 21.1693 16.7078 4.46145
1.29709 0 0.141699 21.1811 16.9416 4.23945
1.30707 0 0.141073 21.1811 17.1351 4.04599
1.31705 0 0.14046 21.1811 17.3189 3.8622
1.32703 0 0.139861 21.1811 17.4932 3.68795
1.33701 0 0.139278 21.1812 17.658 3.52313
1.34698 0 0.13871 21.1812 17.8136 3.36759
1.35696 0 0.13816 21.1812 17.96 3.22117
1.36694 0 0.137628 21.1812 18.0975 3.0837
1.37692 0 0.137115 21.1812 18.2262 2.955
1.38689 0 0.136622 21.1813 18.3464 2.83488
1.39687 0 0.136149 21.1813 18.4581 2.72315
1.40685 0 0.135698 21.1813 18.5617 2.6196
1.41683 0 0.135269 21.1813 18.6573 2.52404
1.4268 0 0.134862 21.1813 18.7451 2.43624
1.43678 0 0.134477 21.1777 18.8206 2.35711
1.44676 0 0.134117 21.1777 18.884 2.29369
1.45674 0 0.13378 21.1777 18.9405 2.23724
1.46672 0 0.133467 21.1777 18.9902 2.18756
1.47669 0 0.133178 21.1778 19.0333 2.14441
1.48667 0 0.132914 21.1778 19.0702 2.10759
1.49665 0 0.132675 21.1778 19.1009 2.07688
1.50663 0 0.13246 21.1778 19.1257 2.05206
1.5166 0 0.132271 21.1778 19.1449 2.03293
1.52658 0 0.132107 21.1778 19.1586 2.01926
1.53656 0 0.131968 21.1779 19.167 2.01086
1.54654 0 0.131854 21.1779 19.1704 2.00752
1.55651 0 0.131765 21.1779 19.1689 2.00902
1.56649 0 0.131701 21.1779 19.1627 2.01518
1.57647 0 0.131663 21.1779 19.1521 2.02578
1.58645 0 0.131649 21.1779 19.1373 2.04063
1.59642 0 0.131659 21.1779 19.1184 2.05953
1.6064 0 0.131695 21.178 19.0957 2.08227
1.61638 0 0.131754 21.178 19.0693 2.10865
1.62636 0 0.131838 21.178 19.0395 2.13847
1.63634 0 0.131946 21.178 19.0065 2.17154
1.64631 0 0.132077 21.178 18.9704 2.20765
1.65629 0 0.132231 21.178 18.9314 2.24659
1.66627 0 0.132409 21.1779 18.8848 2.29308
1.67625 0 0.132609 21.1779 18.8314 2.34652
1.68622 0 0.132831 21.1779 18.777 2.40098
1.6962 0 0.133076 21.1779 18.7216 2.4563
1.70618 0 0.133341 21.178 18.6656 2.51234
1.71616 0 0.133628 21.178 18.609 2.56893
1.72613 0 0.133936 21.178 18.5521 2.62592
1.73611 0 0.134263 21.178 18.4949 2.68313
1.74609 0 0.134611 21.1739 18.4329 2.74104
1.75607 0 0.134978 21.1739 18.3656 2.8083
1.76604 0 0.135364 21.1739 18.2974 2.87654
1.77602 0 0.135768 21.1739 18.2283 2.94564
1.786 0 0.136191 21.1739 18.1585 3.01546
1.79598 0 0.136631 21.1608 18.0736 3.08719
1.80596 0 0.137088 21.1608 17.9739 3.18685
1.81593 0 0.137561 21.1608 17.8742 3.28662
1.82591 0 0.13805 21.1608 17.7744 3.3864
1.83589 0 0.138554 21.1608 17.6747 3.48613
1.84587 0 0.139073 21.1608 17.5751 3.58572
1.85584 0 0.139606 21.1846 17.4474 3.73724
1.86582 0 0.140151 21.1846 17.2918 3.89287
1.8758 0 0.140709 21.1846 17.1371 4.04753
1.88578 0 0.141278 21.1846 16.9836 4.20106
1.89575 0 0.141857 21.1847 16.8313 4.35336
1.90573 0 0.142445 21.1847 16.6804 4.50428
1.91571 0 0.143041 21.1847 16.5309 4.65371
1.92569 0 0.143645 21.1847 16.3831 4.80155
1.93566 0 0.144255 21.1847 16.237 4.94767
1.94564 0 0.14487 21.1847 16.0927 5.092
1.95562 0 0.14549 21.1847 15.9502 5.23445
1.9656 0 0.146114 21.1847 15.8097 5.37494
1.97558 0 0.146741 21.1847 15.6713 5.51341
1.98555 0 0.14737 21.1847 15.5348 5.64982
1.99553 0 0.148001 21.1847 15.4005 5.78414
2.00551 0 0.148632 21.1847 15.2683 5.91635
2.01549 0 0.149262 21.1846 15.1382 6.04644
2.02546 0 0.149891 21.1846 15.0102 6.17443
2.03544 0 0.150519 21.1846 14.8843 6.30034
2.04542 0 0.151144 21.1846 14.7604 6.42422
2.0554 0 0.151765 21.1846 14.6385 6.54612
2.06537 0 0.152383 21.1846 14.5185 6.66613
2.07535 0 0.152995 21.1846 14.4003 6.78433
2.08533 0 0.153603 21.1846 14.2838 6.90082
2.09531 0 0.154204 21.1846 14.1688 7.01572
2.10528 0 0.154798 21.1846 14.0554 7.12916
2.11526 0 0.155385 21.1845 13.9433 7.24128
2.12524 0 0.155964 21.1845 13.8323 7.35222
2.13522 0 0.156534 21.183 13.7193 7.46375
2.1452 0 0.157094 21.183 13.6042 7.57882
2.15517 0 0.157645 21.183 13.49 7.693
2.16515 0 0.158185 21.183 13.3765 7.80646
2.17513 0 0.158713 21.183 13.2636 7.91935
2.18511 0 0.159229 21.1829 13.1511 8.03183
2.19508 0 0.159732 21.1829 13.0388 8.14408
2.20506 0 0.160222 21.1829 12.9267 8.25622
2.21504 0 0.160698 21.1829 12.8145 8.36841
2.22502 0 0.161158 21.1829 12.7021 8.48075
2.23499 0 0.161603 21.1829 12.5895 8.59335
2.24497 0 0.162032 21.1829 12.4766 8.7063
2.25495 0 0.162444 21.1829 12.3632 8.81965
2.26493 0 0.162837 21.1828 12.2494 8.93342
2.27491 0 0.163212 21.1828 12.1352 9.04763
2.28488 0 0.163568 21.1828 12.0206 9.16223
2.29486 0 0.163903 21.1828 11.9057 9.27715
2.30484 0 0.164217 21.1829 11.7906 9.39228
2.31482 0 0.164509 21.1829 11.6754 9.50748
2.32479 0 0.164779 21.1829 11.5603 9.62254
2.33477 0 0.165025 21.1829 11.4456 9.73725
2.34475 0 0.165246 21.1829 11.3316 9.8513
2.35473 0 0.165441 21.1829 11.2185 9.96439
2.3647 0 0.165611 21.1829 11.1068 10.0761
2.37468 0 0.165753 21.183 10.9968 10.1861
2.38466 0 0.165866 21.183 10.8891 10.2939
2.39464 0 0.165951 21.183 10.784 10.399
2.40461 0 0.166006 21.1831 10.6822 10.5009
2.41459 0 0.166029 21.1831 10.5842 10.5989
2.42457 0 0.166021 21.1831 10.4906 10.6926
2.43455 0 0.16598 21.1832 10.402 10.7812
2.44453 0 0.165906 21.1832 10.3191 10.8641
2.4545 0 0.165797 21.1833 10.2425 10.9408
2.46448 0 0.165653 21.2341 10.0784 11.1557
2.47446 0 0.165473 21.2342 9.82976 11.4045
2.48444 0 0.165254 21.2343 9.59321 11.6411
2.49441 0 0.164995 21.2344 9.36997 11.8644
2.50439 0 0.164693 21.2344 9.16115 12.0733
2.51437 0 0.164348 21.2345 8.96785 12.2666
2.52435 0 0.163957 21.2346 8.79109 12.4435
2.53432 0 0.163519 21.2346 8.63184 12.6028
2.5443 0 0.163034 21.2347 8.491 12.7437
2.55428 0 0.162499 21.2347 8.36939 12.8653
2.56426 0 0.161914 21.2347 8.26774 12.967
2.57423 0 0.161278 21.2148 8.16575 13.049
2.58421 0 0.16059 21.2148 8.06468 13.1501
2.59419 0 0.15985 21.2148 7.98621 13.2286
2.60417 0 0.159056 21.2148 7.9307 13.2841
2.61415 0 0.158209 21.2148 7.89834 13.3165
2.62412 0 0.157308 21.2148 7.88927 13.3256
2.6341 0 0.156354 21.2148 7.90345 13.3114
2.64408 0 0.155345 21.2148 7.94077 13.274
2.65406 0 0.154284 21.2148 8.00098 13.2138
2.66403 0 0.153169 21.2147 8.08373 13.131
2.67401 0 0.152002 21.2147 8.18856 13.0262
2.68399 0 0.150784 21.2147 8.31491 12.8998
2.69397 0 0.149515 21.2146 8.46213 12.7525
2.70394 0 0.148196 21.2146 8.62947 12.5851
2.71392 0 0.14683 21.2145 8.8161 12.3984
2.7239 0 0.145416 21.2145 9.02114 12.1933
2.73388 0 0.143958 21.2144 9.24362 11.9708
2.74385 0 0.142456 21.2143 9.48254 11.7318
2.75383 0 0.140911 21.2143 9.73684 11.4774
2.76381 0 0.139327 21.2142 10.0054 11.2088
2.77379 0 0.137705 21.2141 10.2872 10.9269
2.78377 0 0.136047 21.2141 10.581 10.6331
2.79374 0 0.134355 21.2142 10.882 10.3322
2.80372 0 0.132632 21.2141 11.189 10.0251
2.8137 0 0.130879 21.2141 11.5044 9.70967
2.82368 0 0.129099 21.214 11.8272 9.38684
2.83365 0 0.127294 21.2139 12.1562 9.05773
2.84363 0 0.125466 21.2139 12.4905 8.7234
2.85361 0 0.123619 21.2138 12.829 8.38486
2.86359 0 0.121754 21.2138 13.1707 8.04309
2.87356 0 0.119873 21.2137 13.5147 7.69902
2.88354 0 0.11798 21.2137 13.8601 7.35356
2.89352 0 0.116076 21.2136 14.2061 7.00755
2.9035 0 0.114164 21.2136 14.5518 6.66179
2.91347 0 0.112246 21.2135 14.8965 6.31702
2.92345 0 0.110325 21.2135 15.2396 5.97394
2.93343 0 0.108403 21.2135 15.5803 5.63321
2.94341 0 0.106482 21.2135 15.918 5.29542
2.95339 0 0.104565 21.2134 16.2523 4.96112
2.96336 0 0.102654 21.2134 16.5826 4.63081
2.97334 0 0.100751 21.2134 16.9085 4.30493
2.98332 0 0.0988574 21.2134 17.2295 3.98391
2.9933 0 0.0969764 21.2134 17.5453 3.66809
3.00327 0 0.0951097 21.2134 17.8556 3.3578
3.01325 0 0.0932594 21.2134 18.16 3.05332
3.02323 0 0.0914273 21.2133 18.4585 2.75489
3.03321 0 0.0896154 21.2133 18.7506 2.4627
3.04318 0 0.0878256 21.2133 19.0364 2.17693
3.05316 0 0.0860596 21.2133 19.3156 1.89772
3.06314 0 0.0843191 21.2134 19.5882 1.62517
3.07312 0 0.082606 21.2134 19.854 1.35937
3.08309 0 0.0809217 21.2134 20.113 1.10036
3.09307 0 0.079268 21.2134 20.3652 0.848182
3.10305 0 0.0776463 21.2134 20.6105 0.602842
3.11303 0 0.0760581 21.1987 20.8154 0.383273
3.12301 0 0.0745048 21.1987 20.9802 0.218513
3.13298 0 0.0729872 21.1987 21.1392 0.0595231
3.14296 0 0.0715064 21.1987 21.2925 -0.0937954
3.15294 0 0.0700633 21.1987 21.4403 -0.241551
3.16292 0 0.0686588 21.1988 21.5826 -0.383857
3.17289 0 0.0672936 21.1988 21.7196 -0.520834
3.18287 0 0.0659686 21.1988 21.8514 -0.652607
3.19285 0 0.0646846 21.1988 21.9781 -0.779304
3.20283 0 0.0634422 21.1988 22.0999 -0.901058
3.2128 0 0.0622421 21.1988 22.2168 -1.018
3.22278 0 0.0610851 21.1988 22.3291 -1.13028
3.23276 0 0.0599716 21.1989 22.4369 -1.23801
3.24274 0 0.0589024 21.1989 22.5402 -1.34135
3.25272 0 0.057878 21.1989 22.6393 -1.44043
3.26269 0 0.0568988 21.1989 22.7343 -1.53539
3.27267 0 0.0559655 21.1989 22.8253 -1.62636
3.28265 0 0.0550784 21.1989 22.9124 -1.71349
3.29263 0 0.0542381 21.1835 22.9776 -1.79405
3.3026 0 0.053445 21.1835 23.0222 -1.83868
3.31258 0 0.0526991 21.1835 23.0659 -1.88238
3.32256 0 0.0520009 21.1835 23.1087 -1.92519
3.33254 0 0.0513504 21.1835 23.1507 -1.96714
3.34251 0 0.0507479 21.1835 23.1918 -2.00829
3.35249 0 0.0501936 21.1835 23.2322 -2.04866
3.36247 0 0.0496876 21.1835 23.2718 -2.08829
3.37245 0 0.0492303 21.1836 23.3108 -2.12722
3.38242 0 0.0488217 21.1836 23.349 -2.16549
3.3924 0 0.0484621 21.1836 23.3867 -2.20314
3.40238 0 0.0481516 21.1836 23.4238 -2.24021
3.41236 0 0.0478904 21.1836 23.4603 -2.27672
3.42234 0 0.0476787 21.1836 23.4963 -2.31273
3.43231 0 0.0475166 21.1836 23.5318 -2.34825
3.44229 0 0.0474043 21.1836 23.5669 -2.38334
3.45227 0 0.047342 21.1836 23.6016 -2.41803
3.46225 0 0.0473298 21.1937 23.6121 -2.41841
3.47222 0 0.0473677 21.1937 23.598 -2.40424
3.4822 0 0.0474556 21.1937 23.5824 -2.38872
3.49218 0 0.0475934 21.1937 23.5656 -2.37187
3.50216 0 0.047781 21.1937 23.5475 -2.35374
3.51213 0 0.0480182 21.1937 23.5281 -2.33436
3.52211 0 0.0483049 21.1937 23.5075 -2.31379
3.53209 0 0.0486409 21.1937 23.4858 -2.29204
3.54207 0 0.0490261 21.1937 23.4629 -2.26917
3.55204 0 0.0494604 21.1937 23.4389 -2.2452
3.56202 0 0.0499434 21.188 23.4075 -2.21957
3.572 0 0.0504751 21.1906 23.3612 -2.17062
3.58198 0 0.0510552 21.1906 23.3066 -2.11606
3.59196 0 0.0516833 21.1906 23.2517 -2.06112
3.60193 0 0.0523591 21.1906 23.1964 -2.00582
3.61191 0 0.0530822 21.1906 23.1407 -1.95015
3.62189 0 0.0538525 21.1906 23.0847 -1.89412
3.63187 0 0.0546694 21.1906 23.0283 -1.83775
3.64184 0 0.0555328 21.1873 22.9544 -1.76708
3.65182 0 0.0564421 21.1873 22.8618 -1.67447
3.6618 0 0.0573968 21.1873 22.7666 -1.57928
3.67178 0 0.0583965 21.1873 22.6687 -1.48143
3.68175 0 0.0594405 21.1873 22.5681 -1.38086
3.69173 0 0.0605283 21.1872 22.4647 -1.27749
3.70171 0 0.0616594 21.1872 22.3585 -1.17125
3.71169 0 0.062833 21.1872 22.2493 -1.06206
3.72166 0 0.0640486 21.1872 22.1371 -0.949871
3.73164 0 0.0653056 21.1872 22.0218 -0.834597
3.74162 0 0.0666032 21.1872 21.9034 -0.716173
3.7516 0 0.0679409 21.1872 21.7817 -0.59453
3.76158 0 0.0693179 21.1872 21.6568 -0.469604
3.77155 0 0.0707334 21.1872 21.5285 -0.34133
3.78153 0 0.0721868 21.1872 21.3968 -0.209646
3.79151 0 0.0736772 21.1872 21.2617 -0.0744952
3.80149 0 0.075204 21.1872 21.123 0.0641794
3.81146 0 0.0767661 21.1872 20.9807 0.206429
3.82144 0 0.078363 21.1871 20.8348 0.352301
3.83142 0 0.0799936 21.1871 20.6853 0.501837
3.8414 0 0.081657 21.1871 20.5321 0.655075
3.85137 0 0.0833524 21.1871 20.3751 0.812047
3.86135 0 0.0850789 21.1871 20.2143 0.972776
3.87133 0 0.0868354 21.1871 20.0498 1.13728
3.88131 0 0.088621 21.1913 19.8767 1.31464
3.89128 0 0.0904346 21.1917 19.6915 1.50015
3.90126 0 0.0922751 21.1917 19.499 1.69271
3.91124 0 0.0941413 21.1917 19.3019 1.8898
3.92122 0 0.0960321 21.1917 19.1003 2.09142
3.9312 0 0.0979463 21.1917 18.8941 2.29757
3.94117 0 0.0998825 21.1917 18.6835 2.5082
3.95115 0 0.10184 21.1917 18.4684 2.72329
3.96113 0 0.103816 21.1917 18.2489 2.94277
3.97111 0 0.105811 21.1917 18.0251 3.16657
3.98108 0 0.107822 21.1917 17.7971 3.39458
3.99106 0 0.109849 21.1917 17.565 3.6267
4.00104 0 0.111889 21.1917 17.3289 3.86278
4.01102 0 0.113942 21.1917 17.089 4.10265
4.02099 0 0.116006 21.1978 16.7984 4.39946
4.03097 0 0.118079 21.1978 16.4566 4.7412
4.04095 0 0.120159 21.1979 16.1102 5.08763
4.05093 0 0.122243 21.1979 15.7596 5.4383
4.0609 0 0.12433 21.1979 15.4052 5.79273
4.07088 0 0.126417 21.1979 15.0475 6.15039
4.08086 0 0.128502 21.198 14.6873 6.5107
4.09084 0 0.130582 21.198 14.325 6.87304
4.10082 0 0.132656 21.198 13.9613 7.23672
4.11079 0 0.134721 21.1981 13.597 7.60104
4.12077 0 0.136774 21.1981 13.2329 7.96521
4.13075 0 0.138813 21.1982 12.8697 8.32844
4.14073 0 0.140836 21.1982 12.5084 8.68984
4.1507 0 0.14284 21.1983 12.1497 9.04854
4.16068 0 0.144823 21.1983 11.7948 9.40357
4.17066 0 0.146783 21.1984 11.4444 9.75397
4.18064 0 0.148717 21.1984 11.0997 10.0987
4.19061 0 0.150623 21.1985 10.7617 10.4368
4.20059 0 0.152499 21.1986 10.4315 10.7671
4.21057 0 0.154342 21.1986 10.1101 11.0886
4.22055 0 0.156151 21.1987 9.79856 11.4001
4.23053 0 0.157923 21.1988 9.49806 11.7007
4.2405 0 0.159656 21.1988 9.20966 11.9892
4.25048 0 0.161348 21.1989 8.93443 12.2645
4.26046 0 0.162998 21.1989 8.67342 12.5255
4.27044 0 0.164604 21.199 8.42766 12.7713
4.28041 0 0.166164 21.1991 8.19814 13.0009
4.29039 0 0.167676 21.1991 7.9858 13.2133
4.30037 0 0.169139 21.1992 7.79154 13.4076
4.31035 0 0.170552 21.1992 7.61617 13.583
4.32032 0 0.171914 21.1993 7.46046 13.7388
4.3303 0 0.173224 21.1993 7.32508 13.8742
4.34028 0 0.17448 21.1993 7.21064 13.9887
4.35026 0 0.175682 21.1994 7.11764 14.0817
4.36023 0 0.176829 21.1994 7.04651 14.1529
4.37021 0 0.177922 21.1994 6.99755 14.2018
4.38019 0 0.178959 21.1994 6.97099 14.2284
4.39017 0 0.179941 21.1994 6.96694 14.2325
4.40015 0 0.180867 21.1994 6.98541 14.214
4.41012 0 0.181738 21.1994 7.02631 14.1731
4.4201 0 0.182555 21.1994 7.08945 14.1099
4.43008 0 0.183317 21.1993 7.17454 14.0248
4.44006 0 0.184025 21.1993 7.28119 13.9181
4.45003 0 0.184681 21.1993 7.40892 13.7903
4.46001 0 0.185285 21.1992 7.55716 13.6421
4.46999 0 0.185838 21.1992 7.72526 13.4739
4.47997 0 0.186341 21.1991 7.91251 13.2866
4.48994 0 0.186796 21.1991 8.11811 13.081
4.49992 0 0.187205 21.2009 8.32447 12.8764
4.5099 0 0.187569 21.2008 8.52963 12.6712
4.51988 0 0.187889 21.2007 8.74873 12.452
4.52985 0 0.188167 21.2007 8.98077 12.2199
4.53983 0 0.188404 21.2006 9.22473 11.9759
4.54981 0 0.188603 21.2005 9.47954 11.721
4.55979 0 0.188766 21.2005 9.74416 11.4563
4.56977 0 0.188894 21.1998 10.0148 11.185
4.57974 0 0.188989 21.1997 10.2903 10.9094
4.58972 0 0.189053 21.1997 10.5724 10.6273
4.5997 0 0.189089 21.1996 10.86 10.3396
4.60968 0 0.189098 21.1996 11.1521 10.0475
4.61965 0 0.189082 21.1995 11.4476 9.75185
4.62963 0 0.189043 21.1994 11.7457 9.4537
4.63961 0 0.188985 21.1994 12.0454 9.15396
4.64959 0 0.188907 21.1993 12.3458 8.85354
4.65956 0 0.188814 21.1993 12.646 8.55331
4.66954 0 0.188706 21.1993 12.9451 8.2541
4.67952 0 0.188586 21.1992 13.2425 7.95671
4.6895 0 0.188455 21.1992 13.5373 7.66189
4.69947 0 0.188317 21.1991 13.8288 7.37034
4.70945 0 0.188172 21.1991 14.1164 7.08273
4.71943 0 0.188023 21.1991 14.3994 6.79969
4.72941 0 0.187871 21.199 14.6773 6.52178
4.73939 0 0.187719 21.199 14.9495 6.24954
4.74936 0 0.187567 21.199 15.2155 5.98347
4.75934 0 0.187419 21.199 15.475 5.724
4.76932 0 0.187274 21.1512 15.6792 5.472
4.7793 0 0.187136 21.1512 15.8269 5.32434
4.78927 0 0.187005 21.1512 15.9654 5.18578
4.79925 0 0.186881 21.1512 16.0949 5.05638
4.80923 0 0.186765 21.1512 16.2151 4.93614
4.81921 0 0.186659 21.1513 16.3262 4.82505
4.82918 0 0.186562 21.1513 16.4282 4.72305
4.83916 0 0.186476 21.1513 16.5212 4.63005
4.84914 0 0.1864 21.1513 16.6054 4.54593
4.85912 0 0.186335 21.1565 16.6132 4.54332
4.86909 0 0.186281 21.1565 16.5452 4.61136
4.87907 0 0.186238 21.1566 16.47 4.68653
4.88905 0 0.186204 21.1566 16.3881 4.76844
4.89903 0 0.186179 21.1566 16.2999 4.85672
4.90901 0 0.186163 21.1566 16.2057 4.95097
4.91898 0 0.186153 21.1567 16.1059 5.05076
4.92896 0 0.186151 21.1567 16.001 5.15569
4.93894 0 0.186154 21.1567 15.8914 5.26531
4.94892 0 0.186162 21.1568 15.7776 5.37918
4.95889 0 0.186174 21.1568 15.6599 5.49685
4.96887 0 0.186188 21.1568 15.539 5.61785
4.97885 0 0.186205 21.1569 15.4151 5.74171
4.98883 0 0.186222 21.1569 15.2889 5.86795
4.9988 0 0.18624 21.1549 15.1279 6.02699
5.00878 0 0.186256 21.1549 14.9339 6.22102
5.01876 0 0.186269 21.1549 14.7415 6.41337
5.02874 0 0.186279 21.1549 14.5513 6.60368
5.03872 0 0.186282 21.155 14.3634 6.79155
5.04869 0 0.186279 21.155 14.1784 6.97661
5.05867 0 0.186269 21.155 13.9966 7.15844
5.06865 0 0.186248 21.155 13.8184 7.33665
5.07863 0 0.186217 21.1551 13.6442 7.51083
5.0886 0 0.186174 21.1551 13.4745 7.68057
5.09858 0 0.186118 21.1551 13.3096 7.84547
5.10856 0 0.186048 21.1551 13.15 8.00513
5.11854 0 0.185962 21.1552 12.996 8.15913
5.12851 0 0.18586 21.1552 12.8481 8.30709
5.13849 0 0.185739 21.1552 12.7066 8.44861
5.14847 0 0.1856 21.1552 12.5719 8.5833
5.15845 0 0.185442 21.1553 12.4445 8.71079
5.16842 0 0.185263 21.1553 12.3245 8.83073
5.1784 0 0.185062 21.1553 12.2125 8.94276
5.18838 0 0.184839 21.1553 12.1088 9.04655
5.19836 0 0.184593 21.1553 12.0135 9.14179
5.20834 0 0.184323 21.1554 11.9272 9.22818
5.21831 0 0.184028 21.1554 11.8499 9.30546
5.22829 0 0.183709 21.1515 11.7742 9.37726
5.23827 0 0.183364 21.1515 11.7005 9.45099
5.24825 0 0.182993 21.1515 11.6368 9.51472
5.25822 0 0.182595 21.1515 11.5832 9.56827
5.2682 0 0.182171 21.1515 11.54 9.61155
5.27818 0 0.18172 21.1515 11.5071 9.64444
5.28816 0 0.181241 21.1536 11.4823 9.6713
5.29813 0 0.180735 21.1536 11.4657 9.68783
5.30811 0 0.180201 21.1536 11.4599 9.69367
5.31809 0 0.17964 21.1536 11.4647 9.68884
5.32807 0 0.179051 21.1536 11.4802 9.6734
5.33804 0 0.178435 21.1536 11.5061 9.64742
5.34802 0 0.177793 21.1535 11.5425 9.61102
5.358 0 0.177123 21.1535 11.5892 9.56435
5.36798 0 0.176427 21.1535 11.646 9.50757
5.37796 0 0.175706 21.1535 11.7126 9.4409
5.38793 0 0.174959 21.1535 11.7889 9.36455
5.39791 0 0.174187 21.1535 11.8747 9.27879
5.40789 0 0.173391 21.1535 11.9696 9.18389
5.41787 0 0.172572 21.1534 12.0733 9.08016
5.42784 0 0.171731 21.1534 12.1855 8.96791
5.43782 0 0.170868 21.1534 12.3059 8.84748
5.4478 0 0.169984 21.1534 12.4341 8.71923
5.45778 0 0.16908 21.1533 12.5698 8.58353
5.46775 0 0.168158 21.1533 12.7126 8.44076
5.47773 0 0.167217 21.1533 12.862 8.29132
5.48771 0 0.16626 21.1533 13.0177 8.13561
5.49769 0 0.165288 21.1532 13.1792 7.97404
5.50766 0 0.164301 21.1532 13.3462 7.80701
5.51764 0 0.163302 21.1532 13.5183 7.63494
5.52762 0 0.16229 21.1532 13.6949 7.45825
5.5376 0 0.161268 21.1531 13.8758 7.27735
5.54758 0 0.160236 21.1531 14.0605 7.09264
5.55755 0 0.159197 21.1531 14.2486 6.90454
5.56753 0 0.158151 21.1531 14.4396 6.71343
5.57751 0 0.1571 21.1531 14.6333 6.51971
5.58749 0 0.156045 21.153 14.8293 6.32376
5.59746 0 0.154987 21.153 15.0271 6.12594
5.60744 0 0.153928 21.153 15.2264 5.92663
5.61742 0 0.15287 21.153 15.4268 5.72616
5.6274 0 0.151813 21.153 15.6281 5.52486
5.63737 0 0.150759 21.1529 15.8299 5.32307
5.64735 0 0.14971 21.1529 16.0318 5.12108
5.65733 0 0.148666 21.1529 16.2337 4.91919
5.66731 0 0.14763 21.1529 16.4352 4.71768
5.67728 0 0.146602 21.1529 16.6361 4.5168
5.68726 0 0.145584 21.1529 16.836 4.31681
5.69724 0 0.144577 21.1528 17.0349 4.11794
5.70722 0 0.143583 21.1528 17.2324 3.9204
5.7172 0 0.142602 21.1528 17.4284 3.7244
5.72717 0 0.141637 21.1528 17.6227 3.53013
5.73715 0 0.140688 21.1528 17.8151 3.33776
5.74713 0 0.139757 21.1528 18.0054 3.14745
5.75711 0 0.138844 21.1528 18.1935 2.95935
5.76708 0 0.137952 21.1528 18.3792 2.77359
5.77706 0 0.137081 21.1528 18.5625 2.5903
5.78704 0 0.136233 21.1528 18.7432 2.40958
5.79702 0 0.135408 21.1528 18.9213 2.23153
5.80699 0 0.134607 21.1528 19.0965 2.05625
5.81697 0 0.133833 21.1528 19.269 1.88379
5.82695 0 0.133086 21.1528 19.4386 1.71423
5.83693 0 0.132366 21.1528 19.6052 1.54763
5.8469 0 0.131675 21.1528 19.7688 1.38403
5.85688 0 0.131015 21.1502 19.9266 1.22362
5.86686 0 0.130385 21.0741 19.9993 1.07481
5.87684 0 0.129787 21.0741 19.9894 1.08471
5.88682 0 0.12922 21.0741 19.9758 1.09826
5.89679 0 0.128685 21.0741 19.9586 1.11547
5.90677 0 0.128181 21.0251 19.8829 1.1422
5.91675 0 0.127707 21.0251 19.7471 1.27797
5.92673 0 0.127264 21.0251 19.6047 1.42037
5.9367 0 0.12685 21.0251 19.4559 1.56918
5.94668 0 0.126465 21.0251 19.3009 1.72418
5.95666 0 0.126106 21.0251 19.14 1.88508
5.96664 0 0.125773 21.0251 18.9735 2.05162
5.97661 0 0.125465 21.0252 18.8017 2.22346
5.98659 0 0.12518 21.0252 18.6249 2.40027
5.99657 0 0.124918 21.0252 18.4435 2.58168
6.00655 0 0.124677 21.0252 18.258 2.76727
6.01653 0 0.124456 21.0253 18.0686 2.95664
6.0265 0 0.124253 21.0253 17.876 3.14931
6.03648 0 0.124068 21.0253 17.6805 3.3448
6.04646 0 0.123898 21.0253 17.4827 3.5426
6.05644 0 0.123743 21.0254 17.2832 3.74216
6.06641 0 0.1236 21.0254 17.0825 3.94293
6.07639 0 0.123469 21.0255 16.8812 4.1443
6.08637 0 0.123348 21.0255 16.6798 4.34566
6.09635 0 0.123235 21.0255 16.4791 4.54638
6.10632 0 0.12313 21.0247 16.2662 4.75848
6.1163 0 0.12303 21.0248 16.0423 4.98251
6.12628 0 0.122934 21.0248 15.8217 5.20312
6.13626 0 0.12284 21.0248 15.6052 5.41963
6.14623 0 0.122747 21.0249 15.3936 5.63133
6.15621 0 0.122653 21.0249 15.1874 5.83749
6.16619 0 0.122558 21.025 14.9876 6.03742
6.17617 0 0.122458 21.025 14.7946 6.2304
6.18615 0 0.122354 21.0251 14.6094 6.41571
6.19612 0 0.122243 21.0251 14.4324 6.59268
6.2061 0 0.122124 21.0251 14.2645 6.76062
6.21608 0 0.121996 21.0252 14.1063 6.91886
6.22606 0 0.121859 21.0222 13.9545 7.06768
6.23603 0 0.12171 21.0222 13.8098 7.2124
6.24601 0 0.121549 21.0223 13.677 7.34532
6.25599 0 0.121375 21.0223 13.5564 7.46593
6.26597 0 0.121186 21.0223 13.4486 7.57376
6.27594 0 0.120983 21.0224 13.354 7.66837
6.28592 0 0.120764 21.0224 13.273 7.74937
6.2959 0 0.120529 21.0224 13.206 7.81644
6.30588 0 0.120277 21.0224 13.1531 7.86929
6.31585 0 0.120008 21.0224 13.1147 7.90771
6.32583 0 0.119722 21.0224 13.0909 7.93152
6.33581 0 0.119418 21.0224 13.0818 7.94063
6.34579 0 0.119097 21.0224 13.0874 7.935
6.35577 0 0.118758 21.0224 13.1078 7.91463
6.36574 0 0.118401 21.0224 13.1428 7.87961
6.37572 0 0.118027 21.0224 13.1923 7.83008
6.3857 0 0.117636 21.0224 13.2561 7.76624
6.39568 0 0.117229 21.0224 13.334 7.68834
6.40565 0 0.116806 21.0223 13.4257 7.59669
6.41563 0 0.116368 21.0223 13.5307 7.49165
6.42561 0 0.115915 21.0223 13.6487 7.37364
6.43559 0 0.115449 21.0223 13.7792 7.24311
6.44556 0 0.114969 21.0222 13.9217 7.10056
6.45554 0 0.114478 21.0222 14.0757 6.94654
6.46552 0 0.113977 21.0221 14.2405 6.78161
6.4755 0 0.113466 21.0221 14.4157 6.60638
6.48547 0 0.112947 21.0221 14.6006 6.42147
6.49545 0 0.11242 21.022 14.7945 6.22754
6.50543 0 0.111889 21.022 14.9967 6.02525
6.51541 0 0.111353 21.0219 15.2067 5.81528
6.52539 0 0.110815 21.0219 15.4236 5.59832
6.53536 0 0.110275 21.0219 15.6468 5.37505
6.54534 0 0.109736 21.0218 15.8756 5.14617
6.55532 0 0.109199 21.0218 16.1094 4.91236
6.5653 0 0.108666 21.0217 16.3474 4.67429
6.57527 0 0.108138 21.0217 16.5891 4.43264
6.58525 0 0.107617 21.0052 16.807 4.19817
6.59523 0 0.107104 21.0052 17.0003 4.00482
6.60521 0 0.106602 21.0051 17.195 3.81013
6.61518 0 0.106111 21.0051 17.3905 3.61461
6.62516 0 0.105632 21.0051 17.5863 3.41876
6.63514 0 0.105168 21.005 17.782 3.22307
6.64512 0 0.104719 21.005 17.9771 3.02797
6.65509 0 0.104287 21.005 18.1711 2.83389
6.66507 0 0.103873 21.005 18.3637 2.64124
6.67505 0 0.103479 21.005 18.5546 2.45038
6.68503 0 0.103105 21.0049 18.7433 2.26168
6.69501 0 0.102754 21.0049 18.9295 2.07544
6.70498 0 0.102426 21.0049 19.113 1.89196
6.71496 0 0.102122 21.0049 19.2934 1.71152
6.72494 0 0.101844 21.0049 19.4705 1.53435
6.73492 0 0.101594 21.0049 19.6442 1.36067
6.74489 0 0.101371 21.0049 19.8142 1.19068
6.75487 0 0.101178 21.0049 19.9803 1.02455
6.76485 0 0.101014 21.0049 20.1424 0.862423
6.77483 0 0.100883 21.0049 20.3004 0.70442
6.7848 0 0.100783 21.0049 20.4542 0.550648
6.79478 0 0.100717 21.0049 20.6037 0.401187
6.80476 0 0.100685 21.0049 20.7488 0.256102
6.81474 0 0.100688 21.0049 20.8894 0.115436
6.82472 0 0.100727 21.0049 21.0257 -0.0207826
6.83469 0 0.100803 21.0049 21.1574 -0.152544
6.84467 0 0.100916 21.0049 21.2847 -0.279851
6.85465 0 0.101068 21.0049 21.4076 -0.402724
6.86463 0 0.101259 21.0049 21.5261 -0.521194
6.8746 0 0.10149 21.0049 21.6402 -0.635306
6.88458 0 0.101761 21.0013 21.7315 -0.7302
6.89456 0 0.102073 21.0021 21.797 -0.794945
6.90454 0 0.102426 21.0021 21.8548 -0.852664
6.91451 0 0.102821 21.0021 21.9073 -0.905219
6.92449 0 0.103258 21.0021 21.9548 -0.952715
6.93447 0 0.103738 21.0021 21.9974 -0.995266
6.94445 0 0.104259 21.0022 22.0351 -1.03299
6.95442 0 0.104824 20.9922 22.0412 -1.04899
6.9644 0 0.10543 20.9988 21.9712 -0.972429
6.97438 0 0.106079 20.9988 21.8534 -0.854668
6.98436 0 0.10677 20.9988 21.7334 -0.734664
6.99434 0 0.107501 20.9988 21.6112 -0.612398
7.00431 0 0.108273 21.0028 21.4765 -0.47368
7.01429 0 0.109084 21.0028 21.3291 -0.326342
7.02427 0 0.109933 21.0028 21.179 -0.176243
7.03425 0 0.11082 21.0028 21.0262 -0.0233771
7.04422 0 0.111744 21.0028 20.8705 0.132257
7.0542 0 0.112703 21.0028 20.7121 0.290657
7.06418 0 0.113697 21.0028 20.551 0.451815
7.07416 0 0.114725 21.0028 20.387 0.61572
7.08413 0 0.115787 21.0028 20.2204 0.782353
7.09411 0 0.11688 21.0028 20.0511 0.95169
7.10409 0 0.118003 21.0028 19.8791 1.1237
7.11407 0 0.119157 21.0028 19.7044 1.29835
7.12404 0 0.12034 21.0028 19.5272 1.47559
7.13402 0 0.12155 21.0028 19.3474 1.65537
7.144 0 0.122787 21.0028 19.1651 1.83763
7.15398 0 0.12405 21.0028 18.9805 2.02228
7.16396 0 0.125337 21.0028 18.7935 2.20927
7.17393 0 0.126647 21.0028 18.6043 2.39848
7.18391 0 0.127979 21.0028 18.413 2.58981
7.19389 0 0.129332 21.0028 18.2196 2.78316
7.20387 0 0.130705 21.0028 18.0244 2.97839
7.21384 0 0.132096 21.0028 17.8274 3.17535
7.22382 0 0.133505 21.0028 17.6289 3.3739
7.2338 0 0.134929 21.0028 17.429 3.57386
7.24378 0 0.136368 21.0028 17.2278 3.77505
7.25375 0 0.13782 21.0028 17.0256 3.97727
7.26373 0 0.139285 21.0029 16.8225 4.1803
7.27371 0 0.14076 21.0029 16.6189 4.38392
7.28369 0 0.142245 21.0029 16.415 4.58788
7.29366 0 0.143737 21.0029 16.211 4.7919
7.30364 0 0.145237 21.0029 16.0072 4.99573
7.31362 0 0.146742 21.0029 15.8039 5.19906
7.3236 0 0.148251 21.0029 15.6014 5.40159
7.33358 0 0.149763 21.003 15.4 5.60298
7.34355 0 0.151276 21.003 15.2001 5.80291
7.35353 0 0.15279 21.003 15.002 6.00103
7.36351 0 0.154302 21.003 14.8061 6.19696
7.37349 0 0.155812 21.0031 14.6127 6.39033
7.38346 0 0.157318 21.0031 14.4223 6.58076
7.39344 0 0.158819 21.0031 14.2352 6.76786
7.40342 0 0.160314 21.0031 14.0519 6.95121
7.4134 0 0.161801 21.0032 13.8727 7.13042
7.42337 0 0.16328 21.0032 13.6981 7.30507
7.43335 0 0.164748 21.0032 13.5285 7.47475
7.44333 0 0.166206 21.0032 13.3642 7.63904
7.45331 0 0.167651 21.0033 13.2057 7.79754
7.46328 0 0.169083 21.0033 13.0534 7.94983
7.47326 0 0.170501 21.0033 12.9078 8.09553
7.48324 0 0.171904 21.0033 12.7691 8.23424
7.49322 0 0.17329 21.0033 12.6378 8.36559
7.5032 0 0.174659 21.0034 12.5142 8.48921
7.51317 0 0.176011 21.0034 12.3986 8.60476
7.52315 0 0.177344 21.0034 12.2915 8.71193
7.53313 0 0.178657 21.0034 12.193 8.81041
7.54311 0 0.179951 21.0034 12.1035 8.89991
7.55308 0 0.181224 21.0035 12.0232 8.98021
7.56306 0 0.182476 21.0035 11.9524 9.05106
7.57304 0 0.183706 21.0035 11.8912 9.11229
7.58302 0 0.184914 21.0035 11.8397 9.16373
7.59299 0 0.186101 21.0035 11.7982 9.20527
7.60297 0 0.187264 21.0035 11.7667 9.23681
7.61295 0 0.188406 21.0035 11.7452 9.2583
7.62293 0 0.189524 21.0035 11.7338 9.26973
7.6329 0 0.19062 21.0035 11.7324 9.2711
7.64288 0 0.191693 21.0035 11.741 9.26248
7.65286 0 0.192743 21.0035 11.7595 9.24396
7.66284 0 0.193771 20.9634 11.7319 9.23151
7.67282 0 0.194777 20.9634 11.6566 9.30686
7.68279 0 0.19576 20.9634 11.5872 9.37619
7.69277 0 0.19672 20.9634 11.5236 9.43978
7.70275 0 0.197657 20.9634 11.4654 9.49794
7.71273 0 0.198571 20.9633 11.4123 9.55101
7.7227 0 0.19946 20.9633 11.364 9.59934
7.73268 0 0.200326 20.9633 11.32 9.6433
7.74266 0 0.201168 20.9633 11.28 9.68326
7.75264 0 0.201986 20.9632 11.2436 9.7196
7.76261 0 0.202779 20.9632 11.2105 9.75272
7.77259 0 0.203548 20.9632 11.1802 9.78301
7.78257 0 0.204293 20.9631 11.1523 9.81084
7.79255 0 0.205013 20.9631 11.1265 9.83659
7.80253 0 0.205709 20.9631 11.1025 9.86062
7.8125 0 0.20638 20.9631 11.0798 9.88328
7.82248 0 0.207026 20.963 11.0582 9.90488
7.83246 0 0.207648 20.963 11.0373 9.92574
7.84244 0 0.208245 20.963 11.0169 9.94611
7.85241 0 0.208817 20.963 10.9967 9.96625
7.86239 0 0.209364 20.963 10.9766 9.98637
7.87237 0 0.209887 20.963 10.9563 10.0066
7.88235 0 0.210384 20.963 10.9358 10.0272
7.89232 0 0.210856 20.963 10.9149 10.0481
7.9023 0 0.211303 20.963 10.8935 10.0694
7.91228 0 0.211724 20.963 10.8718 10.0912
7.92226 0 0.21212 20.963 10.8496 10.1133
7.93223 0 0.21249 20.963 10.8272 10.1358
7.94221 0 0.212834 20.963 10.8045 10.1585
7.95219 0 0.213151 20.963 10.7819 10.1811
7.96217 0 0.213443 20.963 10.7594 10.2036
7.97215 0 0.213708 20.963 10.7374 10.2256
7.98212 0 0.213946 20.963 10.7161 10.2469
7.9921 0 0.214157 20.9631 10.696 10.2671
8.00208 0 0.214341 20.9631 10.6772 10.2858
8.01206 0 0.214497 20.9631 10.6604 10.3027
8.02203 0 0.214625 20.9631 10.6459 10.3173
8.03201 0 0.214726 20.8887 10.5184 10.3703
8.04199 0 0.214798 20.8887 10.2792 10.6095
8.05197 0 0.214839 20.8888 10.0441 10.8446
8.06194 0 0.214849 20.8888 9.81398 11.0748
8.07192 0 0.214824 20.8889 9.58956 11.2993
8.0819 0 0.214765 20.8918 9.36706 11.5247
8.09188 0 0.214668 20.8918 9.14778 11.7441
8.10185 0 0.214532 20.8919 8.93721 11.9547
8.11183 0 0.214357 20.8919 8.73616 12.1558
8.12181 0 0.21414 20.892 8.54542 12.3465
8.13179 0 0.21388 20.892 8.36575 12.5263
8.14177 0 0.213576 20.8921 8.19788 12.6942
8.15174 0 0.213226 20.8921 8.0425 12.8496
8.16172 0 0.212829 20.8921 7.90025 12.9919
8.1717 0 0.212384 20.8922 7.77175 13.1204
8.18168 0 0.211891 20.8922 7.65755 13.2346
8.19165 0 0.211348 20.8922 7.55815 13.3341
8.20163 0 0.210754 20.8922 7.47399 13.4183
8.21161 0 0.210109 20.8923 7.40547 13.4868
8.22159 0 0.209412 20.8923 7.35292 13.5394
8.23156 0 0.208663 20.8923 7.31662 13.5757
8.24154 0 0.207861 20.8923 7.29676 13.5955
8.25152 0 0.207007 20.8923 7.2935 13.5988
8.2615 0 0.206099 20.8923 7.30692 13.5854
8.27147 0 0.205138 20.8923 7.33706 13.5552
8.28145 0 0.204125 20.8923 7.38389 13.5084
8.29143 0 0.203058 20.8923 7.44732 13.445
8.30141 0 0.201939 20.8923 7.5272 13.3651
8.31139 0 0.200768 20.8923 7.62334 13.2689
8.32136 0 0.199546 20.8922 7.73549 13.1568
8.33134 0 0.198273 20.8922 7.86336 13.0289
8.34132 0 0.19695 20.8922 8.00661 12.8856
8.3513 0 0.195577 20.8922 8.16485 12.7273
8.36127 0 0.194156 20.8922 8.33766 12.5545
8.37125 0 0.192689 20.8921 8.52457 12.3676
8.38123 0 0.191175 20.8921 8.72509 12.167
8.39121 0 0.189617 20.8921 8.93869 11.9534
8.40118 0 0.188015 20.892 9.16481 11.7272
8.41116 0 0.186371 20.892 9.40287 11.4891
8.42114 0 0.184687 20.892 9.65226 11.2397
8.43112 0 0.182965 20.8919 9.91235 10.9796
8.44109 0 0.181205 20.8919 10.1825 10.7094
8.45107 0 0.17941 20.8919 10.462 10.4298
8.46105 0 0.177581 20.8918 10.7503 10.1416
8.47103 0 0.175721 20.8918 11.0465 9.84524
8.48101 0 0.173831 20.8917 11.3502 9.54159
8.49098 0 0.171913 20.8917 11.6604 9.23129
8.50096 0 0.16997 20.8917 11.9766 8.91506
8.51094 0 0.168003 20.8868 12.2918 8.59502
8.52092 0 0.166014 20.8868 12.6047 8.28207
8.53089 0 0.164006 20.8867 12.9208 7.96594
8.54087 0 0.161981 20.8867 13.2394 7.64726
8.55085 0 0.15994 20.8867 13.56 7.32664
8.56083 0 0.157886 20.8866 13.8819 7.00469
8.5708 0 0.155821 20.8866 14.2046 6.68199
8.58078 0 0.153747 20.8866 14.5275 6.35913
8.59076 0 0.151666 20.9068 14.7613 6.14551
8.60074 0 0.14958 20.9068 14.9095 5.99732
8.61072 0 0.14749 20.9068 15.0637 5.84308
8.62069 0 0.145396 20.9068 15.2237 5.68312
8.63067 0 0.1433 20.9068 15.3889 5.51782
8.64065 0 0.141203 20.9067 15.5592 5.34753
8.65063 0 0.139105 20.9067 15.7341 5.17261
8.6606 0 0.137009 20.9067 15.9133 4.99345
8.67058 0 0.134916 20.9059 16.0946 4.81134
8.68056 0 0.132826 20.9059 16.278 4.62796
8.69054 0 0.13074 20.9059 16.4648 4.44109
8.70051 0 0.128661 20.9059 16.6548 4.25107
8.71049 0 0.126589 20.9059 16.8476 4.0583
8.72047 0 0.124526 20.9058 17.0427 3.86312
8.73045 0 0.122473 20.9083 17.2367 3.67165
8.74042 0 0.120431 20.9083 17.4289 3.47942
8.7504 0 0.118401 20.9083 17.622 3.28628
8.76038 0 0.116385 20.9083 17.8157 3.09258
8.77036 0 0.114384 20.9083 18.0096 2.89865
8.78034 0 0.1124 20.9082 18.2034 2.70482
8.79031 0 0.110433 20.9082 18.3968 2.51142
8.80029 0 0.108485 20.9082 18.5895 2.31873
8.81027 0 0.106557 20.9082 18.7811 2.12706
8.82025 0 0.104651 20.9082 18.9715 1.93669
8.83022 0 0.102767 20.9082 19.1603 1.74788
8.8402 0 0.100907 20.9081 19.3473 1.56089
8.85018 0 0.0990724 20.9061 19.5278 1.37829
8.86016 0 0.0972639 20.9061 19.7016 1.20449
8.87013 0 0.0954829 20.9061 19.8727 1.03335
8.88011 0 0.0937303 20.906 20.041 0.865077
8.89009 0 0.0920074 20.906 20.2061 0.699888
8.90007 0 0.0903152 20.906 20.3681 0.537972
8.91004 0 0.0886547 20.906 20.5265 0.379511
8.92002 0 0.087027 20.906 20.6813 0.224677
8.93 0 0.085433 20.906 20.8324 0.0736312
8.93998 0 0.0838738 20.906 20.9795 -0.0734771
8.94996 0 0.0823503 20.906 21.1225 -0.216508
8.95993 0 0.0808633 20.906 21.2613 -0.355331
8.96991 0 0.0794138 20.906 21.3958 -0.489826
8.97989 0 0.0780026 20.906 21.5259 -0.619883
8.98987 0 0.0766305 20.906 21.6514 -0.7454
8.99984 0 0.0752984 20.906 21.7723 -0.866284
9.00982 0 0.0740069 20.906 21.8884 -0.982452
9.0198 0 0.0727569 20.906 21.9998 -1.09383
9.02978 0 0.0715489 20.906 22.1063 -1.20034
9.03975 0 0.0703836 20.906 22.2079 -1.30194
9.04973 0 0.0692618 20.906 22.3045 -1.39857
9.05971 0 0.0681839 20.9186 22.3802 -1.46158
9.06969 0 0.0671504 20.9186 22.4349 -1.51631
9.07966 0 0.0661616 20.9186 22.4848 -1.56613
9.08964 0 0.065218 20.9186 22.5296 -1.61098
9.09962 0 0.0643197 20.9186 22.5695 -1.65086
9.1096 0 0.063467 20.9186 22.6044 -1.68575
9.11958 0 0.0626602 20.9186 22.6343 -1.71564
9.12955 0 0.0618995 20.9186 22.6592 -1.74053
9.13953 0 0.061185 20.9186 22.6791 -1.76043
9.14951 0 0.0605168 20.9186 22.694 -1.77534
9.15949 0 0.059895 20.9103 22.6879 -1.77761
9.16946 0 0.0593196 20.9103 22.662 -1.75163
9.17944 0 0.0587905 20.9103 22.6331 -1.72277
9.18942 0 0.0583075 20.9103 22.6013 -1.691
9.1994 0 0.0578704 20.9103 22.5666 -1.65632
9.20937 0 0.057479 20.9103 22.529 -1.61871
9.21935 0 0.0571331 20.9103 22.4885 -1.57817
9.22933 0 0.0568325 20.9103 22.445 -1.53471
9.23931 0 0.0565769 20.9103 22.3987 -1.48835
9.24928 0 0.0563659 20.9103 22.3494 -1.43912
9.25926 0 0.0561993 20.9103 22.2974 -1.38704
9.26924 0 0.0560767 20.9103 22.2425 -1.33215
9.27922 0 0.0559978 20.9103 22.1848 -1.2745
9.2892 0 0.0559622 20.9103 22.1245 -1.21415
9.29917 0 0.0559696 20.9103 22.0615 -1.15117
9.30915 0 0.0560194 20.9103 21.9959 -1.08562
9.31913 0 0.0561113 20.9103 21.9279 -1.01758
9.32911 0 0.0562448 20.9103 21.8575 -0.94715
9.33908 0 0.0564194 20.9232 21.7505 -0.82728
9.34906 0 0.0566344 20.9232 21.6067 -0.683412
9.35904 0 0.056889 20.9232 21.4596 -0.53639
9.36902 0 0.0571822 20.9232 21.3095 -0.38628
9.37899 0 0.057513 20.9232 21.1564 -0.233159
9.38897 0 0.0578807 20.9233 21.0004 -0.0771153
9.39895 0 0.0582841 20.9233 20.8415 0.0817509
9.40893 0 0.0587222 20.9233 20.6799 0.243328
9.4189 0 0.0591941 20.9233 20.5158 0.407494
9.42888 0 0.0596988 20.9233 20.3492 0.574111
9.43886 0 0.060235 20.9233 20.1802 0.743031
9.44884 0 0.0608019 20.9233 20.0092 0.914093
9.45882 0 0.0613982 20.9233 19.8362 1.08712
9.46879 0 0.0620228 20.9233 19.6614 1.26193
9.47877 0 0.0626747 20.9233 19.485 1.43831
9.48875 0 0.0633526 20.9233 19.3073 1.61605
9.49873 0 0.0640555 20.9233 19.1284 1.79493
9.5087 0 0.0647821 20.9233 18.9487 1.97469
9.51868 0 0.0655313 20.9234 18.7683 2.15509
9.52866 0 0.0663018 20.9234 18.5875 2.33586
9.53864 0 0.0670925 20.9234 18.4067 2.51672
9.54861 0 0.0679022 20.9234 18.226 2.69736
9.55859 0 0.0687296 20.9234 18.0459 2.8775
9.56857 0 0.0695736 20.9234 17.8666 3.0568
9.57855 0 0.0704329 20.9235 17.6885 3.23494
9.58853 0 0.0713064 20.9147 17.4995 3.41519
9.5985 0 0.0721927 20.9147 17.2995 3.61514
9.60848 0 0.0730907 20.9147 17.1011 3.81364
9.61846 0 0.0739989 20.9147 16.9044 4.01031
9.62844 0 0.0749162 20.9147 16.71 4.20477
9.63841 0 0.0758411 20.9148 16.5181 4.39664
9.64839 0 0.0767725 20.9148 16.3292 4.58554
9.65837 0 0.077709 20.9148 16.1437 4.77106
9.66835 0 0.0786496 20.9148 15.962 4.95282
9.67832 0 0.0795928 20.9149 15.7844 5.13041
9.6883 0 0.0805377 20.9149 15.6114 5.30344
9.69828 0 0.0814829 20.9158 15.4406 5.47515
9.70826 0 0.0824275 20.9158 15.2723 5.64352
9.71823 0 0.0833702 20.9158 15.1096 5.80621
9.72821 0 0.08431 20.9158 14.953 5.96286
9.73819 0 0.0852459 20.9158 14.8028 6.11309
9.74817 0 0.0861768 20.9159 14.6593 6.25656
9.75815 0 0.0871019 20.9159 14.523 6.39293
9.76812 0 0.0880201 20.9159 14.3941 6.52185
9.7781 0 0.0889308 20.9159 14.2729 6.64301
9.78808 0 0.089833 20.9159 14.1598 6.75611
9.79806 0 0.0907261 20.916 14.0551 6.86088
9.80803 0 0.0916094 20.916 13.9589 6.95704
9.81801 0 0.0924821 20.916 13.8716 7.04435
9.82799 0 0.0933439 20.916 13.7934 7.1226
9.83797 0 0.0941941 20.916 13.7244 7.19158
9.84794 0 0.0950323 20.916 13.6649 7.25111
9.85792 0 0.0958582 20.916 13.615 7.30106
9.8679 0 0.0966715 20.916 13.5747 7.3413
9.87788 0 0.0974719 20.916 13.5443 7.37174
9.88785 0 0.0982592 20.916 13.5237 7.39231
9.89783 0 0.0990334 20.916 13.5131 7.40297
9.90781 0 0.0997944 20.916 13.5123 7.40373
9.91779 0 0.100542 20.916 13.5214 7.3946
9.92777 0 0.101277 20.9317 13.4979 7.43372
9.93774 0 0.101999 20.9317 13.4399 7.49171
9.94772 0 0.102707 20.9317 13.3886 7.54301
9.9577 0 0.103401 20.9316 13.344 7.58764
9.96768 0 0.104082 20.9316 13.306 7.62567
9.97765 0 0.104748 20.9316 13.2745 7.65714
