0.00997765 0 3.43528e-05 21.8647 27.557 -5.6923
0.0199553 0 0.000137348 21.8647 27.5309 -5.66621
0.029933 0 0.000308886 21.8647 27.5028 -5.63811
0.0399106 0 0.000548853 21.8647 27.4726 -5.60795
0.0498883 0 0.000857129 21.8647 27.4404 -5.57567
0.0598659 0 0.00123358 21.8647 27.4059 -5.54121
0.0698436 0 0.00167806 21.8647 27.3692 -5.50452
0.0798212 0 0.00219042 21.8647 27.3302 -5.46553
0.0897989 0 0.00277048 21.8647 27.2888 -5.42418
0.0997765 0 0.00341808 21.8647 27.2451 -5.38041
0.109754 0 0.004133 21.8647 27.1988 -5.33416
0.119732 0 0.00491505 21.8646 27.15 -5.28538
0.129709 0 0.00576401 21.8646 27.0986 -5.23398
0.139687 0 0.00667965 21.8646 27.0446 -5.17992
0.149665 0 0.0076617 21.8646 26.9878 -5.12314
0.159642 0 0.00870991 21.8646 26.9282 -5.06356
0.16962 0 0.00982401 21.8646 26.8657 -5.00113
0.179598 0 0.0110037 21.8646 26.8004 -4.93578
0.189575 0 0.0122486 21.8646 26.7321 -4.86746
0.199553 0 0.0135585 21.8646 26.6607 -4.7961
0.209531 0 0.014933 21.8646 26.5862 -4.72165
0.219508 0 0.0163718 21.8646 26.5086 -4.64403
0.229486 0 0.0178743 21.8646 26.4278 -4.56321
0.239464 0 0.0194404 21.8646 26.3437 -4.47911
0.249441 0 0.0210695 21.8646 26.2563 -4.39168
0.259419 0 0.0227611 21.8646 26.1654 -4.30087
0.269397 0 0.024515 21.8646 26.0712 -4.20663
0.279374 0 0.0263304 21.8646 25.9735 -4.10889
0.289352 0 0.0282071 21.8646 25.8722 -4.00763
0.29933 0 0.0301444 21.8646 25.7673 -3.90279
0.309307 0 0.0321418 21.8645 25.6589 -3.79432
0.319285 0 0.0341987 21.8645 25.5467 -3.68219
0.329263 0 0.0363146 21.8645 25.4309 -3.56637
0.33924 0 0.0384889 21.8645 25.3113 -3.44681
0.349218 0 0.0407209 21.8645 25.188 -3.32348
0.359196 0 0.04301 21.8645 25.0609 -3.19637
0.369173 0 0.0453555 21.8645 24.93 -3.06546
0.379151 0 0.0477566 21.8645 24.7952 -2.93072
0.389128 0 0.0502128 21.8645 24.6567 -2.79214
0.399106 0 0.0527232 21.8645 24.5142 -2.64972
0.409084 0 0.0552871 21.8645 24.368 -2.50347
0.419061 0 0.0579037 21.8645 24.2179 -2.35338
0.429039 0 0.0605722 21.8645 24.064 -2.19946
0.439017 0 0.0632916 21.8645 23.9063 -2.04175
0.448994 0 0.0660613 21.8645 23.7448 -1.88026
0.458972 0 0.0688803 21.8645 23.5795 -1.71503
0.46895 0 0.0717476 21.8645 23.4106 -1.54609
0.478927 0 0.0746624 21.8645 23.238 -1.37351
0.488905 0 0.0776236 21.8645 23.0619 -1.19734
0.498883 0 0.0806305 21.8645 22.8822 -1.01763
0.50886 0 0.0836818 21.8645 22.6988 -0.834368
0.518838 0 0.0867766 21.8645 22.512 -0.647513
0.528816 0 0.0899139 21.8645 22.3219 -0.457375
0.538793 0 0.0930926 21.8645 22.1285 -0.264056
0.548771 0 0.0963117 21.8645 21.9322 -0.067666
0.558749 0 0.09957 21.8645 21.7328 0.131672
0.568726 0 0.102866 21.8645 21.5307 0.333829
0.578704 0 0.1062 21.8645 21.3259 0.538662
0.588682 0 0.109569 21.8645 21.1185 0.746024
0.598659 0 0.112973 21.8645 20.9088 0.955752
0.608637 0 0.11641 21.8645 20.6969 1.16768
0.618615 0 0.11988 21.8646 20.4829 1.38163
0.628592 0 0.12338 21.8646 20.2672 1.59741
0.63857 0 0.126911 21.8646 20.0498 1.81482
0.648547 0 0.13047 21.8646 19.8309 2.03367
0.658525 0 0.134057 21.8646 19.6109 2.25373
0.668503 0 0.13767 21.8646 19.3898 2.47479
0.67848 0 0.141307 21.8646 19.168 2.69662
0.688458 0 0.144969 21.8647 18.9457 2.91898
0.698436 0 0.148653 21.8647 18.723 3.14164
0.708413 0 0.152358 21.8647 18.5003 3.36434
0.718391 0 0.156083 21.8647 18.2779 3.58684
0.728369 0 0.159827 21.8647 18.0558 3.80889
0.738346 0 0.163588 21.8647 17.8345 4.03022
0.748324 0 0.167366 21.8647 17.6142 4.25059
0.758302 0 0.171158 21.8648 17.3951 4.46972
0.768279 0 0.174965 21.8648 17.1774 4.68736
0.778257 0 0.178784 21.8648 16.9616 4.90325
0.788235 0 0.182615 21.8648 16.7477 5.11713
0.798212 0 0.186455 21.8648 16.5361 5.32876
0.80819 0 0.190306 21.8648 16.327 5.53787
0.818168 0 0.194164 21.8649 16.1206 5.74423
0.828145 0 0.198029 21.8649 15.9173 5.94761
0.838123 0 0.2019 21.8649 15.7171 6.14776
0.848101 0 0.205776 21.8649 15.5204 6.34447
0.858078 0 0.209655 21.8649 15.3274 6.53751
0.868056 0 0.213537 21.8649 15.1382 6.7267
0.878034 0 0.217422 21.8649 14.9531 6.91184
0.888011 0 0.221307 21.865 14.7722 7.09274
0.897989 0 0.225191 21.865 14.5957 7.26924
0.907966 0 0.229075 21.865 14.4238 7.44119
0.917944 0 0.232957 21.865 14.2565 7.60843
0.927922 0 0.236837 21.865 14.0941 7.77085
0.937899 0 0.240713 21.8649 13.9366 7.92835
0.947877 0 0.244585 21.8649 13.784 8.08089
0.957855 0 0.248452 21.8649 13.6368 8.22817
0.967832 0 0.252313 21.8649 13.4948 8.37011
0.97781 0 0.256168 21.865 13.3582 8.50686
0.987788 0 0.260016 21.865 13.2267 8.63832
0.997765 0 0.263857 21.865 13.1006 8.76445
1.00774 0 0.26769 21.865 12.9798 8.88522
1.01772 0 0.271514 21.865 12.8644 9.00065
1.0277 0 0.27533 21.865 12.7543 9.11074
1.03768 0 0.279135 21.865 12.6495 9.21552
1.04765 0 0.282932 21.865 12.55 9.31503
1.05763 0 0.286717 21.865 12.4557 9.4093
1.06761 0 0.290492 21.865 12.3666 9.49841
1.07759 0 0.294257 21.865 12.2826 9.5824
1.08756 0 0.29801 21.865 12.2036 9.66136
1.09754 0 0.301751 21.865 12.1296 9.73536
1.10752 0 0.305481 21.865 12.0605 9.80448
1.1175 0 0.309199 21.865 11.9961 9.86882
1.12747 0 0.312905 21.865 11.9365 9.92846
1.13745 0 0.316599 21.9532 11.7745 10.1787
1.14743 0 0.320279 21.9532 11.51 10.4433
1.15741 0 0.323945 21.9533 11.2486 10.7047
1.16739 0 0.327594 21.9533 10.991 10.9623
1.17736 0 0.331226 21.9533 10.7378 11.2155
1.18734 0 0.334839 21.9534 10.4895 11.4638
1.19732 0 0.338432 21.9534 10.2469 11.7065
1.2073 0 0.342004 21.9534 10.0104 11.943
1.21727 0 0.345553 21.9535 9.78077 12.1727
1.22725 0 0.349078 21.9535 9.55861 12.3949
1.23723 0 0.352578 21.9536 9.34453 12.609
1.24721 0 0.356052 21.9536 9.13917 12.8144
1.25718 0 0.359499 21.9536 8.94314 13.0105
1.26716 0 0.362917 21.9537 8.75705 13.1966
1.27714 0 0.366307 21.9537 8.58147 13.3722
1.28712 0 0.369667 21.9537 8.41698 13.5368
1.29709 0 0.372997 21.9538 8.26411 13.6897
1.30707 0 0.376295 21.9538 8.12337 13.8304
1.31705 0 0.379561 21.9538 7.99525 13.9586
1.32703 0 0.382795 21.9538 7.88018 14.0737
1.33701 0 0.385996 21.9539 7.77857 14.1753
1.34698 0 0.389164 21.9539 7.69076 14.2631
1.35696 0 0.392298 21.9539 7.61708 14.3368
1.36694 0 0.395399 21.9539 7.55778 14.3961
1.37692 0 0.398466 21.9539 7.51307 14.4409
1.38689 0 0.401499 21.9539 7.48311 14.4708
1.39687 0 0.404498 21.9539 7.468 14.4859
1.40685 0 0.407463 21.9539 7.46779 14.4861
1.41683 0 0.410395 21.9539 7.48246 14.4715
1.4268 0 0.413295 21.9539 7.51196 14.442
1.43678 0 0.416161 21.9539 7.55615 14.3978
1.44676 0 0.418996 21.9539 7.61486 14.339
1.45674 0 0.421799 21.9539 7.68786 14.266
1.46672 0 0.424571 21.9539 7.77487 14.179
1.47669 0 0.427313 21.9538 7.87556 14.0783
1.48667 0 0.430026 21.9538 7.98956 13.9643
1.49665 0 0.432711 21.9538 8.11644 13.8373
1.50663 0 0.435369 21.9538 8.25575 13.698
1.5166 0 0.438 21.9537 8.407 13.5467
1.52658 0 0.440607 21.9537 8.56966 13.384
1.53656 0 0.443189 21.9536 8.74318 13.2105
1.54654 0 0.445749 21.9536 8.92699 13.0266
1.55651 0 0.448288 21.9536 9.1205 12.8331
1.56649 0 0.450806 21.9535 9.32309 12.6304
1.57647 0 0.453306 21.9535 9.53415 12.4194
1.58645 0 0.455789 21.9535 9.75305 12.2004
1.59642 0 0.458255 21.9534 9.97918 11.9742
1.6064 0 0.460708 21.9534 10.2119 11.7415
1.61638 0 0.463147 21.9533 10.4506 11.5028
1.62636 0 0.465576 22.0509 10.5419 11.509
1.63634 0 0.467993 22.0509 10.4833 11.5677
1.64631 0 0.470399 22.0509 10.4269 11.624
1.65629 0 0.472795 22.051 10.3734 11.6776
1.66627 0 0.475178 22.051 10.323 11.728
1.67625 0 0.47755 22.051 10.2763 11.7747
1.68622 0 0.479911 22.0511 10.2338 11.8173
1.6962 0 0.48226 22.0511 10.1959 11.8552
1.70618 0 0.484597 22.0511 10.163 11.8881
1.71616 0 0.486922 22.0511 10.1357 11.9154
1.72613 0 0.489235 22.0512 10.1144 11.9368
1.73611 0 0.491537 22.0512 10.0996 11.9516
1.74609 0 0.493826 22.102 10.0357 12.0663
1.75607 0 0.496103 22.102 9.92275 12.1793
1.76604 0 0.498368 22.102 9.81633 12.2857
1.77602 0 0.500619 22.1021 9.71693 12.3851
1.786 0 0.502856 22.1021 9.62502 12.4771
1.79598 0 0.505078 22.1021 9.54111 12.561
1.80596 0 0.507286 22.1022 9.46565 12.6365
1.81593 0 0.509478 22.1022 9.39908 12.7031
1.82591 0 0.511654 22.1022 9.34183 12.7604
1.83589 0 0.513815 22.1022 9.29429 12.8079
1.84587 0 0.515959 22.1022 9.25681 12.8454
1.85584 0 0.518087 22.1023 9.22974 12.8725
1.86582 0 0.520198 22.1023 9.21337 12.8889
1.8758 0 0.522293 22.1023 9.20795 12.8943
1.88578 0 0.524371 22.1023 9.21371 12.8886
1.89575 0 0.526432 22.1023 9.23083 12.8715
1.90573 0 0.528476 22.1023 9.25945 12.8429
1.91571 0 0.530505 22.1023 9.29968 12.8026
1.92569 0 0.532517 22.1023 9.35158 12.7507
1.93566 0 0.534513 22.1023 9.41517 12.6871
1.94564 0 0.536494 22.1023 9.49044 12.6119
1.95562 0 0.53846 22.1023 9.57732 12.525
1.9656 0 0.540411 22.1023 9.67572 12.4266
1.97558 0 0.542348 22.1023 9.78551 12.3168
1.98555 0 0.544272 22.1023 9.90652 12.1958
1.99553 0 0.546183 22.1109 9.99339 12.1175
2.00551 0 0.548082 22.1109 10.0461 12.0647
2.01549 0 0.549969 22.1108 10.1094 12.0015
2.02546 0 0.551845 22.1108 10.1827 11.9281
2.03544 0 0.55371 22.1108 10.2656 11.8452
2.04542 0 0.555565 22.1107 10.3575 11.7532
2.0554 0 0.55741 22.1107 10.458 11.6527
2.06537 0 0.559246 22.108 10.5425 11.5654
2.07535 0 0.561074 22.1079 10.6099 11.4981
2.08533 0 0.562894 22.1079 10.6829 11.425
2.09531 0 0.564707 22.1079 10.7611 11.3468
2.10528 0 0.566513 22.1078 10.8439 11.264
2.11526 0 0.568313 22.1078 10.9306 11.1772
2.12524 0 0.570108 22.1078 11.0208 11.0869
2.13522 0 0.571898 22.1077 11.1139 10.9938
2.1452 0 0.573684 22.1077 11.2094 10.8983
2.15517 0 0.575467 22.1077 11.3066 10.801
2.16515 0 0.577248 22.1076 11.4052 10.7024
2.17513 0 0.579027 22.1076 11.5046 10.6031
2.18511 0 0.580804 22.1076 11.6042 10.5033
2.19508 0 0.582582 22.1075 11.7038 10.4038
2.20506 0 0.584359 22.1086 11.795 10.3136
2.21504 0 0.586138 22.1086 11.8777 10.2309
2.22502 0 0.587918 22.1236 11.8717 10.2518
2.23499 0 0.5897 22.1236 11.7778 10.3458
2.24497 0 0.591483 22.2046 11.5886 10.6161
2.25495 0 0.593266 22.2047 11.306 10.8987
2.26493 0 0.595047 22.2047 11.0277 11.177
2.27491 0 0.596826 22.2047 10.754 11.4507
2.28488 0 0.5986 22.2047 10.4853 11.7194
2.29486 0 0.600369 22.2047 10.2218 11.9829
2.30484 0 0.602132 22.2048 9.96396 12.2408
2.31482 0 0.603886 22.2048 9.71192 12.4928
2.32479 0 0.605632 22.2048 9.46596 12.7388
2.33477 0 0.607367 22.2048 9.22632 12.9785
2.34475 0 0.609091 22.2048 8.99318 13.2116
2.35473 0 0.610803 22.2048 8.76673 13.4381
2.3647 0 0.612501 22.2048 8.5471 13.6577
2.37468 0 0.614185 22.2048 8.3344 13.8704
2.38466 0 0.615853 22.2048 8.12872 14.0761
2.39464 0 0.617506 22.2048 7.93011 14.2747
2.40461 0 0.619141 22.2048 7.73858 14.4662
2.41459 0 0.620758 22.2048 7.55414 14.6507
2.42457 0 0.622356 22.2048 7.37674 14.8281
2.43455 0 0.623935 22.2048 7.20632 14.9985
2.44453 0 0.625494 22.2048 7.04278 15.162
2.4545 0 0.627032 22.2048 6.88602 15.3187
2.46448 0 0.628549 22.2047 6.73589 15.4689
2.47446 0 0.630044 22.2047 6.59224 15.6125
2.48444 0 0.631516 22.2047 6.45488 15.7498
2.49441 0 0.632965 22.2047 6.32364 15.8811
2.50439 0 0.63439 22.2047 6.19832 16.0064
2.51437 0 0.635792 22.2047 6.0787 16.126
2.52435 0 0.637169 22.2046 5.96457 16.2401
2.53432 0 0.638521 22.2046 5.85574 16.3489
2.5443 0 0.639848 22.2046 5.75198 16.4526
2.55428 0 0.64115 22.2046 5.65311 16.5515
2.56426 0 0.642426 22.2046 5.55894 16.6456
2.57423 0 0.643675 22.2046 5.4693 16.7353
2.58421 0 0.644898 22.2621 5.29238 16.9697
2.59419 0 0.646094 22.2622 5.02938 17.2328
2.60417 0 0.64726 22.2622 4.77312 17.4891
2.61415 0 0.648396 22.2623 4.52442 17.7378
2.62412 0 0.649501 22.2623 4.28412 17.9782
2.6341 0 0.650572 22.2624 4.0531 18.2093
2.64408 0 0.65161 22.2624 3.83221 18.4302
2.65406 0 0.652611 22.2625 3.62234 18.6401
2.66403 0 0.653577 22.2625 3.42434 18.8382
2.67401 0 0.654505 22.2626 3.2391 19.0235
2.68399 0 0.655394 22.2626 3.06746 19.1952
2.69397 0 0.656244 22.2627 2.91024 19.3524
2.70394 0 0.657053 22.2627 2.76825 19.4945
2.71392 0 0.657821 22.2628 2.64225 19.6205
2.7239 0 0.658547 22.2628 2.53296 19.7298
2.73388 0 0.659231 22.2628 2.44107 19.8218
2.74385 0 0.659872 22.2629 2.36719 19.8957
2.75383 0 0.660469 22.2629 2.31188 19.951
2.76381 0 0.661023 22.2629 2.27563 19.9873
2.77379 0 0.661533 22.263 2.25885 20.0041
2.78377 0 0.661998 22.263 2.2619 20.0011
2.79374 0 0.66242 22.263 2.28501 19.978
2.80372 0 0.662798 22.263 2.32837 19.9346
2.8137 0 0.663132 22.263 2.39206 19.8709
2.82368 0 0.663423 22.2577 2.47063 19.787
2.83365 0 0.663671 22.2577 2.56429 19.6934
2.84363 0 0.663877 22.2576 2.67833 19.5793
2.85361 0 0.664041 22.2576 2.81247 19.4451
2.86359 0 0.664164 22.2576 2.96635 19.2912
2.87356 0 0.664248 22.2576 3.13951 19.118
2.88354 0 0.664292 22.2575 3.33141 18.9261
2.89352 0 0.664298 22.2575 3.54142 18.716
2.9035 0 0.664268 22.2574 3.76886 18.4886
2.91347 0 0.664201 22.1951 3.92017 18.275
2.92345 0 0.664101 22.1951 3.99196 18.2032
2.93343 0 0.663966 22.1951 4.07603 18.1191
2.94341 0 0.663797 22.1951 4.17217 18.0229
2.95339 0 0.663595 22.1951 4.28014 17.9149
2.96336 0 0.66336 22.1951 4.39971 17.7954
2.97334 0 0.663092 22.1951 4.53064 17.6644
2.98332 0 0.662793 22.195 4.67267 17.5224
2.9933 0 0.662463 22.195 4.82553 17.3695
3.00327 0 0.662102 22.195 4.98896 17.206
3.01325 0 0.661712 22.195 5.16268 17.0323
3.02323 0 0.661293 22.195 5.34642 16.8485
3.03321 0 0.660847 22.195 5.5399 16.6551
3.04318 0 0.660373 22.1949 5.74282 16.4521
3.05316 0 0.659874 22.1949 5.95491 16.24
3.06314 0 0.65935 22.1949 6.17586 16.019
3.07312 0 0.658802 22.1949 6.40538 15.7895
3.08309 0 0.658231 22.1949 6.64318 15.5517
3.09307 0 0.65764 22.1948 6.88894 15.3059
3.10305 0 0.657027 22.1948 7.14236 15.0525
3.11303 0 0.656396 22.1948 7.40313 14.7917
3.12301 0 0.655747 22.1948 7.67094 14.5239
3.13298 0 0.655082 22.1948 7.94545 14.2493
3.14296 0 0.654401 22.1948 8.22636 13.9684
3.15294 0 0.653707 22.1947 8.51331 13.6814
3.16292 0 0.653001 22.1947 8.80599 13.3887
3.17289 0 0.652283 22.1947 9.10405 13.0906
3.18287 0 0.651557 22.1947 9.40714 12.7875
3.19285 0 0.650823 22.1947 9.71492 12.4797
3.20283 0 0.650082 22.1946 10.027 12.1676
3.2128 0 0.649336 22.1946 10.3431 11.8515
3.22278 0 0.648587 22.1946 10.6628 11.5318
3.23276 0 0.647837 22.1946 10.9858 11.2088
3.24274 0 0.647086 22.1946 11.3116 10.883
3.25272 0 0.646337 22.1945 11.6399 10.5546
3.26269 0 0.645591 22.1945 11.9704 10.2241
3.27267 0 0.64485 22.1945 12.3027 9.89184
3.28265 0 0.644115 22.1945 12.6363 9.55815
3.29263 0 0.643388 22.1945 12.971 9.22342
3.3026 0 0.642671 22.1672 13.0883 9.07886
3.31258 0 0.641964 22.1672 12.9868 9.18032
3.32256 0 0.641267 22.1671 12.8833 9.28383
3.33254 0 0.640579 22.1671 12.7776 9.38955
3.34251 0 0.6399 22.1671 12.6695 9.49762
3.35249 0 0.639229 22.1671 12.559 9.60813
3.36247 0 0.638567 22.1456 12.4198 9.7258
3.37245 0 0.637911 22.1456 12.2521 9.89354
3.38242 0 0.637263 22.0804 12.004 10.0764
3.3924 0 0.63662 22.0805 11.6762 10.4042
3.40238 0 0.63598 22.0805 11.3479 10.7326
3.41236 0 0.635344 22.0805 11.0193 11.0612
3.42234 0 0.634707 22.0805 10.6907 11.3898
3.43231 0 0.63407 22.0805 10.3627 11.7179
3.44229 0 0.633429 22.0805 10.0354 12.0451
3.45227 0 0.632784 22.0806 9.70934 12.3712
3.46225 0 0.632133 22.0806 9.38489 12.6957
3.47222 0 0.631474 22.0806 9.06249 13.0181
3.4822 0 0.630805 22.0806 8.7426 13.338
3.49218 0 0.630124 22.0807 8.42569 13.655
3.50216 0 0.629431 22.0807 8.11227 13.9684
3.51213 0 0.628722 22.0807 7.80286 14.2779
3.52211 0 0.627997 22.0808 7.49799 14.5828
3.53209 0 0.627254 22.0808 7.19824 14.8825
3.54207 0 0.626491 22.0808 6.90418 15.1766
3.55204 0 0.625706 22.0809 6.6164 15.4645
3.56202 0 0.624898 22.0809 6.33551 15.7454
3.572 0 0.624065 22.0773 6.05719 16.0201
3.58198 0 0.623206 22.0774 5.78187 16.2955
3.59196 0 0.622319 22.0774 5.51515 16.5622
3.60193 0 0.621403 22.0774 5.25769 16.8197
3.61191 0 0.620455 22.0775 5.01014 17.0673
3.62189 0 0.619476 22.0775 4.77316 17.3044
3.63187 0 0.618462 22.0776 4.54739 17.5302
3.64184 0 0.617413 22.0776 4.33346 17.7441
3.65182 0 0.616328 22.0776 4.13201 17.9456
3.6618 0 0.615206 22.0777 3.94363 18.134
3.67178 0 0.614044 22.0777 3.76892 18.3088
3.68175 0 0.612843 22.0777 3.60842 18.4693
3.69173 0 0.611601 22.0778 3.46266 18.6151
3.70171 0 0.610318 22.0778 3.33212 18.7457
3.71169 0 0.608992 22.0778 3.21727 18.8605
3.72166 0 0.607622 22.0778 3.11849 18.9593
3.73164 0 0.606209 22.0779 3.03614 19.0417
3.74162 0 0.604751 22.0779 2.97052 19.1073
3.7516 0 0.603248 22.0779 2.92189 19.156
3.76158 0 0.6017 22.0779 2.89043 19.1875
3.77155 0 0.600107 22.0779 2.87627 19.2016
3.78153 0 0.598467 22.0779 2.87949 19.1984
3.79151 0 0.596782 22.0779 2.90007 19.1778
3.80149 0 0.595052 22.0779 2.93798 19.1399
3.81146 0 0.593275 22.0779 2.99309 19.0848
3.82144 0 0.591453 22.0779 3.06522 19.0126
3.83142 0 0.589586 22.0778 3.15412 18.9237
3.8414 0 0.587675 22.0778 3.25949 18.8183
3.85137 0 0.585719 22.0778 3.38097 18.6968
3.86135 0 0.58372 22.0778 3.51815 18.5596
3.87133 0 0.581678 22.0777 3.67056 18.4072
3.88131 0 0.579593 22.0777 3.8377 18.24
3.89128 0 0.577468 22.0777 4.01902 18.0586
3.90126 0 0.575303 22.0776 4.21391 17.8637
3.91124 0 0.573098 22.0776 4.42177 17.6558
3.92122 0 0.570855 22.0775 4.64194 17.4356
3.9312 0 0.568576 22.0775 4.87375 17.2037
3.94117 0 0.56626 22.0774 5.11651 16.9609
3.95115 0 0.563911 22.0774 5.3695 16.7079
3.96113 0 0.561528 22.0774 5.63204 16.4453
3.97111 0 0.559114 22.0773 5.90338 16.1739
3.98108 0 0.556669 22.0773 6.18284 15.8944
3.99106 0 0.554196 22.0772 6.46969 15.6075
4.00104 0 0.551695 22.0772 6.76324 15.314
4.01102 0 0.549169 22.0772 7.06282 15.0143
4.02099 0 0.546619 22.0771 7.36774 14.7094
4.03097 0 0.544047 22.0771 7.67736 14.3997
4.04095 0 0.541453 22.077 7.99106 14.086
4.05093 0 0.53884 22.077 8.30824 13.7688
4.0609 0 0.53621 22.077 8.62832 13.4487
4.07088 0 0.533564 22.077 8.95076 13.1262
4.08086 0 0.530903 22.0769 9.27504 12.8019
4.09084 0 0.52823 22.0769 9.60066 12.4762
4.10082 0 0.525546 22.0769 9.92717 12.1497
4.11079 0 0.522853 22.0769 10.2541 11.8227
4.12077 0 0.520152 22.0805 10.5477 11.5328
4.13075 0 0.517445 22.0805 10.8087 11.2718
4.14073 0 0.514734 22.0804 11.0706 11.0098
4.1507 0 0.512018 22.0804 11.3332 10.7473
4.16068 0 0.5093 22.0804 11.5959 10.4845
4.17066 0 0.506581 22.0804 11.8586 10.2218
4.18064 0 0.503863 22.0804 12.121 9.95943
4.19061 0 0.501145 22.0804 12.3826 9.69775
4.20059 0 0.498431 22.0804 12.6434 9.43698
4.21057 0 0.49572 22.0804 12.903 9.17734
4.22055 0 0.493014 22.0804 13.1613 8.91903
4.23053 0 0.490315 22.0804 13.4181 8.66222
4.2405 0 0.487623 22.0804 13.6733 8.40707
4.25048 0 0.48494 22.0804 13.9266 8.15373
4.26046 0 0.482266 22.0804 14.1781 7.9023
4.27044 0 0.479604 22.0804 14.4275 7.65289
4.28041 0 0.476953 22.0803 14.6742 7.40617
4.29039 0 0.474316 22.0803 14.9181 7.16223
4.30037 0 0.471693 22.0803 15.1598 6.92052
4.31035 0 0.469085 22.0803 15.3992 6.68109
4.32032 0 0.466494 22.0803 15.6364 6.44399
4.3303 0 0.46392 22.0803 15.8711 6.20926
4.34028 0 0.461364 22.0192 16.0036 6.01555
4.35026 0 0.458828 22.0192 16.0315 5.98771
4.36023 0 0.456311 22.0192 16.0523 5.9669
4.37021 0 0.453813 22.0192 16.0665 5.95276
4.38019 0 0.451334 22.0193 16.0744 5.94491
4.39017 0 0.448873 21.9995 15.9764 6.02308
4.40015 0 0.44643 21.9995 15.7757 6.22382
4.41012 0 0.444004 21.9995 15.5751 6.42448
4.4201 0 0.441593 21.9996 15.3748 6.62476
4.43008 0 0.439196 21.9996 15.1752 6.82435
4.44006 0 0.436813 21.9996 14.9767 7.02291
4.45003 0 0.434441 21.9996 14.7795 7.2201
4.46001 0 0.432079 21.9996 14.5841 7.41552
4.46999 0 0.429727 21.9997 14.3909 7.6088
4.47997 0 0.427382 21.9997 14.2002 7.79951
4.48994 0 0.425044 21.9997 14.0125 7.98722
4.49992 0 0.422712 21.9998 13.8283 8.17148
4.5099 0 0.420384 21.9998 13.648 8.35183
4.51988 0 0.418059 21.9998 13.472 8.5278
4.52985 0 0.415735 21.9998 13.3009 8.69891
4.53983 0 0.413413 21.9999 13.1352 8.86467
4.54981 0 0.411089 21.9999 12.9753 9.02458
4.55979 0 0.408764 21.9999 12.8218 9.17816
4.56977 0 0.406436 22 12.6751 9.3249
4.57974 0 0.404104 22 12.5357 9.46433
4.58972 0 0.401767 22 12.4041 9.59597
4.5997 0 0.399423 22.0001 12.2807 9.71936
4.60968 0 0.397073 22.0001 12.166 9.83405
4.61965 0 0.394715 22.0001 12.0605 9.93962
4.62963 0 0.392349 22.0001 11.9645 10.0357
4.63961 0 0.389972 22.0002 11.8783 10.1218
4.64959 0 0.387586 22.0002 11.8025 10.1977
4.65956 0 0.385188 22.0002 11.7371 10.2631
4.66954 0 0.382779 22.0188 11.6531 10.3657
4.67952 0 0.380358 22.0188 11.551 10.4678
4.6895 0 0.377923 22.0192 11.4605 10.5588
4.69947 0 0.375474 22.0193 11.3817 10.6375
4.70945 0 0.373011 22.0193 11.3153 10.704
4.71943 0 0.370532 22.0193 11.2612 10.758
4.72941 0 0.368038 22.0193 11.2197 10.7996
4.73939 0 0.365527 22.0193 11.1905 10.8287
4.74936 0 0.363 22.0192 11.1737 10.8456
4.75934 0 0.360456 22.0192 11.1691 10.8502
4.76932 0 0.357896 22.0192 11.1765 10.8427
4.7793 0 0.355318 22.0192 11.1957 10.8235
4.78927 0 0.352722 22.0192 11.2265 10.7927
4.79925 0 0.35011 22.0192 11.2685 10.7506
4.80923 0 0.347481 22.0191 11.3214 10.6977
4.81921 0 0.344834 22.0191 11.3847 10.6344
4.82918 0 0.342172 22.0191 11.4581 10.5609
4.83916 0 0.339492 22.0191 11.5412 10.4779
4.84914 0 0.336797 22.019 11.6333 10.3857
4.85912 0 0.334087 22.019 11.7341 10.2849
4.86909 0 0.331361 22.019 11.843 10.176
4.87907 0 0.328621 22.0189 11.9595 10.0595
4.88905 0 0.325867 22.0189 12.083 9.93585
4.89903 0 0.3231 22.0189 12.2131 9.80572
4.90901 0 0.32032 22.0188 12.3492 9.66959
4.91898 0 0.317528 22.0188 12.4908 9.52798
4.92896 0 0.314726 22.0188 12.6373 9.38144
4.93894 0 0.311913 22.0187 12.7883 9.23047
4.94892 0 0.30909 22.0187 12.9431 9.07557
4.95889 0 0.306259 22.0187 13.1014 8.91723
4.96887 0 0.303419 22.0186 13.2627 8.75591
4.97885 0 0.300573 22.0186 13.4265 8.59207
4.98883 0 0.297721 22.0186 13.5925 8.42612
4.9988 0 0.294863 22.0186 13.7601 8.25846
5.00878 0 0.292001 22.0186 13.9291 8.08948
5.01876 0 0.289136 22.0187 14.0984 7.92026
5.02874 0 0.286268 22.0187 14.2679 7.75083
5.03872 0 0.283398 21.9858 14.3166 7.6692
5.04869 0 0.280527 21.9858 14.2478 7.73802
5.05867 0 0.277654 21.9858 14.1853 7.80053
5.06865 0 0.274778 21.9858 14.1294 7.8564
5.07863 0 0.271899 21.9858 14.0805 7.90532
5.0886 0 0.269015 21.9859 14.0389 7.94697
5.09858 0 0.266128 21.9859 14.0048 7.98107
5.10856 0 0.263235 21.9859 13.9785 8.00735
5.11854 0 0.260337 21.9859 13.9604 8.02554
5.12851 0 0.257433 21.9859 13.9505 8.03541
5.13849 0 0.254523 21.9859 13.9492 8.03676
5.14847 0 0.251607 21.9859 13.9565 8.0294
5.15845 0 0.248684 21.986 13.9728 8.01317
5.16842 0 0.245755 21.986 13.998 7.98794
5.1784 0 0.242819 21.986 14.0324 7.9536
5.18838 0 0.239876 21.986 14.0759 7.91009
5.19836 0 0.236926 21.986 14.1286 7.85737
5.20834 0 0.23397 21.986 14.1905 7.79543
5.21831 0 0.231008 21.986 14.2617 7.72429
5.22829 0 0.228039 21.986 14.342 7.644
5.23827 0 0.225065 21.9859 14.4313 7.55465
5.24825 0 0.222085 21.9859 14.5296 7.45636
5.25822 0 0.2191 21.9859 14.6366 7.34928
5.2682 0 0.216111 21.9859 14.7523 7.23358
5.27818 0 0.213117 21.9859 14.8764 7.10948
5.28816 0 0.21012 21.9859 15.0087 6.97721
5.29813 0 0.207121 21.9859 15.1488 6.83702
5.30811 0 0.20412 21.9858 15.2966 6.6892
5.31809 0 0.201117 21.9858 15.4518 6.53406
5.32807 0 0.198115 21.9858 15.6139 6.37193
5.33804 0 0.195113 21.9858 15.7826 6.20315
5.34802 0 0.192113 21.9857 15.9577 6.02809
5.358 0 0.189115 21.9857 16.1386 5.84712
5.36798 0 0.186121 21.9857 16.3251 5.66063
5.37796 0 0.183132 21.9857 16.5166 5.46903
5.38793 0 0.180149 21.9856 16.7129 5.27271
5.39791 0 0.177172 21.9856 16.9135 5.07209
5.40789 0 0.174204 21.9856 17.118 4.86759
5.41787 0 0.171246 21.9856 17.3259 4.65963
5.42784 0 0.168298 21.9855 17.5369 4.44862
5.43782 0 0.165362 21.9855 17.7505 4.23497
5.4478 0 0.16244 21.9855 17.9664 4.0191
5.45778 0 0.159532 21.9855 18.1841 3.80141
5.46775 0 0.15664 21.9854 18.4031 3.5823
5.47773 0 0.153765 21.9854 18.6233 3.36215
5.48771 0 0.150909 21.9854 18.844 3.14135
5.49769 0 0.148073 21.9854 19.0651 2.92026
5.50766 0 0.145258 21.9854 19.2861 2.69923
5.51764 0 0.142465 21.9853 19.5067 2.4786
5.52762 0 0.139697 21.9853 19.7266 2.2587
5.5376 0 0.136954 21.9853 19.9455 2.03984
5.54758 0 0.134237 21.9853 20.163 1.82232
5.55755 0 0.131548 21.9853 20.3788 1.60642
5.56753 0 0.128889 21.9852 20.5928 1.3924
5.57751 0 0.12626 21.9852 20.8047 1.18052
5.58749 0 0.123663 21.9852 21.0142 0.971002
5.59746 0 0.121099 21.9852 21.2211 0.764066
5.60744 0 0.118569 21.982 21.4193 0.562777
5.61742 0 0.116075 21.982 21.6087 0.373307
5.6274 0 0.113617 21.982 21.7956 0.186456
5.63737 0 0.111198 21.982 21.9796 0.00239682
5.64735 0 0.108817 21.982 22.1607 -0.178714
5.65733 0 0.106475 21.982 22.3387 -0.356733
5.66731 0 0.104175 21.982 22.5135 -0.531534
5.67728 0 0.101917 21.982 22.685 -0.703001
5.68726 0 0.0997021 21.982 22.853 -0.871034
5.69724 0 0.097531 21.982 23.0175 -1.03555
5.70722 0 0.0954048 21.982 23.1784 -1.19646
5.7172 0 0.0933245 21.982 23.3357 -1.35372
5.72717 0 0.091291 21.982 23.4892 -1.50726
5.73715 0 0.0893051 21.982 23.639 -1.65705
5.74713 0 0.0873678 21.982 23.785 -1.80305
5.75711 0 0.0854798 21.982 23.9272 -1.94525
5.76708 0 0.083642 21.982 24.0656 -2.08363
5.77706 0 0.0818551 21.982 24.2002 -2.21818
5.78704 0 0.0801199 21.982 24.3309 -2.34891
5.79702 0 0.0784371 21.9664 24.442 -2.47558
5.80699 0 0.0768074 21.9664 24.5332 -2.56675
5.81697 0 0.0752312 21.9664 24.6199 -2.65348
5.82695 0 0.0737092 21.9664 24.7022 -2.73577
5.83693 0 0.0722418 21.9664 24.7801 -2.81362
5.8469 0 0.0708293 21.9664 24.8535 -2.88704
5.85688 0 0.0694723 21.9664 24.9225 -2.95604
5.86686 0 0.0681711 21.9436 24.9568 -3.01319
5.87684 0 0.0669259 21.9436 24.9566 -3.01307
5.88682 0 0.0657368 21.9436 24.9528 -3.00923
5.89679 0 0.0646037 21.9436 24.9453 -3.0017
5.90677 0 0.0635265 21.9436 24.9341 -2.9905
5.91675 0 0.0625052 21.9436 24.9193 -2.97567
5.92673 0 0.0615398 21.9436 24.9008 -2.95725
5.9367 0 0.0606299 21.9436 24.8788 -2.93526
5.94668 0 0.0597756 21.949 24.847 -2.89801
5.95666 0 0.0589766 21.949 24.806 -2.85698
5.96664 0 0.0582326 21.949 24.7627 -2.81369
5.97661 0 0.0575434 21.949 24.7171 -2.76814
5.98659 0 0.0569087 21.949 24.6693 -2.72032
5.99657 0 0.0563282 21.949 24.6192 -2.67024
6.00655 0 0.0558015 21.949 24.5669 -2.61791
6.01653 0 0.0553283 21.949 24.5123 -2.56333
6.0265 0 0.0549084 21.949 24.4555 -2.50652
6.03648 0 0.0545412 21.949 24.3965 -2.44751
6.04646 0 0.0542264 21.949 24.3353 -2.38632
6.05644 0 0.0539637 21.949 24.272 -2.32298
6.06641 0 0.0537526 21.949 24.2065 -2.25752
6.07639 0 0.0535927 21.949 24.139 -2.19
6.08637 0 0.0534835 21.949 24.0695 -2.12045
6.09635 0 0.0534246 21.949 23.9979 -2.04893
6.10632 0 0.0534155 21.949 23.9245 -1.9755
6.1163 0 0.0534558 21.949 23.8492 -1.90022
6.12628 0 0.0535448 21.949 23.7722 -1.82315
6.13626 0 0.0536822 21.949 23.6934 -1.74438
6.14623 0 0.0538673 21.949 23.613 -1.66399
6.15621 0 0.0540997 21.949 23.5311 -1.58205
6.16619 0 0.0543788 21.949 23.4477 -1.49867
6.17617 0 0.0547039 21.9491 23.363 -1.41394
6.18615 0 0.0550746 21.9491 23.277 -1.32796
6.19612 0 0.0554903 21.9491 23.1899 -1.24085
6.2061 0 0.0559503 21.9491 23.1018 -1.15272
6.21608 0 0.0564541 21.9491 23.0128 -1.06368
6.22606 0 0.0570011 21.9543 22.9161 -0.961801
6.23603 0 0.0575905 21.9543 22.8117 -0.857418
6.24601 0 0.0582218 21.9524 22.7038 -0.751471
6.25599 0 0.0588943 21.9524 22.5927 -0.64029
6.26597 0 0.0596071 21.9524 22.481 -0.528591
6.27594 0 0.0603597 21.9524 22.3689 -0.416496
6.28592 0 0.0611513 21.9524 22.2565 -0.304133
6.2959 0 0.0619811 21.9524 22.144 -0.191636
6.30588 0 0.0628486 21.9524 22.0316 -0.0791371
6.31585 0 0.0637529 21.9524 21.9192 0.0332246
6.32583 0 0.0646933 21.9524 21.8071 0.145309
6.33581 0 0.0656691 21.9524 21.6955 0.256974
6.34579 0 0.0666797 21.9525 21.5844 0.368075
6.35577 0 0.0677242 21.9525 21.474 0.478467
6.36574 0 0.0688021 21.9525 21.3645 0.588002
6.37572 0 0.0699125 21.9525 21.2559 0.696536
6.3857 0 0.0710549 21.9525 21.1486 0.803919
6.39568 0 0.0722285 21.9525 21.0425 0.910006
6.40565 0 0.0734327 21.9525 20.9379 1.01465
6.41563 0 0.0746668 21.9525 20.8348 1.11771
6.42561 0 0.0759302 21.9525 20.7335 1.21905
6.43559 0 0.0772222 21.9525 20.634 1.31852
6.44556 0 0.0785422 21.9525 20.5366 1.41599
6.45554 0 0.0798897 21.9525 20.4412 1.51132
6.46552 0 0.081264 21.9526 20.3482 1.6044
6.4755 0 0.0826646 21.9526 20.2575 1.69509
6.48547 0 0.0840909 21.9526 20.1693 1.78328
6.49545 0 0.0855424 21.9526 20.0837 1.86886
6.50543 0 0.0870186 21.9526 20.0009 1.95173
6.51541 0 0.088519 21.9526 19.9208 2.03177
6.52539 0 0.0900431 21.9526 19.8437 2.10891
6.53536 0 0.0915906 21.9526 19.7695 2.18306
6.54534 0 0.0931609 21.9526 19.6985 2.25415
6.55532 0 0.0947538 21.9526 19.6305 2.3221
6.5653 0 0.0963687 21.9526 19.5657 2.38686
6.57527 0 0.0980055 21.9526 19.5042 2.44838
6.58525 0 0.0996637 21.9526 19.446 2.50662
6.59523 0 0.101343 21.9526 19.3911 2.56155
6.60521 0 0.103043 21.9526 19.3395 2.61314
6.61518 0 0.104764 21.9529 19.2892 2.66373
6.62516 0 0.106505 21.9529 19.2403 2.71267
6.63514 0 0.108267 21.9529 19.1947 2.75821
6.64512 0 0.110049 21.9529 19.1525 2.80037
6.65509 0 0.11185 21.9529 19.1137 2.83918
6.66507 0 0.113671 21.9529 19.0782 2.87468
6.67505 0 0.115512 21.9529 19.046 2.90691
6.68503 0 0.117372 21.9529 19.017 2.93593
6.69501 0 0.119252 21.9529 18.9911 2.96179
6.70498 0 0.121152 21.9529 18.9683 2.98458
6.71496 0 0.123071 21.9529 18.9485 3.00436
6.72494 0 0.125009 21.9529 18.9317 3.02121
6.73492 0 0.126967 21.9529 18.9177 3.03522
6.74489 0 0.128944 21.9529 18.9064 3.04648
6.75487 0 0.130942 21.9529 18.8978 3.05508
6.76485 0 0.132958 21.9529 18.8917 3.06112
6.77483 0 0.134995 21.9528 18.8881 3.06471
6.7848 0 0.137052 21.9528 18.8869 3.06593
6.79478 0 0.139128 21.9528 18.8879 3.0649
6.80476 0 0.141225 21.9528 18.8911 3.06171
6.81474 0 0.143342 21.9528 18.8963 3.05648
6.82472 0 0.14548 21.9528 18.9035 3.04929
6.83469 0 0.147639 21.9795 18.8528 3.12672
6.84467 0 0.149818 21.9795 18.7435 3.23604
6.85465 0 0.152017 21.9795 18.6343 3.34525
6.86463 0 0.154235 21.9795 18.5252 3.45428
6.8746 0 0.156472 21.9795 18.4165 3.56306
6.88458 0 0.158728 21.9795 18.308 3.67147
6.89456 0 0.161001 21.9795 18.2001 3.77941
6.90454 0 0.163292 21.9795 18.0928 3.88676
6.91451 0 0.165599 21.9805 17.9833 3.99711
6.92449 0 0.167923 21.9805 17.872 4.1085
6.93447 0 0.170262 21.9805 17.7616 4.21891
6.94445 0 0.172616 21.9805 17.6523 4.32816
6.95442 0 0.174984 21.9805 17.5445 4.43604
6.9644 0 0.177367 21.9805 17.4382 4.54232
6.97438 0 0.179762 21.9805 17.3337 4.6468
6.98436 0 0.182171 21.9805 17.2313 4.74922
6.99434 0 0.184592 21.9806 17.1312 4.84936
7.00431 0 0.187024 21.9806 17.0336 4.94695
7.01429 0 0.189468 21.9806 16.9388 5.04174
7.02427 0 0.191923 21.9806 16.8471 5.13347
7.03425 0 0.194388 21.9806 16.7587 5.22187
7.04422 0 0.196862 21.9806 16.674 5.30669
7.0542 0 0.199347 21.9807 16.593 5.38764
7.06418 0 0.20184 21.9807 16.5162 5.46447
7.07416 0 0.204341 21.9807 16.4438 5.53691
7.08413 0 0.206852 21.9807 16.376 5.60471
7.09411 0 0.209369 21.9807 16.3131 5.66762
7.10409 0 0.211895 21.9807 16.2553 5.7254
7.11407 0 0.214428 21.9807 16.2029 5.77783
7.12404 0 0.216968 21.9808 16.1561 5.82468
7.13402 0 0.219515 21.9808 16.115 5.86575
7.144 0 0.222068 21.9504 16.0237 5.92669
7.15398 0 0.224628 21.9504 15.8814 6.06896
7.16396 0 0.227194 21.9504 15.7444 6.20602
7.17393 0 0.229764 21.9504 15.6126 6.33776
7.18391 0 0.232339 21.9504 15.4863 6.46405
7.19389 0 0.234917 21.9504 15.3656 6.58482
7.20387 0 0.237498 21.9504 15.2504 6.69999
7.21384 0 0.240082 21.9504 15.1409 6.80953
7.22382 0 0.242668 21.9504 15.037 6.9134
7.2338 0 0.245255 21.9504 14.9388 7.01161
7.24378 0 0.247842 21.9504 14.8462 7.10419
7.25375 0 0.250431 21.9504 14.7592 7.19117
7.26373 0 0.253019 21.9504 14.6778 7.27263
7.27371 0 0.255608 21.9504 14.6017 7.34865
7.28369 0 0.258196 21.9504 14.531 7.41933
7.29366 0 0.260783 21.9504 14.4655 7.48482
7.30364 0 0.263369 21.9503 14.4051 7.54525
7.31362 0 0.265954 21.9503 14.3496 7.60078
7.3236 0 0.268538 21.9503 14.2987 7.65159
7.33358 0 0.27112 21.9503 14.2524 7.69789
7.34355 0 0.2737 21.9503 14.2104 7.73986
7.35353 0 0.276279 21.9503 14.1725 7.77773
7.36351 0 0.278856 21.9503 14.1385 7.81173
7.37349 0 0.281431 21.9502 14.1082 7.84208
7.38346 0 0.284005 21.9502 14.0812 7.86901
7.39344 0 0.286576 21.9502 14.0574 7.89278
7.40342 0 0.289146 21.9502 14.0366 7.91361
7.4134 0 0.291714 21.9502 14.0184 7.93176
7.42337 0 0.29428 21.9502 14.0027 7.94744
7.43335 0 0.296844 21.9501 13.9892 7.9609
7.44333 0 0.299407 21.9501 13.9778 7.97236
7.45331 0 0.301968 21.9501 13.9681 7.98203
7.46328 0 0.304527 22.0363 13.8615 8.17477
7.47326 0 0.307085 22.0363 13.6552 8.38108
7.48324 0 0.309639 22.0363 13.4451 8.59117
7.49322 0 0.312189 22.0363 13.2313 8.80499
7.5032 0 0.314733 22.0363 13.0138 9.02246
7.51317 0 0.317271 22.0363 12.7928 9.2435
7.52315 0 0.319801 22.0363 12.5683 9.46797
7.53313 0 0.322322 22.0363 12.3406 9.6957
7.54311 0 0.324833 22.0363 12.1098 9.92649
7.55308 0 0.327333 22.0363 11.8762 10.1601
7.56306 0 0.32982 22.0363 11.64 10.3963
7.57304 0 0.332294 22.0363 11.4015 10.6348
7.58302 0 0.334752 22.0364 11.1611 10.8753
7.59299 0 0.337193 22.0364 10.9191 11.1173
7.60297 0 0.339617 22.0364 10.6759 11.3605
7.61295 0 0.342022 22.0364 10.432 11.6044
7.62293 0 0.344406 22.0365 10.1878 11.8487
7.6329 0 0.346768 22.0365 9.94384 12.0926
7.64288 0 0.349107 22.0365 9.70065 12.3359
7.65286 0 0.351421 22.0366 9.4588 12.5778
7.66284 0 0.353709 22.0366 9.21887 12.8177
7.67282 0 0.355969 22.0366 8.98149 13.0551
7.68279 0 0.358201 22.0367 8.74732 13.2893
7.69277 0 0.360402 22.0367 8.51703 13.5197
7.70275 0 0.362572 22.0367 8.29131 13.7454
7.71273 0 0.364709 22.0368 8.07088 13.9659
7.7227 0 0.366811 22.0368 7.85646 14.1804
7.73268 0 0.368878 22.0369 7.6488 14.3881
7.74266 0 0.370909 22.0369 7.44864 14.5883
7.75264 0 0.372901 22.037 7.25674 14.7802
7.76261 0 0.374854 22.037 7.07385 14.9632
7.77259 0 0.376767 22.0371 6.90071 15.1363
7.78257 0 0.378639 22.0371 6.73806 15.299
7.79255 0 0.380468 22.0371 6.58661 15.4505
7.80253 0 0.382255 22.0372 6.44708 15.5901
7.8125 0 0.383997 22.0372 6.32012 15.7171
7.82248 0 0.385694 22.0373 6.20638 15.8309
7.83246 0 0.387346 22.0373 6.10646 15.9308
7.84244 0 0.388952 22.0373 6.02092 16.0164
7.85241 0 0.390511 22.0374 5.95028 16.0871
7.86239 0 0.392023 22.0374 5.89501 16.1424
7.87237 0 0.393487 22.0374 5.85549 16.1819
7.88235 0 0.394904 22.0374 5.83209 16.2053
7.89232 0 0.396273 22.0374 5.82508 16.2123
7.9023 0 0.397595 22.0374 5.83468 16.2028
7.91228 0 0.398868 22.0374 5.86103 16.1764
7.92226 0 0.400094 22.0374 5.9042 16.1332
7.93223 0 0.401273 22.0374 5.9642 16.0732
7.94221 0 0.402404 22.0374 6.04096 15.9965
7.95219 0 0.40349 22.0374 6.13432 15.9031
7.96217 0 0.404529 22.0374 6.24409 15.7933
7.97215 0 0.405524 22.0404 6.36553 15.6749
7.98212 0 0.406474 22.0404 6.49817 15.5422
7.9921 0 0.40738 22.0403 6.64599 15.3943
8.00208 0 0.408245 22.0403 6.80851 15.2318
8.01206 0 0.409068 22.0403 6.98521 15.0551
8.02203 0 0.40985 22.0402 7.17549 14.8647
8.03201 0 0.410594 22.0402 7.37872 14.6615
8.04199 0 0.4113 22.0401 7.59425 14.4459
8.05197 0 0.41197 22.0401 7.82136 14.2187
8.06194 0 0.412605 22.0401 8.0593 13.9808
8.07192 0 0.413206 22.04 8.30733 13.7327
8.0819 0 0.413776 22.04 8.56465 13.4753
8.09188 0 0.414316 22.0399 8.83047 13.2094
8.10185 0 0.414828 22.0399 9.10398 12.9359
8.11183 0 0.415312 22.0398 9.38437 12.6555
8.12181 0 0.415773 22.0398 9.67082 12.3689
8.13179 0 0.41621 22.0397 9.96254 12.0772
8.14177 0 0.416626 22.0397 10.2587 11.781
8.15174 0 0.417022 22.0396 10.5586 11.481
8.16172 0 0.417401 22.0396 10.8614 11.1782
8.1717 0 0.417765 22.0396 11.1663 10.8732
8.18168 0 0.418115 22.0395 11.4727 10.5668
8.19165 0 0.418453 22.0395 11.7799 10.2596
8.20163 0 0.418781 22.0394 12.0871 9.95231
8.21161 0 0.419102 22.0394 12.3938 9.6456
8.22159 0 0.419416 22.0394 12.6993 9.34005
8.23156 0 0.419726 22.0394 13.0031 9.03625
8.24154 0 0.420033 22.0393 13.3046 8.73473
8.25152 0 0.42034 22.0393 13.6033 8.436
8.2615 0 0.420648 22.0393 13.8987 8.14055
8.27147 0 0.420959 22.1414 14.0418 8.09968
8.28145 0 0.421273 22.1415 14.0295 8.11194
8.29143 0 0.42159 22.1415 14.0076 8.13393
8.30141 0 0.42191 22.1415 13.9763 8.16526
8.31139 0 0.422233 22.1416 13.9361 8.20545
8.32136 0 0.422558 22.1416 13.8877 8.25393
8.33134 0 0.422884 22.0958 13.697 8.39882
8.34132 0 0.423211 22.0959 13.3679 8.72802
8.3513 0 0.423536 22.096 13.0381 9.05782
8.36127 0 0.423858 22.096 12.7089 9.38711
8.37125 0 0.424174 22.0961 12.3814 9.71469
8.38123 0 0.424481 22.1239 12.0256 10.0984
8.39121 0 0.424778 22.124 11.6441 10.4799
8.40118 0 0.425063 22.1241 11.2701 10.854
8.41116 0 0.425332 22.1241 10.9048 11.2193
8.42114 0 0.425584 22.1242 10.5495 11.5747
8.43112 0 0.425817 22.1243 10.2054 11.9189
8.44109 0 0.426028 22.1244 9.87375 12.2506
8.45107 0 0.426215 22.1244 9.55582 12.5686
8.46105 0 0.426377 22.1237 9.25194 12.8717
8.47103 0 0.426511 22.1237 8.96331 13.1604
8.48101 0 0.426615 22.1238 8.69197 13.4318
8.49098 0 0.426688 22.1239 8.43902 13.6849
8.50096 0 0.426729 22.1239 8.20548 13.9184
8.51094 0 0.426736 22.124 7.99232 14.1317
8.52092 0 0.426707 22.124 7.80041 14.3236
8.53089 0 0.426641 22.1241 7.63054 14.4935
8.54087 0 0.426537 22.1241 7.48339 14.6407
8.55085 0 0.426395 22.1241 7.35954 14.7646
8.56083 0 0.426213 22.1242 7.25946 14.8647
8.5708 0 0.425991 22.1242 7.1835 14.9407
8.58078 0 0.425729 22.1242 7.13188 14.9923
8.59076 0 0.425426 22.1242 7.10471 15.0195
8.60074 0 0.425082 22.1242 7.10197 15.0222
8.61072 0 0.424697 22.1242 7.12351 15.0006
8.62069 0 0.424272 22.1241 7.16908 14.955
8.63067 0 0.423806 22.1241 7.23827 14.8858
8.64065 0 0.4233 22.1241 7.33061 14.7934
8.65063 0 0.422755 22.124 7.44547 14.6785
8.6606 0 0.422172 22.124 7.58215 14.5418
8.67058 0 0.421551 22.1239 7.73986 14.3841
8.68056 0 0.420894 22.1238 7.91769 14.2062
8.69054 0 0.420201 22.1238 8.11469 14.0091
8.70051 0 0.419475 22.1237 8.32984 13.7939
8.71049 0 0.418716 22.1236 8.56204 13.5616
8.72047 0 0.417926 22.1236 8.81018 13.3134
8.73045 0 0.417107 22.1235 9.07308 13.0504
8.74042 0 0.416261 22.0964 9.29613 12.8003
8.7504 0 0.415388 22.0964 9.4741 12.6223
8.76038 0 0.41449 22.0963 9.65785 12.4384
8.77036 0 0.413569 22.0962 9.84632 12.2499
8.78034 0 0.412626 22.0962 10.0385 12.0577
8.79031 0 0.411662 22.0961 10.2333 11.8628
8.80029 0 0.410678 22.0961 10.4297 11.6663
8.81027 0 0.409677 22.096 10.6269 11.4691
8.82025 0 0.408658 22.0959 10.8238 11.2721
8.83022 0 0.407624 21.9355 10.8197 11.1158
8.8402 0 0.406575 21.9355 10.616 11.3196
8.85018 0 0.40551 21.9355 10.4144 11.5211
8.86016 0 0.404427 21.9356 10.2156 11.72
8.87013 0 0.403326 21.9356 10.0197 11.9159
8.88011 0 0.402204 21.9356 9.82736 12.1083
8.89009 0 0.401062 21.9356 9.63895 12.2967
8.90007 0 0.399896 21.9357 9.45495 12.4807
8.91004 0 0.398707 21.9363 9.27511 12.6612
8.92002 0 0.397493 21.9364 9.09997 12.8364
8.93 0 0.396253 21.9364 8.93075 13.0057
8.93998 0 0.394986 21.9364 8.76797 13.1685
8.94996 0 0.393691 21.9365 8.61211 13.3244
8.95993 0 0.392365 21.9365 8.46368 13.4728
8.96991 0 0.39101 21.9365 8.32314 13.6134
8.97989 0 0.389623 21.9365 8.19097 13.7456
8.98987 0 0.388203 21.9366 8.06761 13.869
8.99984 0 0.38675 21.9366 7.95349 13.9831
9.00982 0 0.385263 21.9366 7.84899 14.0876
9.0198 0 0.383741 21.9366 7.7545 14.1821
9.02978 0 0.382183 21.9367 7.67034 14.2663
9.03975 0 0.380589 21.9367 7.59681 14.3399
9.04973 0 0.378957 21.9367 7.53417 14.4025
9.05971 0 0.377288 21.9367 7.48266 14.454
9.06969 0 0.375581 21.9367 7.44244 14.4943
9.07966 0 0.373836 21.9367 7.41367 14.5231
9.08964 0 0.372051 21.9367 7.39644 14.5403
9.09962 0 0.370228 21.9367 7.3908 14.5459
9.1096 0 0.368365 21.9367 7.39678 14.5399
9.11958 0 0.366463 21.9367 7.41435 14.5224
9.12955 0 0.364521 21.9367 7.44343 14.4933
9.13953 0 0.36254 21.9367 7.48393 14.4528
9.14951 0 0.36052 21.9452 7.52244 14.4228
9.15949 0 0.35846 21.9452 7.55827 14.387
9.16946 0 0.356361 21.9452 7.60423 14.341
9.17944 0 0.354224 21.9452 7.66012 14.2851
9.18942 0 0.352047 21.9452 7.72571 14.2195
9.1994 0 0.349832 21.9452 7.80075 14.1444
9.20937 0 0.347578 21.9452 7.88496 14.0602
9.21935 0 0.345287 21.9451 7.97807 13.9671
9.22933 0 0.342958 21.9451 8.07978 13.8653
9.23931 0 0.340592 21.9451 8.18979 13.7553
9.24928 0 0.33819 21.9451 8.30778 13.6373
9.25926 0 0.335752 21.9451 8.43343 13.5116
9.26924 0 0.333279 21.9451 8.56644 13.3786
9.27922 0 0.330772 21.945 8.70646 13.2386
9.2892 0 0.32823 21.945 8.85319 13.0918
9.29917 0 0.325656 21.945 9.0063 12.9387
9.30915 0 0.32305 21.945 9.16548 12.7795
9.31913 0 0.320412 21.945 9.33042 12.6145
9.32911 0 0.317743 21.945 9.50081 12.4441
9.33908 0 0.315046 21.9449 9.67635 12.2686
9.34906 0 0.312319 21.9449 9.85676 12.0882
9.35904 0 0.309565 21.9449 10.0417 11.9032
9.36902 0 0.306784 21.9449 10.231 11.7139
9.37899 0 0.303978 21.9449 10.4244 11.5205
9.38897 0 0.301147 21.9449 10.6215 11.3234
9.39895 0 0.298293 21.9449 10.8221 11.1227
9.40893 0 0.295416 21.9448 11.0261 10.9188
9.4189 0 0.292518 21.9448 11.2331 10.7117
9.42888 0 0.289599 21.9448 11.443 10.5018
9.43886 0 0.286662 21.9448 11.6555 10.2893
9.44884 0 0.283707 21.9448 11.8705 10.0744
9.45882 0 0.280735 21.9448 12.0876 9.85716
9.46879 0 0.277748 21.9448 12.3069 9.63791
9.47877 0 0.274746 21.9448 12.528 9.41681
9.48875 0 0.271731 21.9448 12.7508 9.19401
9.49873 0 0.268705 21.9448 12.9751 8.96969
9.5087 0 0.265667 21.9448 13.2007 8.74402
9.51868 0 0.262621 21.9448 13.4276 8.51715
9.52866 0 0.259566 21.9448 13.6555 8.28924
9.53864 0 0.256505 21.9447 13.8843 8.06045
9.54861 0 0.253438 22.0022 14.0534 7.9488
9.55859 0 0.250366 22.0022 14.1653 7.8369
9.56857 0 0.247289 22.0022 14.2827 7.7195
9.57855 0 0.244209 22.0022 14.4055 7.59671
9.58853 0 0.241126 22.0021 14.5326 7.46955
9.5985 0 0.238041 22.0077 14.6542 7.3535
9.60848 0 0.234954 22.0077 14.7713 7.23642
9.61846 0 0.231865 22.0077 14.8934 7.11424
9.62844 0 0.228777 22.0077 15.0205 6.98714
9.63841 0 0.225689 22.0077 15.1523 6.85533
9.64839 0 0.222601 22.0076 15.2886 6.71902
9.65837 0 0.219516 22.0076 15.4292 6.57842
9.66835 0 0.216433 22.0076 15.5739 6.43374
9.67832 0 0.213354 22.0076 15.7224 6.28522
9.6883 0 0.210279 22.0076 15.8745 6.13306
9.69828 0 0.207209 22.0076 16.0301 5.97751
9.70826 0 0.204145 22.0076 16.1888 5.81878
9.71823 0 0.201088 22.0075 16.3504 5.65711
9.72821 0 0.198039 22.0075 16.5148 5.49273
9.73819 0 0.194999 22.0075 16.6817 5.32587
9.74817 0 0.191968 22.0075 16.8508 5.15675
9.75815 0 0.188948 22.0075 17.0219 4.9856
9.76812 0 0.18594 22.0075 17.1948 4.81266
9.7781 0 0.182944 22.0075 17.3693 4.63814
9.78808 0 0.179962 22.0075 17.5452 4.46226
9.79806 0 0.176994 22.0074 17.7222 4.28523
9.80803 0 0.174042 22.0074 17.9002 4.10728
9.81801 0 0.171107 22.0074 18.0788 3.9286
9.82799 0 0.16819 22.0074 18.258 3.74939
9.83797 0 0.165291 22.0074 18.4375 3.56986
9.84794 0 0.162412 22.0074 18.6172 3.39019
9.85792 0 0.159553 22.0074 18.7968 3.21057
9.8679 0 0.156717 22.0074 18.9762 3.03117
9.87788 0 0.153903 22.0074 19.1552 2.85217
9.88785 0 0.151113 22.0073 19.3336 2.67372
9.89783 0 0.148348 22.0073 19.5113 2.496
9.90781 0 0.145608 22.0073 19.6882 2.31914
9.91779 0 0.142895 22.0073 19.864 2.1433
9.92777 0 0.14021 22.0073 20.0387 1.9686
9.93774 0 0.137554 22.0073 20.2121 1.79519
9.94772 0 0.134928 22.0073 20.3841 1.62318
9.9577 0 0.132332 22.0073 20.5546 1.45268
9.96768 0 0.129768 22.0073 20.7235 1.28382
9.97765 0 0.127237 22.0073 20.8906 1.11668
