0.00997765 0 3.69682e-05 23.967 29.652 -5.68501
0.0199553 0 0.00014779 23.967 29.617 -5.65001
0.029933 0 0.000332328 23.9669 29.5782 -5.61127
0.0399106 0 0.000590425 23.9669 29.5356 -5.56862
0.0498883 0 0.000921904 23.9669 29.4888 -5.52187
0.0598659 0 0.00132657 23.9669 29.4377 -5.47081
0.0698436 0 0.00180419 23.9669 29.3821 -5.41524
0.0798212 0 0.00235453 23.9669 29.3218 -5.35496
0.0897989 0 0.00297731 23.9668 29.2566 -5.28974
0.0997765 0 0.00367224 23.9668 29.1862 -5.21935
0.109754 0 0.00443899 23.9668 29.1104 -5.14356
0.119732 0 0.0052772 23.9668 29.0289 -5.06212
0.129709 0 0.00618648 23.9668 28.9415 -4.97479
0.139687 0 0.0071664 23.9667 28.848 -4.8813
0.149665 0 0.00821651 23.9667 28.7481 -4.7814
0.159642 0 0.00933632 23.9667 28.6415 -4.67479
0.16962 0 0.0105253 23.9667 28.5279 -4.56121
0.179598 0 0.0117828 23.9666 28.407 -4.44037
0.189575 0 0.0131083 23.9666 28.2786 -4.31196
0.199553 0 0.014501 23.9666 28.1423 -4.1757
0.209531 0 0.0159604 23.9665 27.9978 -4.03126
0.219508 0 0.0174855 23.9665 27.8449 -3.87834
0.229486 0 0.0190756 23.9665 27.6831 -3.71663
0.239464 0 0.0207297 23.9665 27.5123 -3.5458
0.249441 0 0.0224471 23.9664 27.332 -3.36552
0.259419 0 0.0242266 23.9664 27.1419 -3.17549
0.269397 0 0.0260671 23.9664 26.9417 -2.97537
0.279374 0 0.0279677 23.9663 26.7312 -2.76484
0.289352 0 0.029927 23.9663 26.5099 -2.54359
0.29933 0 0.0319438 23.9663 26.2776 -2.3113
0.309307 0 0.0340167 23.9662 26.0339 -2.06766
0.319285 0 0.0361443 23.9662 25.7786 -1.81238
0.329263 0 0.0383251 23.9662 25.5114 -1.54518
0.33924 0 0.0405576 23.9662 25.2319 -1.26579
0.349218 0 0.0428399 23.9661 24.9401 -0.973949
0.359196 0 0.0451705 23.9661 24.6355 -0.669437
0.369173 0 0.0475473 23.9661 24.3181 -0.352047
0.379151 0 0.0499684 23.966 23.9877 -0.0216019
0.389128 0 0.0524319 23.966 23.644 0.322041
0.399106 0 0.0549355 23.966 23.287 0.678988
0.409084 0 0.057477 23.966 22.9167 1.0493
0.419061 0 0.060054 23.966 22.533 1.433
0.429039 0 0.062664 23.966 22.1359 1.83006
0.439017 0 0.0653046 23.966 21.7256 2.24037
0.448994 0 0.0679731 23.966 21.3022 2.6638
0.458972 0 0.0706666 23.966 20.8659 3.10011
0.46895 0 0.0733823 23.966 20.417 3.54901
0.478927 0 0.0761172 23.966 19.9558 4.01014
0.488905 0 0.0788683 23.966 19.483 4.48304
0.498883 0 0.0816323 23.966 18.9989 4.96715
0.50886 0 0.084406 23.9661 18.5042 5.46184
0.518838 0 0.087186 23.9661 17.9997 5.96638
0.528816 0 0.0899689 23.9661 17.4862 6.47992
0.538793 0 0.0927511 23.9662 16.9647 7.00152
0.548771 0 0.095529 23.9663 16.4361 7.53011
0.558749 0 0.0982989 23.9663 15.9018 8.06454
0.568726 0 0.101057 23.9664 15.3629 8.60352
0.578704 0 0.1038 23.9665 14.8208 9.14567
0.588682 0 0.106523 23.9666 14.2771 9.68949
0.598659 0 0.109223 23.9667 13.7333 10.2334
0.608637 0 0.111896 23.9668 13.1912 10.7756
0.618615 0 0.114538 23.9669 12.6525 11.3144
0.628592 0 0.117145 23.967 12.1191 11.8479
0.63857 0 0.119714 23.9671 11.5931 12.3741
0.648547 0 0.12224 23.9672 11.0763 12.8909
0.658525 0 0.124719 23.9674 10.571 13.3963
0.668503 0 0.127149 23.9675 10.0793 13.8882
0.67848 0 0.129525 23.9676 9.60326 14.3644
0.688458 0 0.131844 23.9678 9.14507 14.8227
0.698436 0 0.134102 23.9679 8.70687 15.261
0.708413 0 0.136297 23.968 8.29077 15.6772
0.718391 0 0.138426 23.9681 7.89883 16.0693
0.728369 0 0.140484 23.9682 7.53301 16.4352
0.738346 0 0.142471 23.9684 7.19521 16.7732
0.748324 0 0.144382 23.9685 6.88718 17.0813
0.758302 0 0.146217 23.9686 6.61057 17.358
0.768279 0 0.147972 23.9613 6.34889 17.6124
0.778257 0 0.149647 23.9613 6.10164 17.8597
0.788235 0 0.151239 23.9614 5.88692 18.0745
0.798212 0 0.152747 23.9614 5.70562 18.2558
0.80819 0 0.15417 23.9615 5.55848 18.403
0.818168 0 0.155506 23.9615 5.44599 18.5155
0.828145 0 0.156756 23.9615 5.36845 18.593
0.838123 0 0.157918 23.962 5.32287 18.6391
0.848101 0 0.158993 23.9619 5.30883 18.6531
0.858078 0 0.15998 23.9619 5.32903 18.6329
0.868056 0 0.16088 23.9619 5.38297 18.5789
0.878034 0 0.161694 23.9618 5.46992 18.4919
0.888011 0 0.162422 23.9617 5.589 18.3727
0.897989 0 0.163065 23.9617 5.73913 18.2225
0.907966 0 0.163626 23.9616 5.9191 18.0425
0.917944 0 0.164105 23.9615 6.12755 17.8339
0.927922 0 0.164504 23.9614 6.36298 17.5984
0.937899 0 0.164825 23.9613 6.62382 17.3375
0.947877 0 0.165071 23.9612 6.90838 17.0528
0.957855 0 0.165243 23.9611 7.21491 16.7462
0.967832 0 0.165345 23.961 7.54163 16.4193
0.97781 0 0.165379 23.9608 7.88671 16.0741
0.987788 0 0.165347 23.9607 8.2483 15.7124
0.997765 0 0.165252 23.9606 8.62457 15.3361
1.00774 0 0.165098 23.9605 9.0137 14.9468
1.01772 0 0.164887 23.9604 9.41391 14.5465
1.0277 0 0.164622 23.9603 9.82343 14.1369
1.03768 0 0.164308 23.9602 10.2406 13.7196
1.04765 0 0.163946 23.9601 10.6638 13.2964
1.05763 0 0.16354 23.9601 11.0914 12.8686
1.06761 0 0.163093 23.96 11.522 12.4379
1.07759 0 0.162608 23.9599 11.9543 12.0056
1.08756 0 0.162089 23.9598 12.3868 11.573
1.09754 0 0.161539 23.9598 12.8185 11.1413
1.10752 0 0.16096 23.9597 13.2481 10.7116
1.1175 0 0.160357 23.9597 13.6747 10.285
1.12747 0 0.159731 23.9597 14.0974 9.86226
1.13745 0 0.159086 23.9569 14.5102 9.44671
1.14743 0 0.158426 23.9569 14.9119 9.04501
1.15741 0 0.157752 23.9569 15.3063 8.65053
1.16739 0 0.157067 23.9568 15.693 8.26388
1.17736 0 0.156375 23.9568 16.0712 7.88559
1.18734 0 0.155677 23.9568 16.4407 7.51615
1.19732 0 0.154977 23.9568 16.8009 7.15593
1.2073 0 0.154277 23.9568 17.1515 6.80526
1.21727 0 0.153578 23.9568 17.4924 6.46443
1.22725 0 0.152884 23.9568 17.8232 6.13364
1.23723 0 0.152196 23.9568 18.1438 5.81306
1.24721 0 0.151517 23.9568 18.454 5.5028
1.25718 0 0.150849 23.9568 18.7539 5.20294
1.26716 0 0.150194 23.9489 19.0092 4.93974
1.27714 0 0.149552 23.949 19.2192 4.72974
1.28712 0 0.148926 23.949 19.4179 4.53109
1.29709 0 0.148318 23.949 19.6054 4.34362
1.30707 0 0.147727 23.949 19.7819 4.16714
1.31705 0 0.147156 23.949 19.9476 4.00144
1.32703 0 0.146605 23.9491 20.1028 3.84631
1.33701 0 0.146075 23.9491 20.2476 3.7015
1.34698 0 0.145568 23.9491 20.3823 3.56678
1.35696 0 0.145083 23.9491 20.5072 3.44191
1.36694 0 0.144623 23.9492 20.6225 3.32661
1.37692 0 0.144187 23.9492 20.7285 3.22065
1.38689 0 0.143776 23.9492 20.8255 3.12375
1.39687 0 0.143391 23.9492 20.9136 3.03565
1.40685 0 0.143032 23.9493 20.9931 2.95611
1.41683 0 0.1427 23.9499 21.0594 2.8905
1.4268 0 0.142395 23.9499 21.1126 2.83732
1.43678 0 0.142117 23.9499 21.1582 2.79173
1.44676 0 0.141867 23.9499 21.1965 2.75348
1.45674 0 0.141645 23.9499 21.2277 2.72229
1.46672 0 0.14145 23.95 21.252 2.69792
1.47669 0 0.141284 23.95 21.2699 2.68012
1.48667 0 0.141146 23.95 21.2814 2.66864
1.49665 0 0.141036 23.95 21.2868 2.66323
1.50663 0 0.140954 23.95 21.2864 2.66365
1.5166 0 0.1409 23.9501 21.2804 2.66967
1.52658 0 0.140874 23.9501 21.269 2.68104
1.53656 0 0.140876 23.9501 21.2525 2.69755
1.54654 0 0.140906 23.9501 21.2312 2.71895
1.55651 0 0.140963 23.9501 21.2051 2.74501
1.56649 0 0.141048 23.9501 21.1746 2.77551
1.57647 0 0.141159 23.9502 21.14 2.81021
1.58645 0 0.141298 23.9502 21.1013 2.84888
1.59642 0 0.141462 23.9502 21.0589 2.8913
1.6064 0 0.141653 23.9502 21.013 2.93722
1.61638 0 0.14187 23.9502 20.9638 2.98641
1.62636 0 0.142111 23.9553 20.9066 3.04869
1.63634 0 0.142378 23.9553 20.8422 3.11307
1.64631 0 0.142669 23.9553 20.7766 3.1787
1.65629 0 0.142985 23.9553 20.7099 3.24541
1.66627 0 0.143323 23.9553 20.6423 3.31302
1.67625 0 0.143685 23.9553 20.574 3.38135
1.68622 0 0.14407 23.9553 20.5051 3.45019
1.6962 0 0.144476 23.9553 20.436 3.51934
1.70618 0 0.144904 23.955 20.3614 3.59355
1.71616 0 0.145353 23.955 20.2809 3.67407
1.72613 0 0.145822 23.955 20.1993 3.75573
1.73611 0 0.146312 23.955 20.1167 3.83834
1.74609 0 0.14682 23.955 20.0333 3.92173
1.75607 0 0.147347 23.9564 19.9337 4.02268
1.76604 0 0.147893 23.9564 19.8182 4.13816
1.77602 0 0.148455 23.9564 19.7027 4.25374
1.786 0 0.149035 23.9564 19.5871 4.3693
1.79598 0 0.14963 23.9564 19.4717 4.48473
1.80596 0 0.15024 23.9564 19.3565 4.59991
1.81593 0 0.150865 23.9691 19.2088 4.76025
1.82591 0 0.151503 23.9691 19.0289 4.94015
1.83589 0 0.152154 23.9691 18.8503 5.11877
1.84587 0 0.152815 23.9691 18.6732 5.29591
1.85584 0 0.153487 23.9691 18.4977 5.47142
1.86582 0 0.154168 23.9691 18.324 5.64512
1.8758 0 0.154856 23.9691 18.1523 5.81687
1.88578 0 0.155552 23.9691 17.9826 5.98651
1.89575 0 0.156253 23.9691 17.8152 6.15392
1.90573 0 0.156958 23.9691 17.6502 6.31897
1.91571 0 0.157668 23.9691 17.4876 6.48157
1.92569 0 0.15838 23.9691 17.3275 6.64163
1.93566 0 0.159094 23.9691 17.17 6.79908
1.94564 0 0.159809 23.9691 17.0152 6.95388
1.95562 0 0.160523 23.9691 16.8631 7.10598
1.9656 0 0.161237 23.9691 16.7137 7.2554
1.97558 0 0.161948 23.9691 16.567 7.40214
1.98555 0 0.162656 23.9691 16.4229 7.54623
1.99553 0 0.163361 23.9691 16.2813 7.68774
2.00551 0 0.164061 23.9691 16.1423 7.82675
2.01549 0 0.164756 23.9691 16.0057 7.96337
2.02546 0 0.165445 23.969 15.8713 8.0977
2.03544 0 0.166126 23.969 15.7391 8.22992
2.04542 0 0.1668 23.969 15.6088 8.36017
2.0554 0 0.167465 23.969 15.4803 8.48864
2.06537 0 0.168121 23.969 15.3534 8.61553
2.07535 0 0.168767 23.9689 15.2279 8.74106
2.08533 0 0.169403 23.9689 15.1035 8.86544
2.09531 0 0.170026 23.9689 14.98 8.98892
2.10528 0 0.170638 23.9689 14.8572 9.11172
2.11526 0 0.171237 23.9689 14.7348 9.23409
2.12524 0 0.171822 23.9688 14.6126 9.35627
2.13522 0 0.172392 23.9688 14.4903 9.47848
2.1452 0 0.172947 23.9688 14.3678 9.60095
2.15517 0 0.173487 23.9688 14.2449 9.72389
2.16515 0 0.174009 23.9688 14.1213 9.84749
2.17513 0 0.174515 23.9676 13.9941 9.97347
2.18511 0 0.175001 23.9676 13.8636 10.104
2.19508 0 0.175469 23.9676 13.7322 10.2354
2.20506 0 0.175917 23.9676 13.5999 10.3676
2.21504 0 0.176343 23.9676 13.4667 10.5009
2.22502 0 0.176748 23.9676 13.3325 10.635
2.23499 0 0.17713 23.9676 13.1974 10.7701
2.24497 0 0.177488 23.9676 13.0616 10.906
2.25495 0 0.177821 23.9676 12.925 11.0425
2.26493 0 0.178128 23.9676 12.7881 11.1795
2.27491 0 0.178408 23.9676 12.651 11.3166
2.28488 0 0.178661 23.9676 12.5141 11.4536
2.29486 0 0.178884 23.9676 12.3777 11.5899
2.30484 0 0.179077 23.9677 12.2424 11.7253
2.31482 0 0.179239 23.9677 12.1086 11.8591
2.32479 0 0.179368 23.9677 11.9769 11.9908
2.33477 0 0.179464 23.9678 11.848 12.1198
2.34475 0 0.179526 23.9678 11.7225 12.2453
2.35473 0 0.179551 23.9679 11.6012 12.3667
2.3647 0 0.17954 23.9679 11.4849 12.4831
2.37468 0 0.179491 23.968 11.3743 12.5937
2.38466 0 0.179403 23.968 11.2704 12.6977
2.39464 0 0.179276 23.9681 11.174 12.7941
2.40461 0 0.179107 24.0063 10.9764 13.0299
2.41459 0 0.178895 24.0064 10.6812 13.3252
2.42457 0 0.178639 24.0065 10.4008 13.6057
2.43455 0 0.178335 24.0066 10.1365 13.8701
2.44453 0 0.177982 24.0067 9.88988 14.1168
2.4545 0 0.177578 24.0068 9.66229 14.3445
2.46448 0 0.177121 24.0068 9.45504 14.5518
2.47446 0 0.176609 24.0069 9.26935 14.7375
2.48444 0 0.176041 24.007 9.10637 14.9006
2.49441 0 0.175415 24.007 8.96712 15.0399
2.50439 0 0.17473 24.0071 8.85249 15.1546
2.51437 0 0.173986 24.0071 8.76327 15.2438
2.52435 0 0.173181 24.0071 8.70007 15.3071
2.53432 0 0.172315 23.9937 8.64207 15.3516
2.5443 0 0.171387 23.9937 8.59039 15.4033
2.55428 0 0.170397 23.9937 8.56692 15.4268
2.56426 0 0.169346 23.9937 8.5717 15.422
2.57423 0 0.168232 23.9937 8.60462 15.3891
2.58421 0 0.167056 23.9937 8.66542 15.3282
2.59419 0 0.165819 23.9936 8.75368 15.2399
2.60417 0 0.164522 23.9936 8.86886 15.1247
2.61415 0 0.163165 23.9935 9.01024 14.9833
2.62412 0 0.161749 23.9935 9.17701 14.8165
2.6341 0 0.160276 23.9934 9.36824 14.6252
2.64408 0 0.158747 23.9933 9.58287 14.4105
2.65406 0 0.157163 23.9933 9.81976 14.1735
2.66403 0 0.155528 23.9932 10.0777 13.9155
2.67401 0 0.153841 23.9931 10.3554 13.6377
2.68399 0 0.152106 23.993 10.6514 13.3416
2.69397 0 0.150325 23.9929 10.9645 13.0284
2.70394 0 0.1485 23.9928 11.2932 12.6997
2.71392 0 0.146634 23.9927 11.6359 12.3568
2.7239 0 0.144728 23.9925 11.9883 12.0042
2.73388 0 0.142786 23.9924 12.3486 11.6438
2.74385 0 0.140811 23.9923 12.7185 11.2738
2.75383 0 0.138804 23.9922 13.0966 10.8956
2.76381 0 0.136769 23.9922 13.4816 10.5106
2.77379 0 0.134709 23.9921 13.8721 10.12
2.78377 0 0.132626 23.992 14.267 9.72505
2.79374 0 0.130523 23.9919 14.6649 9.32707
2.80372 0 0.128403 23.9919 15.0647 8.92716
2.8137 0 0.126269 23.9918 15.4654 8.52642
2.82368 0 0.124123 23.9918 15.8659 8.12586
2.83365 0 0.121969 23.9917 16.2653 7.72645
2.84363 0 0.119809 23.9917 16.6626 7.32908
2.85361 0 0.117646 23.9917 17.0571 6.93458
2.86359 0 0.115483 23.9916 17.4479 6.5437
2.87356 0 0.113322 23.9916 17.8345 6.15714
2.88354 0 0.111166 23.9916 18.2161 5.77551
2.89352 0 0.109017 23.9915 18.5921 5.3994
2.9035 0 0.106879 23.9915 18.9622 5.02929
2.91347 0 0.104753 23.9915 19.3259 4.66563
2.92345 0 0.102641 23.9915 19.6827 4.30881
2.93343 0 0.100547 23.9915 20.0323 3.95917
2.94341 0 0.098473 23.9915 20.3745 3.61698
2.95339 0 0.0964203 23.9915 20.709 3.28249
2.96336 0 0.0943915 23.9915 21.0356 2.95589
2.97334 0 0.0923886 23.9915 21.3542 2.63733
2.98332 0 0.0904137 23.9915 21.6646 2.32692
2.9933 0 0.0884688 23.9915 21.9668 2.02474
3.00327 0 0.0865556 23.9915 22.2607 1.73084
3.01325 0 0.0846761 23.9915 22.5463 1.44523
3.02323 0 0.082832 23.9915 22.8236 1.16791
3.03321 0 0.0810249 23.9916 23.0927 0.898834
3.04318 0 0.0792566 23.9916 23.3536 0.637951
3.05316 0 0.0775286 23.9916 23.6064 0.385185
3.06314 0 0.0758423 23.9662 23.8163 0.149996
3.07312 0 0.0741992 23.9663 23.9838 -0.0175024
3.08309 0 0.0726002 23.9663 24.1448 -0.178479
3.09307 0 0.0710463 23.9663 24.2994 -0.333093
3.10305 0 0.0695384 23.9663 24.4478 -0.481507
3.11303 0 0.0680774 23.9663 24.5902 -0.623889
3.12301 0 0.066664 23.9664 24.7268 -0.760408
3.13298 0 0.0652991 23.9664 24.8576 -0.891235
3.14296 0 0.0639834 23.9664 24.9829 -1.01654
3.15294 0 0.0627176 23.9664 25.1029 -1.13651
3.16292 0 0.0615024 23.9664 25.2177 -1.2513
3.17289 0 0.0603383 23.9664 25.3275 -1.36108
3.18287 0 0.0592261 23.9665 25.4325 -1.46604
3.19285 0 0.0581662 23.955 25.5105 -1.55548
3.20283 0 0.0571592 23.955 25.5633 -1.60828
3.2128 0 0.0562052 23.955 25.6149 -1.65981
3.22278 0 0.0553047 23.9551 25.6651 -1.71009
3.23276 0 0.0544577 23.9551 25.7142 -1.75919
3.24274 0 0.0536646 23.9551 25.7622 -1.80713
3.25272 0 0.0529257 23.9551 25.809 -1.85397
3.26269 0 0.0522411 23.9551 25.8548 -1.89976
3.27267 0 0.0516111 23.9551 25.8996 -1.94454
3.28265 0 0.051036 23.9551 25.9434 -1.98835
3.29263 0 0.0505159 23.9551 25.9863 -2.03124
3.3026 0 0.0500511 23.9551 26.0283 -2.07326
3.31258 0 0.0496417 23.9551 26.0695 -2.11445
3.32256 0 0.049288 23.9551 26.1099 -2.15485
3.33254 0 0.0489901 23.9551 26.1496 -2.19451
3.34251 0 0.0487483 23.9551 26.1886 -2.23348
3.35249 0 0.0485627 23.9551 26.2269 -2.27178
3.36247 0 0.0484335 23.9551 26.2646 -2.30948
3.37245 0 0.0483609 23.9551 26.3017 -2.3466
3.38242 0 0.048345 23.9551 26.3383 -2.38319
3.3924 0 0.0483861 23.9551 26.3744 -2.41929
3.40238 0 0.0484843 23.9721 26.386 -2.41394
3.41236 0 0.0486396 23.9721 26.3727 -2.40059
3.42234 0 0.0488518 23.9721 26.3579 -2.38579
3.43231 0 0.0491209 23.9721 26.3417 -2.3696
3.44229 0 0.0494468 23.9721 26.3242 -2.35205
3.45227 0 0.0498293 23.9721 26.3053 -2.33319
3.46225 0 0.0502682 23.9721 26.2852 -2.31306
3.47222 0 0.0507634 23.9676 26.2544 -2.28678
3.4822 0 0.0513148 23.9676 26.2131 -2.24552
3.49218 0 0.0519221 23.9715 26.1646 -2.19314
3.50216 0 0.0525849 23.9715 26.1091 -2.13762
3.51213 0 0.053303 23.9715 26.0532 -2.08172
3.52211 0 0.054076 23.9715 25.9969 -2.02543
3.53209 0 0.0549035 23.9715 25.9402 -1.96877
3.54207 0 0.0557854 23.9715 25.8832 -1.91173
3.55204 0 0.0567211 23.9715 25.8258 -1.85434
3.56202 0 0.0577104 23.9661 25.7467 -1.78062
3.572 0 0.0587529 23.9661 25.6445 -1.67842
3.58198 0 0.059848 23.9661 25.5391 -1.57303
3.59196 0 0.060995 23.9661 25.4304 -1.46436
3.60193 0 0.0621934 23.9661 25.3184 -1.3523
3.61191 0 0.0634426 23.966 25.2028 -1.23674
3.62189 0 0.0647419 23.966 25.0836 -1.11759
3.63187 0 0.0660906 23.966 24.9608 -0.994749
3.64184 0 0.067488 23.966 24.8341 -0.868101
3.65182 0 0.0689334 23.966 24.7035 -0.737546
3.6618 0 0.0704261 23.966 24.569 -0.60298
3.67178 0 0.0719653 23.966 24.4303 -0.464297
3.68175 0 0.0735502 23.966 24.2874 -0.321397
3.69173 0 0.0751799 23.966 24.1401 -0.174178
3.70171 0 0.0768537 23.9659 23.9885 -0.0225426
3.71169 0 0.0785705 23.9659 23.8323 0.133606
3.72166 0 0.0803296 23.9659 23.6716 0.294358
3.73164 0 0.0821299 23.9659 23.5061 0.459802
3.74162 0 0.0839705 23.9659 23.3359 0.63002
3.7516 0 0.0858504 23.9684 23.1563 0.812091
3.76158 0 0.0877685 23.9684 22.967 1.00141
3.77155 0 0.0897236 23.9684 22.7719 1.19648
3.78153 0 0.0917147 23.9684 22.571 1.39741
3.79151 0 0.0937404 23.9684 22.3641 1.60426
3.80149 0 0.0957995 23.9684 22.1513 1.8171
3.81146 0 0.0978908 23.9678 21.9299 2.03796
3.82144 0 0.100013 23.9678 21.6999 2.2679
3.83142 0 0.102164 23.9678 21.464 2.50384
3.8414 0 0.104344 23.9678 21.222 2.74579
3.85137 0 0.10655 23.9678 20.9741 2.99373
3.86135 0 0.108781 23.9678 20.7202 3.2476
3.87133 0 0.111035 23.9678 20.4605 3.50733
3.88131 0 0.113311 23.9678 20.195 3.77282
3.89128 0 0.115607 23.9678 19.9239 4.04393
3.90126 0 0.117921 23.9678 19.6473 4.32051
3.91124 0 0.120252 23.9678 19.3655 4.60236
3.92122 0 0.122598 24.0091 19.0277 4.98139
3.9312 0 0.124957 24.0091 18.6336 5.3755
3.94117 0 0.127325 24.0091 18.2331 5.77597
3.95115 0 0.129701 24.0091 17.8269 6.18225
3.96113 0 0.132081 24.0092 17.4154 6.59374
3.97111 0 0.134464 24.0092 16.9995 7.00974
3.98108 0 0.136846 24.0092 16.5797 7.42951
3.99106 0 0.139225 24.0093 16.157 7.85224
4.00104 0 0.141598 24.0093 15.7323 8.27704
4.01102 0 0.143962 24.0094 15.3064 8.70297
4.02099 0 0.146314 24.0094 14.8804 9.12901
4.03097 0 0.148652 24.0095 14.4554 9.55407
4.04095 0 0.150973 24.0096 14.0326 9.97702
4.05093 0 0.153273 24.0097 13.613 10.3967
4.0609 0 0.155551 24.0097 13.198 10.8117
4.07088 0 0.157802 24.0098 12.7889 11.2209
4.08086 0 0.160026 24.0099 12.387 11.6229
4.09084 0 0.162218 24.01 11.9937 12.0163
4.10082 0 0.164376 24.0101 11.6103 12.3997
4.11079 0 0.166498 24.0101 11.2384 12.7717
4.12077 0 0.168581 24.0102 10.8794 13.1309
4.13075 0 0.170623 24.0103 10.5345 13.4758
4.14073 0 0.172621 24.0104 10.2054 13.805
4.1507 0 0.174573 24.0105 9.89327 14.1172
4.16068 0 0.176477 24.0105 9.59953 14.411
4.17066 0 0.17833 24.0106 9.32545 14.6852
4.18064 0 0.180132 24.0107 9.07224 14.9385
4.19061 0 0.181881 24.0108 8.84106 15.1697
4.20059 0 0.183574 24.0108 8.63295 15.3779
4.21057 0 0.185211 24.0109 8.44888 15.562
4.22055 0 0.18679 24.0109 8.28969 15.7212
4.23053 0 0.188311 24.0109 8.15612 15.8548
4.2405 0 0.189771 24.011 8.04877 15.9622
4.25048 0 0.191172 24.011 7.96813 16.0429
4.26046 0 0.192512 24.011 7.91454 16.0965
4.27044 0 0.193791 24.011 7.8882 16.1228
4.28041 0 0.195008 24.011 7.88918 16.1218
4.29039 0 0.196165 24.011 7.91741 16.0936
4.30037 0 0.197262 24.011 7.97267 16.0383
4.31035 0 0.198298 24.0109 8.05462 15.9563
4.32032 0 0.199274 24.0109 8.16279 15.8481
4.3303 0 0.200192 24.0109 8.29658 15.7143
4.34028 0 0.201053 24.0108 8.45528 15.5555
4.35026 0 0.201857 24.0101 8.63574 15.3744
4.36023 0 0.202607 24.0101 8.8369 15.1732
4.37021 0 0.203303 24.01 9.06002 14.95
4.38019 0 0.203947 24.0099 9.30404 14.7059
4.39017 0 0.204541 24.0099 9.56781 14.442
4.40015 0 0.205088 24.0098 9.85014 14.1596
4.41012 0 0.205588 24.0272 10.1301 13.897
4.4201 0 0.206045 24.0271 10.4053 13.6218
4.43008 0 0.20646 24.027 10.6934 13.3336
4.44006 0 0.206835 24.0269 10.9929 13.034
4.45003 0 0.207173 24.0268 11.3027 12.7241
4.46001 0 0.207475 24.0268 11.6213 12.4054
4.46999 0 0.207745 24.0267 11.9476 12.0791
4.47997 0 0.207984 24.0266 12.2801 11.7465
4.48994 0 0.208195 24.0265 12.6176 11.4089
4.49992 0 0.208381 24.0265 12.959 11.0675
4.5099 0 0.208543 24.0264 13.3029 10.7235
4.51988 0 0.208685 24.0263 13.6484 10.378
4.52985 0 0.208807 24.0263 13.9942 10.0321
4.53983 0 0.208914 24.0262 14.3394 9.68686
4.54981 0 0.209008 24.0262 14.6829 9.3433
4.55979 0 0.20909 24.0261 15.0238 9.00235
4.56977 0 0.209163 24.0261 15.3612 8.66488
4.57974 0 0.209229 24.026 15.6943 8.33172
4.58972 0 0.209291 24.026 16.0223 8.00366
4.5997 0 0.209351 24.026 16.3446 7.68141
4.60968 0 0.20941 24.0259 16.6603 7.36563
4.61965 0 0.209471 24.0259 16.969 7.05693
4.62963 0 0.209537 24.0259 17.27 6.75585
4.63961 0 0.209608 24.0259 17.563 6.46291
4.64959 0 0.209687 24.027 17.794 6.23307
4.65956 0 0.209775 24.027 17.9615 6.06556
4.66954 0 0.209874 24.027 18.118 5.909
4.67952 0 0.209983 24.027 18.2636 5.76343
4.6895 0 0.210105 24.0271 18.3982 5.62884
4.69947 0 0.210239 24.0499 18.4313 5.61858
4.70945 0 0.210387 24.0499 18.3628 5.68712
4.71943 0 0.210546 24.0499 18.2842 5.76571
4.72941 0 0.210716 24.05 18.196 5.85392
4.73939 0 0.210898 24.05 18.0987 5.95131
4.74936 0 0.211089 24.05 17.9926 6.05742
4.75934 0 0.211289 24.0501 17.8783 6.17177
4.76932 0 0.211497 24.0501 17.7562 6.29386
4.7793 0 0.211712 24.0501 17.627 6.42319
4.78927 0 0.211933 24.0502 17.491 6.55922
4.79925 0 0.212159 24.0502 17.3488 6.70143
4.80923 0 0.212388 24.0503 17.201 6.84925
4.81921 0 0.21262 24.0503 17.0482 7.00212
4.82918 0 0.212852 24.0503 16.8909 7.15946
4.83916 0 0.213085 24.0504 16.7297 7.32068
4.84914 0 0.213317 24.0299 16.5263 7.5036
4.85912 0 0.213545 24.0299 16.2831 7.74679
4.86909 0 0.213769 24.03 16.0412 7.98873
4.87907 0 0.213986 24.03 15.801 8.22896
4.88905 0 0.214196 24.03 15.563 8.467
4.89903 0 0.214395 24.0301 15.3277 8.70233
4.90901 0 0.214584 24.0301 15.0956 8.93447
4.91898 0 0.214759 24.0301 14.8672 9.16289
4.92896 0 0.214919 24.0302 14.6431 9.38707
4.93894 0 0.215063 24.0302 14.4237 9.60648
4.94892 0 0.215189 24.0302 14.2096 9.8206
4.95889 0 0.215296 24.0303 14.0014 10.0289
4.96887 0 0.215381 24.0303 13.7995 10.2308
4.97885 0 0.215444 24.0303 13.6045 10.4258
4.98883 0 0.215483 24.0303 13.4169 10.6134
4.9988 0 0.215497 24.0304 13.2373 10.7931
5.00878 0 0.215484 24.0304 13.0661 10.9643
5.01876 0 0.215443 24.0304 12.9038 11.1266
5.02874 0 0.215374 24.0305 12.751 11.2795
5.03872 0 0.215274 24.0305 12.608 11.4225
5.04869 0 0.215142 24.0305 12.4753 11.5552
5.05867 0 0.214979 24.0305 12.3534 11.6771
5.06865 0 0.214782 24.0306 12.2426 11.788
5.07863 0 0.214551 24.0306 12.1433 11.8873
5.0886 0 0.214285 24.0306 12.0558 11.9748
5.09858 0 0.213984 24.0306 11.9804 12.0502
5.10856 0 0.213647 24.0313 11.9072 12.1241
5.11854 0 0.213274 24.0313 11.8364 12.1948
5.12851 0 0.212864 24.0313 11.7787 12.2526
5.13849 0 0.212416 24.0313 11.7341 12.2972
5.14847 0 0.21193 24.0313 11.7027 12.3285
5.15845 0 0.211407 24.0313 11.6846 12.3466
5.16842 0 0.210846 24.0313 11.6798 12.3515
5.1784 0 0.210247 24.0313 11.6882 12.3431
5.18838 0 0.20961 24.0313 11.7098 12.3215
5.19836 0 0.208936 24.0313 11.7444 12.2869
5.20834 0 0.208224 24.0312 11.7918 12.2394
5.21831 0 0.207476 24.0312 11.8519 12.1793
5.22829 0 0.206691 24.0312 11.9245 12.1067
5.23827 0 0.205871 24.0312 12.0092 12.022
5.24825 0 0.205016 24.0312 12.1057 11.9255
5.25822 0 0.204126 24.0311 12.2137 11.8175
5.2682 0 0.203203 24.0311 12.3328 11.6983
5.27818 0 0.202247 24.0311 12.4626 11.5685
5.28816 0 0.201259 24.0311 12.6027 11.4284
5.29813 0 0.200242 24.031 12.7525 11.2785
5.30811 0 0.199194 24.031 12.9117 11.1193
5.31809 0 0.198119 24.031 13.0798 10.9512
5.32807 0 0.197017 24.0309 13.2562 10.7748
5.33804 0 0.195889 24.0309 13.4403 10.5906
5.34802 0 0.194737 24.0309 13.6318 10.3991
5.358 0 0.193562 24.0308 13.8299 10.2009
5.36798 0 0.192366 24.0308 14.0342 9.99656
5.37796 0 0.19115 24.0308 14.2442 9.78655
5.38793 0 0.189916 24.0307 14.4593 9.57146
5.39791 0 0.188665 24.0307 14.6789 9.35182
5.40789 0 0.187399 24.0307 14.9025 9.12816
5.41787 0 0.18612 24.0306 15.1296 8.90101
5.42784 0 0.184829 24.0306 15.3597 8.6709
5.43782 0 0.183527 24.0306 15.5923 8.43832
5.4478 0 0.182217 24.0306 15.8268 8.20376
5.45778 0 0.1809 24.0305 16.0628 7.96771
5.46775 0 0.179578 24.0305 16.2999 7.73062
5.47773 0 0.178253 24.0305 16.5375 7.49293
5.48771 0 0.176926 24.0305 16.7754 7.25508
5.49769 0 0.175598 24.0304 17.013 7.01746
5.50766 0 0.174272 24.0304 17.2499 6.78046
5.51764 0 0.172949 24.0304 17.4859 6.54445
5.52762 0 0.171631 24.0304 17.7206 6.30977
5.5376 0 0.170319 24.0304 17.9536 6.07675
5.54758 0 0.169015 24.0303 18.1847 5.84568
5.55755 0 0.167721 24.0303 18.4135 5.61686
5.56753 0 0.166438 24.0303 18.6398 5.39055
5.57751 0 0.165167 24.0303 18.8633 5.16699
5.58749 0 0.16391 24.0303 19.0839 4.9464
5.59746 0 0.162669 24.0303 19.3013 4.72899
5.60744 0 0.161445 24.0303 19.5153 4.51494
5.61742 0 0.160239 24.0303 19.7259 4.30442
5.6274 0 0.159053 24.0303 19.9327 4.09758
5.63737 0 0.157888 24.0303 20.1357 3.89455
5.64735 0 0.156745 24.0303 20.3348 3.69544
5.65733 0 0.155626 24.0303 20.5299 3.50037
5.66731 0 0.154532 24.0303 20.7208 3.30941
5.67728 0 0.153464 24.0303 20.9076 3.12263
5.68726 0 0.152423 24.0303 21.0902 2.94009
5.69724 0 0.151411 24.0303 21.2684 2.76184
5.70722 0 0.150428 24.0303 21.4424 2.58791
5.7172 0 0.149476 23.9761 21.5192 2.45688
5.72717 0 0.148555 23.9761 21.4987 2.47739
5.73715 0 0.147664 23.9761 21.473 2.50312
5.74713 0 0.146805 23.9761 21.4421 2.53404
5.75711 0 0.145976 23.9761 21.406 2.57013
5.76708 0 0.145178 23.9761 21.3648 2.61136
5.77706 0 0.144409 23.9761 21.3185 2.65767
5.78704 0 0.143671 23.9761 21.2672 2.70897
5.79702 0 0.142961 23.9761 21.2109 2.76519
5.80699 0 0.14228 23.9761 21.1499 2.82622
5.81697 0 0.141627 23.9947 21.0264 2.96826
5.82695 0 0.141001 23.9947 20.8396 3.15509
5.83693 0 0.140401 23.9947 20.6463 3.34838
5.8469 0 0.139826 23.9947 20.447 3.54771
5.85688 0 0.139273 23.9948 20.2421 3.75263
5.86686 0 0.138743 23.9948 20.0321 3.96264
5.87684 0 0.138233 23.9948 19.8176 4.17721
5.88682 0 0.137741 23.9949 19.5991 4.39579
5.89679 0 0.137266 23.9949 19.3771 4.61777
5.90677 0 0.136807 23.9949 19.1524 4.84252
5.91675 0 0.136362 23.995 18.9256 5.06937
5.92673 0 0.135929 23.995 18.6974 5.29762
5.9367 0 0.135507 23.9951 18.4685 5.52654
5.94668 0 0.135093 23.9951 18.2397 5.75538
5.95666 0 0.134687 23.9952 18.0118 5.98334
5.96664 0 0.134285 23.9952 17.7856 6.20961
5.97661 0 0.133888 23.9953 17.5619 6.43336
5.98659 0 0.133492 23.9953 17.3416 6.65374
5.99657 0 0.133097 23.9954 17.1255 6.86988
6.00655 0 0.132701 23.9954 16.9145 7.08092
6.01653 0 0.132301 23.9955 16.7095 7.28597
6.0265 0 0.131897 23.9955 16.5114 7.48415
6.03648 0 0.131487 23.9956 16.321 7.6746
6.04646 0 0.13107 24.0009 16.1314 7.86955
6.05644 0 0.130643 24.001 15.9438 8.05715
6.06641 0 0.130206 24.001 15.7673 8.23374
6.07639 0 0.129757 24.0011 15.6025 8.39854
6.08637 0 0.129295 24.0011 15.4503 8.55079
6.09635 0 0.128819 24.0011 15.3114 8.68979
6.10632 0 0.128327 24.0012 15.1863 8.81488
6.1163 0 0.127819 24.0012 15.0758 8.92544
6.12628 0 0.127294 24.0013 14.9803 9.02094
6.13626 0 0.12675 24.0013 14.9004 9.10086
6.14623 0 0.126188 24.0013 14.8365 9.16479
6.15621 0 0.125607 24.0013 14.789 9.21237
6.16619 0 0.125006 24.0023 14.7547 9.24762
6.17617 0 0.124385 24.0023 14.734 9.26832
6.18615 0 0.123744 24.0023 14.7306 9.27172
6.19612 0 0.123082 24.0023 14.7445 9.25777
6.2061 0 0.1224 24.0023 14.7758 9.22652
6.21608 0 0.121699 24.0023 14.8242 9.17807
6.22606 0 0.120977 24.0022 14.8896 9.11262
6.23603 0 0.120236 24.0022 14.9718 9.03042
6.24601 0 0.119476 24.0022 15.0704 8.93181
6.25599 0 0.118699 24.0022 15.185 8.81719
6.26597 0 0.117903 24.0021 15.3151 8.68703
6.27594 0 0.117092 24.0021 15.4602 8.54185
6.28592 0 0.116265 24.0021 15.6198 8.38225
6.2959 0 0.115424 24.002 15.7932 8.20886
6.30588 0 0.11457 24.002 15.9796 8.02235
6.31585 0 0.113704 24.0019 16.1785 7.82345
6.32583 0 0.112828 24.0019 16.389 7.61291
6.33581 0 0.111943 24.0018 16.6103 7.39153
6.34579 0 0.11105 24.0018 16.8417 7.16009
6.35577 0 0.110153 24.0017 17.0823 6.91944
6.36574 0 0.109251 24.0017 17.3313 6.67039
6.37572 0 0.108347 24.0016 17.5878 6.4138
6.3857 0 0.107442 24.0016 17.8511 6.1505
6.39568 0 0.106539 24.0015 18.1202 5.88133
6.40565 0 0.10564 24.0015 18.3944 5.6071
6.41563 0 0.104746 24.0014 18.6728 5.32864
6.42561 0 0.103859 24.0014 18.9546 5.04674
6.43559 0 0.102981 24.0013 19.2392 4.76217
6.44556 0 0.102114 24.0013 19.5256 4.47568
6.45554 0 0.101261 24.0013 19.8133 4.18799
6.46552 0 0.100422 24.0012 20.1014 3.89978
6.4755 0 0.0996008 24.0012 20.3895 3.61172
6.48547 0 0.0987984 24.0012 20.6767 3.32443
6.49545 0 0.098017 24.0011 20.9626 3.0385
6.50543 0 0.0972586 23.9736 21.2126 2.76098
6.51541 0 0.0965248 23.9722 21.4175 2.55477
6.52539 0 0.0958172 23.9722 21.6104 2.36181
6.53536 0 0.0951372 23.9722 21.7992 2.17298
6.54534 0 0.0944861 23.9722 21.9836 1.98864
6.55532 0 0.0938652 23.9722 22.1631 1.8091
6.5653 0 0.0932757 23.9722 22.3375 1.63466
6.57527 0 0.092719 23.9722 22.5066 1.46556
6.58525 0 0.0921961 23.9721 22.6701 1.30204
6.59523 0 0.0917083 23.9715 22.8251 1.14642
6.60521 0 0.0912565 23.9715 22.9714 1.00013
6.61518 0 0.0908417 23.9715 23.1115 0.860042
6.62516 0 0.0904651 23.9715 23.2452 0.726275
6.63514 0 0.0901274 23.9715 23.3726 0.598928
6.64512 0 0.0898295 23.9715 23.4934 0.478074
6.65509 0 0.0895723 23.9715 23.6078 0.363761
6.66507 0 0.0893565 23.9715 23.7155 0.256019
6.67505 0 0.0891828 23.9715 23.8167 0.154855
6.68503 0 0.0890518 23.9715 23.9113 0.0602582
6.69501 0 0.0889643 23.9715 23.9993 -0.0278013
6.70498 0 0.0889207 23.9715 24.0809 -0.10937
6.71496 0 0.0889216 23.9716 24.1561 -0.18451
6.72494 0 0.0889674 23.9716 24.2249 -0.253298
6.73492 0 0.0890586 23.9716 24.2874 -0.315826
6.74489 0 0.0891955 23.9716 24.3438 -0.372198
6.75487 0 0.0893784 23.9716 24.3941 -0.42253
6.76485 0 0.0896077 23.9716 24.4386 -0.466949
6.77483 0 0.0898836 23.9716 24.4772 -0.505591
6.7848 0 0.0902063 23.9716 24.5102 -0.538603
6.79478 0 0.090576 23.9717 24.5378 -0.566141
6.80476 0 0.0909927 23.9717 24.56 -0.588366
6.81474 0 0.0914567 23.9717 24.5771 -0.605449
6.82472 0 0.0919678 23.9717 24.5893 -0.617564
6.83469 0 0.0925262 23.9717 24.5966 -0.624895
6.84467 0 0.0931318 23.9717 24.5994 -0.627626
6.85465 0 0.0937846 23.9859 24.5629 -0.576929
6.86463 0 0.0944843 23.9859 24.4875 -0.501589
6.8746 0 0.0952304 23.9859 24.4086 -0.422705
6.88458 0 0.0960224 23.9885 24.3136 -0.325112
6.89456 0 0.0968597 23.9885 24.2022 -0.213735
6.90454 0 0.0977417 23.9885 24.0871 -0.0986285
6.91451 0 0.0986676 23.9885 23.9684 0.0201092
6.92449 0 0.0996367 23.9885 23.8461 0.142378
6.93447 0 0.100648 23.9885 23.7204 0.268073
6.94445 0 0.101701 23.9815 23.5776 0.40388
6.95442 0 0.102795 23.9815 23.4185 0.562996
6.9644 0 0.103929 23.9815 23.2578 0.723637
6.97438 0 0.105102 23.9815 23.0957 0.88573
6.98436 0 0.106313 23.9815 22.9323 1.0492
6.99434 0 0.107561 23.9815 22.7675 1.21397
7.00431 0 0.108845 23.9815 22.6015 1.37995
7.01429 0 0.110163 23.9815 22.4344 1.54707
7.02427 0 0.111516 23.9815 22.2662 1.71523
7.03425 0 0.112902 23.9815 22.0971 1.88434
7.04422 0 0.11432 23.9815 21.9272 2.05431
7.0542 0 0.115769 23.9815 21.7565 2.22503
7.06418 0 0.117247 23.9815 21.5851 2.39641
7.07416 0 0.118755 23.9815 21.4132 2.56834
7.08413 0 0.12029 23.9815 21.2408 2.7407
7.09411 0 0.121853 23.9815 21.0681 2.91338
7.10409 0 0.123441 23.9815 20.8953 3.08626
7.11407 0 0.125054 23.9815 20.7223 3.25921
7.12404 0 0.12669 23.9815 20.5494 3.43212
7.13402 0 0.128349 23.9815 20.3767 3.60484
7.144 0 0.13003 23.9816 20.2043 3.77724
7.15398 0 0.131731 23.9816 20.0324 3.94917
7.16396 0 0.133452 23.9816 19.8611 4.12049
7.17393 0 0.135191 23.9816 19.6905 4.29104
7.18391 0 0.136948 23.9816 19.5209 4.46066
7.19389 0 0.138721 23.9816 19.3524 4.62919
7.20387 0 0.140509 23.9816 19.1851 4.79647
7.21384 0 0.142312 23.9816 19.0193 4.96232
7.22382 0 0.144128 23.9816 18.8551 5.12655
7.2338 0 0.145956 23.9816 18.6926 5.28899
7.24378 0 0.147795 23.9817 18.5322 5.44945
7.25375 0 0.149645 23.9817 18.3739 5.60774
7.26373 0 0.151504 23.9817 18.218 5.76365
7.27371 0 0.153371 23.9817 18.0647 5.917
7.28369 0 0.155246 23.9817 17.9141 6.06757
7.29366 0 0.157127 23.9817 17.7665 6.21516
7.30364 0 0.159014 23.9817 17.6222 6.35956
7.31362 0 0.160906 23.9817 17.4812 6.50056
7.3236 0 0.162801 23.9818 17.3438 6.63795
7.33358 0 0.1647 23.9818 17.2102 6.77151
7.34355 0 0.1666 23.9818 17.0807 6.90104
7.35353 0 0.168502 23.9818 16.9555 7.02631
7.36351 0 0.170405 23.9818 16.8347 7.14713
7.37349 0 0.172307 23.9818 16.7185 7.26327
7.38346 0 0.174209 23.9818 16.6073 7.37455
7.39344 0 0.176109 23.9818 16.5011 7.48076
7.40342 0 0.178007 23.9818 16.4001 7.58171
7.4134 0 0.179902 23.9819 16.3047 7.6772
7.42337 0 0.181794 23.9819 16.2148 7.76707
7.43335 0 0.183682 23.9819 16.1307 7.85113
7.44333 0 0.185565 23.9819 16.0527 7.92924
7.45331 0 0.187444 23.9819 15.9807 8.00123
7.46328 0 0.189318 23.9819 15.9149 8.06696
7.47326 0 0.191186 23.9819 15.8556 8.12632
7.48324 0 0.193048 23.9819 15.8027 8.17917
7.49322 0 0.194904 23.9819 15.7565 8.22543
7.5032 0 0.196754 23.9819 15.7169 8.265
7.51317 0 0.198597 23.9836 15.6122 8.37143
7.52315 0 0.200432 23.9836 15.4408 8.54276
7.53313 0 0.20226 23.9836 15.2731 8.71052
7.54311 0 0.204078 23.9836 15.1089 8.87467
7.55308 0 0.205886 23.9836 14.9484 9.03516
7.56306 0 0.207683 23.9836 14.7916 9.19194
7.57304 0 0.209468 23.9836 14.6386 9.345
7.58302 0 0.21124 23.9836 14.4893 9.4943
7.59299 0 0.212999 23.9836 14.3438 9.63982
7.60297 0 0.214742 23.9836 14.202 9.78156
7.61295 0 0.216471 23.9836 14.0641 9.91948
7.62293 0 0.218183 23.9836 13.93 10.0536
7.6329 0 0.219878 23.9836 13.7997 10.1838
7.64288 0 0.221555 23.9836 13.6734 10.3102
7.65286 0 0.223214 23.9836 13.5509 10.4327
7.66284 0 0.224854 23.9836 13.4323 10.5512
7.67282 0 0.226474 23.9836 13.3178 10.6658
7.68279 0 0.228073 23.9836 13.2073 10.7763
7.69277 0 0.229651 23.9836 13.1009 10.8827
7.70275 0 0.231207 23.9836 12.9987 10.9848
7.71273 0 0.232741 23.9853 12.895 11.0903
7.7227 0 0.234252 23.9853 12.7898 11.1955
7.73268 0 0.235739 23.9853 12.6893 11.296
7.74266 0 0.237202 23.8841 12.4561 11.428
7.75264 0 0.23864 23.8841 12.0872 11.7969
7.76261 0 0.24005 23.8841 11.7165 12.1676
7.77259 0 0.241429 23.8842 11.3449 12.5393
7.78257 0 0.242777 23.8842 10.9731 12.9111
7.79255 0 0.244089 23.8843 10.6023 13.282
7.80253 0 0.245363 23.8844 10.2334 13.6509
7.8125 0 0.246597 23.8844 9.86751 14.0169
7.82248 0 0.247789 23.8845 9.50572 14.3788
7.83246 0 0.248935 23.8846 9.14922 14.7353
7.84244 0 0.250033 23.8846 8.79925 15.0854
7.85241 0 0.251082 23.8847 8.45705 15.4276
7.86239 0 0.252077 23.8848 8.12394 15.7608
7.87237 0 0.253018 23.8849 7.80122 16.0836
7.88235 0 0.253902 23.8849 7.49026 16.3947
7.89232 0 0.254726 23.885 7.1924 16.6926
7.9023 0 0.255488 23.8851 6.90901 16.9761
7.91228 0 0.256187 23.8852 6.64146 17.2437
7.92226 0 0.25682 23.8852 6.39108 17.4942
7.93223 0 0.257385 23.8853 6.15921 17.7261
7.94221 0 0.257881 23.8854 5.94713 17.9383
7.95219 0 0.258306 23.8855 5.75608 18.1294
7.96217 0 0.258659 23.8855 5.58725 18.2983
7.97215 0 0.258938 23.8856 5.44176 18.4438
7.98212 0 0.259142 23.8857 5.32066 18.565
7.9921 0 0.25927 23.8857 5.2249 18.6608
8.00208 0 0.259322 23.8858 5.15533 18.7304
8.01206 0 0.259296 23.8858 5.1127 18.7731
8.02203 0 0.259193 23.8858 5.09764 18.7882
8.03201 0 0.259011 23.8859 5.11064 18.7752
8.04199 0 0.258751 23.8859 5.15206 18.7338
8.05197 0 0.258414 23.8859 5.22215 18.6637
8.06194 0 0.257999 23.8859 5.32097 18.5649
8.07192 0 0.257506 23.8859 5.44846 18.4374
8.0819 0 0.256938 23.8858 5.6044 18.2814
8.09188 0 0.256294 23.8858 5.78842 18.0974
8.10185 0 0.255577 23.8858 6.00002 17.8857
8.11183 0 0.254786 23.8857 6.23854 17.6472
8.12181 0 0.253925 23.8857 6.50316 17.3825
8.13179 0 0.252994 23.8856 6.79298 17.0926
8.14177 0 0.251996 23.8855 7.10692 16.7786
8.15174 0 0.250933 23.8855 7.44382 16.4416
8.16172 0 0.249807 23.8854 7.80241 16.083
8.1717 0 0.248621 23.8853 8.18132 15.704
8.18168 0 0.247376 23.8852 8.57911 15.3061
8.19165 0 0.246077 23.8851 8.99426 14.8908
8.20163 0 0.244725 23.885 9.4252 14.4598
8.21161 0 0.243324 23.8849 9.87034 14.0146
8.22159 0 0.241877 23.8848 10.328 13.5568
8.23156 0 0.240387 23.8847 10.7967 13.088
8.24154 0 0.238857 23.8846 11.2746 12.61
8.25152 0 0.23729 23.8845 11.7602 12.1243
8.2615 0 0.23569 23.8844 12.2518 11.6326
8.27147 0 0.23406 23.8843 12.748 11.1364
8.28145 0 0.232404 23.8843 13.2471 10.6372
8.29143 0 0.230724 23.8842 13.7478 10.1364
8.30141 0 0.229025 23.8841 14.2486 9.63555
8.31139 0 0.227309 23.884 14.7482 9.13589
8.32136 0 0.225581 23.884 15.2453 8.63868
8.33134 0 0.223842 23.8839 15.7388 8.1451
8.34132 0 0.222098 23.8839 16.2276 7.65626
8.3513 0 0.22035 23.8838 16.7107 7.17314
8.36127 0 0.218602 23.8838 17.1871 6.69669
8.37125 0 0.216858 23.8838 17.656 6.22774
8.38123 0 0.21512 23.8837 18.1167 5.76705
8.39121 0 0.213391 23.8837 18.5684 5.31529
8.40118 0 0.211674 23.7295 18.7427 4.98686
8.41116 0 0.209971 23.7296 18.6447 5.0849
8.42114 0 0.208281 23.7296 18.5489 5.18067
8.43112 0 0.206604 23.7296 18.4558 5.27381
8.44109 0 0.204938 23.7296 18.3657 5.36397
8.45107 0 0.203283 23.7296 18.2789 5.45076
8.46105 0 0.201638 23.7297 18.1959 5.53381
8.47103 0 0.200002 23.7297 18.1169 5.61276
8.48101 0 0.198376 23.7297 18.0425 5.68722
8.49098 0 0.196757 23.7268 17.9571 5.76976
8.50096 0 0.195145 23.7269 17.8606 5.86627
8.51094 0 0.19354 23.7269 17.7687 5.95818
8.52092 0 0.191941 23.7269 17.6818 6.04509
8.53089 0 0.190346 23.7269 17.6003 6.12667
8.54087 0 0.188757 23.727 17.5244 6.20255
8.55085 0 0.187171 23.727 17.4546 6.2724
8.56083 0 0.185588 23.727 17.3911 6.3359
8.5708 0 0.184008 23.727 17.3342 6.39278
8.58078 0 0.18243 23.727 17.2843 6.44274
8.59076 0 0.180854 23.7224 17.2357 6.48669
8.60074 0 0.179279 23.7224 17.189 6.5334
8.61072 0 0.177705 23.7224 17.1503 6.57206
8.62069 0 0.176132 23.7224 17.1199 6.6025
8.63067 0 0.17456 23.7224 17.0978 6.62458
8.64065 0 0.172987 23.7224 17.0842 6.63818
8.65063 0 0.171415 23.7224 17.0792 6.64323
8.6606 0 0.169843 23.7224 17.0827 6.6397
8.67058 0 0.16827 23.7224 17.0948 6.62758
8.68056 0 0.166698 23.7224 17.1155 6.60688
8.69054 0 0.165126 23.7224 17.1447 6.57769
8.70051 0 0.163554 23.7224 17.1823 6.54008
8.71049 0 0.161983 23.7224 17.2282 6.4942
8.72047 0 0.160412 23.7224 17.2822 6.44019
8.73045 0 0.158843 23.7224 17.3441 6.37824
8.74042 0 0.157276 23.7223 17.4138 6.30857
8.7504 0 0.155711 23.7223 17.4909 6.23142
8.76038 0 0.154148 23.7223 17.5753 6.14705
8.77036 0 0.152589 23.7223 17.6666 6.05574
8.78034 0 0.151034 23.7223 17.7645 5.95779
8.79031 0 0.149483 23.7223 17.8687 5.85352
8.80029 0 0.147937 23.7222 17.979 5.74326
8.81027 0 0.146398 23.7222 18.0949 5.62735
8.82025 0 0.144865 23.7222 18.2161 5.50613
8.83022 0 0.143341 23.7222 18.3422 5.37997
8.8402 0 0.141824 23.7221 18.4729 5.24921
8.85018 0 0.140318 23.7221 18.6079 5.11421
8.86016 0 0.138822 23.7221 18.7468 4.97534
8.87013 0 0.137337 23.7224 18.8721 4.85031
8.88011 0 0.135864 23.7224 18.9835 4.73884
8.89009 0 0.134405 23.7223 19.0979 4.62446
8.90007 0 0.132959 23.7223 19.2148 4.50753
8.91004 0 0.131528 23.7223 19.3339 4.38839
8.92002 0 0.130113 23.7223 19.4549 4.26736
8.93 0 0.128715 23.7223 19.5775 4.14477
8.93998 0 0.127334 23.7222 19.7013 4.02092
8.94996 0 0.125971 23.7222 19.8261 3.8961
8.95993 0 0.124627 23.7222 19.9516 3.77058
8.96991 0 0.123303 23.7222 20.0776 3.64463
8.97989 0 0.122 23.7222 20.2037 3.51849
8.98987 0 0.120719 23.7222 20.3298 3.3924
8.99984 0 0.11946 23.7222 20.4556 3.26657
9.00982 0 0.118225 23.7222 20.581 3.1412
9.0198 0 0.117014 23.7221 20.7057 3.01648
9.02978 0 0.115828 23.7221 20.8296 2.89257
9.03975 0 0.114668 23.7306 20.9221 2.80851
9.04973 0 0.113534 23.7306 20.9815 2.74908
9.05971 0 0.112428 23.7306 21.0367 2.69387
9.06969 0 0.111348 23.7306 21.0876 2.64297
9.07966 0 0.110297 23.7306 21.1341 2.59647
9.08964 0 0.109273 23.7306 21.1761 2.55446
9.09962 0 0.108278 23.7306 21.2136 2.51697
9.1096 0 0.107312 23.7306 21.2465 2.48406
9.11958 0 0.106374 23.7306 21.2748 2.45576
9.12955 0 0.105466 23.7306 21.2985 2.43208
9.13953 0 0.104586 23.7306 21.3176 2.41303
9.14951 0 0.103736 23.7306 21.332 2.39859
9.15949 0 0.102915 23.7306 21.3418 2.38875
9.16946 0 0.102124 23.7306 21.3471 2.38347
9.17944 0 0.101362 23.7306 21.3479 2.38271
9.18942 0 0.100629 23.7306 21.3442 2.38641
9.1994 0 0.0999256 23.7306 21.3361 2.39449
9.20937 0 0.0992515 23.7306 21.3237 2.40688
9.21935 0 0.0986064 23.7306 21.3071 2.42349
9.22933 0 0.0979903 23.7306 21.2864 2.44421
9.23931 0 0.0974029 23.7306 21.2617 2.46891
9.24928 0 0.096844 23.7306 21.2332 2.49748
9.25926 0 0.0963133 23.7306 21.2009 2.52977
9.26924 0 0.0958106 23.7307 21.165 2.56562
9.27922 0 0.0953355 23.7307 21.1258 2.60487
9.2892 0 0.0948876 23.7307 21.0833 2.64734
9.29917 0 0.0944667 23.7307 21.0378 2.69285
9.30915 0 0.0940724 23.7307 20.9895 2.74117
9.31913 0 0.0937041 23.7307 20.9386 2.7921
9.32911 0 0.0933614 23.7067 20.8608 2.84582
9.33908 0 0.0930439 23.7072 20.7539 2.95337
9.34906 0 0.0927508 23.7072 20.6421 3.06512
9.35904 0 0.0924812 23.7073 20.5285 3.17871
9.36902 0 0.0922344 23.7073 20.4135 3.29382
9.37899 0 0.0920095 23.7073 20.2972 3.41009
9.38897 0 0.0918056 23.7073 20.1802 3.52717
9.39895 0 0.091622 23.7074 20.0627 3.64469
9.40893 0 0.0914578 23.7074 19.9451 3.76228
9.4189 0 0.091312 23.7074 19.8279 3.87952
9.42888 0 0.0911839 23.7074 19.7114 3.99602
9.43886 0 0.0910726 23.7075 19.5961 4.11137
9.44884 0 0.0909772 23.7075 19.4823 4.22513
9.45882 0 0.0908968 23.7075 19.3706 4.33689
9.46879 0 0.0908307 23.7075 19.2613 4.4462
9.47877 0 0.090778 23.7076 19.1549 4.55264
9.48875 0 0.0907379 23.7076 19.0518 4.65576
9.49873 0 0.0907096 23.7076 18.9525 4.75513
9.5087 0 0.0906923 23.7076 18.8573 4.85032
9.51868 0 0.0906854 23.7077 18.7668 4.9409
9.52866 0 0.0906881 23.7077 18.6812 5.02645
9.53864 0 0.0906997 23.7077 18.6011 5.10657
9.54861 0 0.0907196 23.7077 18.5269 5.18086
9.55859 0 0.0907472 23.7078 18.4588 5.24894
9.56857 0 0.090782 23.7078 18.3973 5.31046
9.57855 0 0.0908235 23.7078 18.3428 5.36506
9.58853 0 0.0908712 23.7055 18.2908 5.41469
9.5985 0 0.0909247 23.7055 18.2423 5.46324
9.60848 0 0.0909836 23.7056 18.2023 5.50323
9.61846 0 0.0910475 23.7056 18.1711 5.53445
9.62844 0 0.0911164 23.7056 18.1489 5.55671
9.63841 0 0.0911899 23.7056 18.1357 5.56985
9.64839 0 0.0912679 23.7056 18.1318 5.57377
9.65837 0 0.0913504 23.7056 18.1372 5.56836
9.66835 0 0.0914373 23.7056 18.152 5.55359
9.67832 0 0.0915287 23.7056 18.1762 5.52942
9.6883 0 0.0916249 23.7056 18.2097 5.49587
9.69828 0 0.0917258 23.7056 18.2526 5.45299
9.70826 0 0.091832 23.7056 18.3047 5.40086
9.71823 0 0.0919435 23.706 18.3624 5.34356
9.72821 0 0.092061 23.7037 18.4219 5.28178
9.73819 0 0.0921847 23.7037 18.4861 5.21758
9.74817 0 0.0923151 23.7036 18.5578 5.14579
9.75815 0 0.0924527 23.7036 18.6369 5.06668
9.76812 0 0.0925982 23.7036 18.723 4.98056
9.7781 0 0.0927521 23.7036 18.8158 4.88774
9.78808 0 0.0929152 23.7036 18.915 4.78857
9.79806 0 0.093088 23.7035 19.0201 4.68344
9.80803 0 0.0932715 23.7035 19.1308 4.57272
9.81801 0 0.0934663 23.7035 19.2466 4.45683
9.82799 0 0.0936733 23.7034 19.3673 4.33618
9.83797 0 0.0938934 23.7034 19.4922 4.21121
9.84794 0 0.0941275 23.7034 19.621 4.08236
9.85792 0 0.0943765 23.7034 19.7533 3.95008
9.8679 0 0.0946414 23.7033 19.8885 3.81482
9.87788 0 0.0949231 23.7033 20.0263 3.67705
9.88785 0 0.0952226 23.7033 20.1661 3.53721
9.89783 0 0.0955409 23.7033 20.3075 3.39577
9.90781 0 0.0958791 23.7032 20.4501 3.25318
9.91779 0 0.0962381 23.7032 20.5933 3.10988
9.92777 0 0.096619 23.7032 20.7369 2.96632
9.93774 0 0.0970228 23.7031 20.8802 2.82292
9.94772 0 0.0974505 23.7031 21.023 2.68012
9.9577 0 0.0979031 23.7031 21.1648 2.53832
9.96768 0 0.0983817 23.7071 21.2592 2.44783
9.97765 0 0.0988868 23.7071 21.3046 2.40247
