0.00997765 0 3.39242e-05 21.5234 27.2098 -5.6864
0.0199553 0 0.000135618 21.5234 27.1765 -5.6531
0.029933 0 0.00030495 21.5234 27.1397 -5.61638
0.0399106 0 0.000541773 21.5233 27.0994 -5.5761
0.0498883 0 0.000845919 21.5233 27.0554 -5.53209
0.0598659 0 0.0012172 21.5233 27.0075 -5.48417
0.0698436 0 0.00165542 21.5233 26.9555 -5.43218
0.0798212 0 0.00216033 21.5233 26.8992 -5.37592
0.0897989 0 0.0027317 21.5233 26.8385 -5.31521
0.0997765 0 0.00336924 21.5232 26.7731 -5.24986
0.109754 0 0.00407264 21.5232 26.7029 -5.17966
0.119732 0 0.0048416 21.5232 26.6276 -5.10441
0.129709 0 0.00567573 21.5232 26.5471 -5.02389
0.139687 0 0.00657466 21.5232 26.4611 -4.93789
0.149665 0 0.00753797 21.5231 26.3693 -4.84617
0.159642 0 0.0085652 21.5231 26.2716 -4.7485
0.16962 0 0.00965587 21.5231 26.1678 -4.64466
0.179598 0 0.0108094 21.5231 26.0575 -4.53439
0.189575 0 0.0120254 21.5231 25.9405 -4.41745
0.199553 0 0.013303 21.523 25.8166 -4.29359
0.209531 0 0.0146418 21.523 25.6856 -4.16255
0.219508 0 0.016041 21.523 25.5471 -4.02407
0.229486 0 0.0174998 21.523 25.4008 -3.87788
0.239464 0 0.0190175 21.5229 25.2467 -3.72374
0.249441 0 0.0205932 21.5229 25.0843 -3.56135
0.259419 0 0.0222261 21.5229 24.9134 -3.39047
0.269397 0 0.0239152 21.5229 24.7337 -3.21082
0.279374 0 0.0256595 21.5228 24.545 -3.02214
0.289352 0 0.027458 21.5228 24.347 -2.82417
0.29933 0 0.0293094 21.5228 24.1394 -2.61665
0.309307 0 0.0312127 21.5228 23.9221 -2.39933
0.319285 0 0.0331665 21.5227 23.6947 -2.17197
0.329263 0 0.0351695 21.5227 23.4571 -1.93434
0.33924 0 0.0372204 21.5227 23.2089 -1.68622
0.349218 0 0.0393177 21.5227 22.9501 -1.4274
0.359196 0 0.0414597 21.5226 22.6803 -1.15769
0.369173 0 0.043645 21.5226 22.3995 -0.87693
0.379151 0 0.0458717 21.5226 22.1076 -0.584971
0.389128 0 0.0481381 21.5226 21.8043 -0.281692
0.399106 0 0.0504423 21.5226 21.4896 0.0329955
0.409084 0 0.0527824 21.5226 21.1634 0.35915
0.419061 0 0.0551563 21.5225 20.8257 0.696794
0.429039 0 0.0575618 21.5225 20.4766 1.04591
0.439017 0 0.0599969 21.5225 20.1161 1.40643
0.448994 0 0.0624591 21.5225 19.7443 1.77825
0.458972 0 0.064946 21.5225 19.3613 2.1612
0.46895 0 0.0674552 21.5225 18.9675 2.55507
0.478927 0 0.0699841 21.5225 18.563 2.95957
0.488905 0 0.0725301 21.5225 18.1482 3.37437
0.498883 0 0.0750903 21.5226 17.7235 3.79904
0.50886 0 0.077662 21.5226 17.2895 4.23311
0.518838 0 0.0802422 21.5226 16.8466 4.67601
0.528816 0 0.082828 21.5227 16.3956 5.1271
0.538793 0 0.0854164 21.5227 15.937 5.58566
0.548771 0 0.0880041 21.5227 15.4719 6.05088
0.558749 0 0.090588 21.5228 15.0009 6.52187
0.568726 0 0.0931648 21.5228 14.5252 6.99765
0.578704 0 0.0957313 21.5229 14.0458 7.47715
0.588682 0 0.0982841 21.523 13.5638 7.9592
0.598659 0 0.10082 21.523 13.0805 8.44257
0.608637 0 0.103335 21.5231 12.5972 8.92594
0.618615 0 0.105826 21.5232 12.1153 9.40788
0.628592 0 0.108291 21.5233 11.6364 9.88694
0.63857 0 0.110724 21.5234 11.1619 10.3615
0.648547 0 0.113123 21.5235 10.6934 10.8301
0.658525 0 0.115485 21.5236 10.2327 11.2909
0.668503 0 0.117806 21.5237 9.78145 11.7423
0.67848 0 0.120083 21.5238 9.34137 12.1824
0.688458 0 0.122313 21.5239 8.91424 12.6097
0.698436 0 0.124493 21.524 8.50184 13.0222
0.708413 0 0.126619 21.5241 8.10593 13.4182
0.718391 0 0.12869 21.5242 7.72825 13.796
0.728369 0 0.130701 21.5243 7.37051 14.1538
0.738346 0 0.132651 21.5244 7.03438 14.4901
0.748324 0 0.134537 21.5245 6.72143 14.8031
0.758302 0 0.136357 21.5246 6.43317 15.0914
0.768279 0 0.138108 21.5247 6.17101 15.3537
0.778257 0 0.139789 21.5181 5.92019 15.5979
0.788235 0 0.141399 21.5182 5.6803 15.8379
0.798212 0 0.142934 21.5182 5.46756 16.0507
0.80819 0 0.144395 21.5183 5.28283 16.2355
0.818168 0 0.145779 21.5183 5.12683 16.3915
0.828145 0 0.147086 21.5183 5.00012 16.5182
0.838123 0 0.148314 21.5184 4.9031 16.6153
0.848101 0 0.149464 21.5161 4.83315 16.683
0.858078 0 0.150535 21.5161 4.79006 16.7261
0.868056 0 0.151526 21.5161 4.77653 16.7396
0.878034 0 0.152438 21.5161 4.79231 16.7238
0.888011 0 0.153271 21.5161 4.83699 16.6791
0.897989 0 0.154026 21.516 4.91001 16.606
0.907966 0 0.154702 21.516 5.01065 16.5053
0.917944 0 0.155302 21.5159 5.13808 16.3778
0.927922 0 0.155827 21.5158 5.29131 16.2245
0.937899 0 0.156277 21.5158 5.46926 16.0465
0.947877 0 0.156654 21.5157 5.67075 15.8449
0.957855 0 0.15696 21.5156 5.8945 15.6211
0.967832 0 0.157197 21.5155 6.13917 15.3763
0.97781 0 0.157367 21.5154 6.40334 15.1121
0.987788 0 0.157471 21.5153 6.68556 14.8298
0.997765 0 0.157512 21.5152 6.98434 14.5309
1.00774 0 0.157493 21.5151 7.29819 14.217
1.01772 0 0.157416 21.5151 7.62559 13.8895
1.0277 0 0.157283 21.515 7.96504 13.5499
1.03768 0 0.157097 21.5149 8.31504 13.1998
1.04765 0 0.15686 21.5148 8.67416 12.8406
1.05763 0 0.156576 21.5147 9.04095 12.4738
1.06761 0 0.156248 21.5146 9.41406 12.1006
1.07759 0 0.155877 21.5146 9.79215 11.7224
1.08756 0 0.155467 21.5145 10.174 11.3405
1.09754 0 0.15502 21.5144 10.5583 10.9561
1.10752 0 0.15454 21.5144 10.944 10.5704
1.1175 0 0.154029 21.5143 11.33 10.1843
1.12747 0 0.153491 21.5143 11.7154 9.79887
1.13745 0 0.152927 21.5142 12.0992 9.41505
1.14743 0 0.15234 21.5142 12.4805 9.03367
1.15741 0 0.151734 21.5142 12.8587 8.65551
1.16739 0 0.15111 21.513 13.2281 8.28496
1.17736 0 0.150472 21.513 13.5876 7.92536
1.18734 0 0.149821 21.513 13.9412 7.57179
1.19732 0 0.149162 21.513 14.2882 7.22477
1.2073 0 0.148494 21.5129 14.6282 6.88478
1.21727 0 0.147822 21.5129 14.9607 6.55222
1.22725 0 0.147147 21.5129 15.2855 6.22745
1.23723 0 0.146472 21.5129 15.6022 5.91076
1.24721 0 0.145798 21.5129 15.9105 5.6024
1.25718 0 0.145128 21.5129 16.2103 5.30258
1.26716 0 0.144464 21.5129 16.5015 5.01146
1.27714 0 0.143806 21.5129 16.7838 4.72917
1.28712 0 0.143159 21.4849 17.026 4.45884
1.29709 0 0.142522 21.4849 17.2276 4.25731
1.30707 0 0.141897 21.4849 17.4192 4.06566
1.31705 0 0.141286 21.4849 17.6011 3.8838
1.32703 0 0.14069 21.4849 17.7733 3.71161
1.33701 0 0.14011 21.4849 17.936 3.54894
1.34698 0 0.139546 21.485 18.0893 3.39563
1.35696 0 0.139001 21.485 18.2335 3.25152
1.36694 0 0.138474 21.485 18.3686 3.11642
1.37692 0 0.137967 21.485 18.4949 2.99015
1.38689 0 0.13748 21.485 18.6125 2.8725
1.39687 0 0.137014 21.4851 18.7218 2.76327
1.40685 0 0.13657 21.4851 18.8228 2.66225
1.41683 0 0.136148 21.4851 18.9159 2.56924
1.4268 0 0.135749 21.4851 19.0011 2.48401
1.43678 0 0.135374 21.484 19.074 2.41003
1.44676 0 0.135022 21.4841 19.1349 2.34919
1.45674 0 0.134694 21.4841 19.1888 2.29533
1.46672 0 0.134391 21.4841 19.2359 2.24821
1.47669 0 0.134113 21.4841 19.2765 2.20762
1.48667 0 0.13386 21.4841 19.3108 2.17334
1.49665 0 0.133631 21.4842 19.339 2.14514
1.50663 0 0.133428 21.4842 19.3614 2.12282
1.5166 0 0.133251 21.4842 19.378 2.10614
1.52658 0 0.133098 21.4842 19.3893 2.09491
1.53656 0 0.132972 21.4842 19.3953 2.08891
1.54654 0 0.13287 21.4842 19.3963 2.08793
1.55651 0 0.132794 21.4843 19.3925 2.09176
1.56649 0 0.132743 21.4843 19.3841 2.10021
1.57647 0 0.132718 21.4843 19.3712 2.11306
1.58645 0 0.132717 21.4843 19.3542 2.13012
1.59642 0 0.132742 21.4843 19.3331 2.15117
1.6064 0 0.132791 21.4843 19.3083 2.17602
1.61638 0 0.132864 21.4843 19.2799 2.20447
1.62636 0 0.132962 21.4844 19.2481 2.2363
1.63634 0 0.133084 21.4844 19.213 2.27132
1.64631 0 0.133229 21.4844 19.1751 2.30932
1.65629 0 0.133398 21.4791 19.1289 2.35014
1.66627 0 0.13359 21.4791 19.0755 2.40354
1.67625 0 0.133805 21.4791 19.0211 2.45804
1.68622 0 0.134042 21.4791 18.9656 2.51351
1.6962 0 0.134301 21.4791 18.9093 2.56979
1.70618 0 0.134581 21.4791 18.8524 2.62672
1.71616 0 0.134883 21.4791 18.795 2.68415
1.72613 0 0.135205 21.4791 18.7372 2.7419
1.73611 0 0.135547 21.4792 18.6793 2.7998
1.74609 0 0.135909 21.4804 18.6163 2.86409
1.75607 0 0.136291 21.4804 18.5478 2.93269
1.76604 0 0.136692 21.4804 18.4782 3.00223
1.77602 0 0.137111 21.4805 18.4079 3.07259
1.786 0 0.137548 21.4805 18.3369 3.14361
1.79598 0 0.138002 21.4843 18.2507 3.23353
1.80596 0 0.138473 21.4843 18.1497 3.33451
1.81593 0 0.138961 21.4843 18.0487 3.43559
1.82591 0 0.139464 21.4843 17.9476 3.53666
1.83589 0 0.139982 21.4843 17.8466 3.63766
1.84587 0 0.140515 21.4679 17.7169 3.75105
1.85584 0 0.141061 21.4679 17.5585 3.90938
1.86582 0 0.141619 21.4679 17.4011 4.0668
1.8758 0 0.14219 21.4679 17.2448 4.22316
1.88578 0 0.142771 21.4679 17.0896 4.37832
1.89575 0 0.143362 21.4679 16.9358 4.53215
1.90573 0 0.143961 21.4679 16.7834 4.68454
1.91571 0 0.144569 21.4679 16.6326 4.83535
1.92569 0 0.145183 21.4679 16.4835 4.98448
1.93566 0 0.145803 21.4679 16.3361 5.13183
1.94564 0 0.146429 21.4679 16.1906 5.27731
1.95562 0 0.147058 21.4679 16.0471 5.42083
1.9656 0 0.147691 21.4679 15.9056 5.56234
1.97558 0 0.148326 21.4679 15.7662 5.70177
1.98555 0 0.148963 21.4679 15.6289 5.83909
1.99553 0 0.149601 21.4679 15.4937 5.97427
2.00551 0 0.150239 21.4679 15.3606 6.10731
2.01549 0 0.150876 21.4679 15.2297 6.2382
2.02546 0 0.151511 21.4679 15.1009 6.36698
2.03544 0 0.152144 21.4679 14.9742 6.49367
2.04542 0 0.152774 21.4679 14.8496 6.61835
2.0554 0 0.1534 21.4679 14.7268 6.74106
2.06537 0 0.154021 21.4679 14.606 6.86192
2.07535 0 0.154637 21.4679 14.4869 6.981
2.08533 0 0.155247 21.4679 14.3694 7.09844
2.09531 0 0.155851 21.4678 14.2535 7.21435
2.10528 0 0.156447 21.4678 14.1389 7.32889
2.11526 0 0.157035 21.4678 14.0256 7.4422
2.12524 0 0.157615 21.4678 13.9134 7.55443
2.13522 0 0.158185 21.4678 13.802 7.66577
2.1452 0 0.158745 21.4704 13.6883 7.78209
2.15517 0 0.159295 21.4704 13.5724 7.89805
2.16515 0 0.159833 21.4704 13.457 8.01341
2.17513 0 0.160359 21.4704 13.342 8.12833
2.18511 0 0.160873 21.4704 13.2274 8.24298
2.19508 0 0.161372 21.4703 13.1128 8.35751
2.20506 0 0.161858 21.4703 12.9983 8.47207
2.21504 0 0.162329 21.4703 12.8835 8.58679
2.22502 0 0.162784 21.4703 12.7685 8.70177
2.23499 0 0.163223 21.4703 12.6532 8.81712
2.24497 0 0.163645 21.4703 12.5374 8.93289
2.25495 0 0.164049 21.4703 12.4211 9.04914
2.26493 0 0.164434 21.4703 12.3044 9.16585
2.27491 0 0.1648 21.4703 12.1872 9.28302
2.28488 0 0.165145 21.4703 12.0697 9.40058
2.29486 0 0.165469 21.4703 11.9518 9.51843
2.30484 0 0.165771 21.4703 11.8339 9.63642
2.31482 0 0.166051 21.4703 11.7159 9.75437
2.32479 0 0.166306 21.4703 11.5982 9.87205
2.33477 0 0.166537 21.4703 11.4811 9.98919
2.34475 0 0.166742 21.4703 11.3649 10.1054
2.35473 0 0.16692 21.4704 11.2499 10.2205
2.3647 0 0.167071 21.4704 11.1365 10.3338
2.37468 0 0.167194 21.4704 11.0253 10.4451
2.38466 0 0.167287 21.4705 10.9167 10.5537
2.39464 0 0.167349 21.4705 10.8113 10.6592
2.40461 0 0.167381 21.4705 10.7095 10.761
2.41459 0 0.16738 21.4706 10.6122 10.8584
2.42457 0 0.167346 21.4706 10.5198 10.9508
2.43455 0 0.167279 21.4707 10.4331 11.0376
2.44453 0 0.167176 21.4707 10.3527 11.118
2.4545 0 0.167039 21.4703 10.1831 11.2872
2.46448 0 0.166864 21.4704 9.92712 11.5433
2.47446 0 0.16665 21.4705 9.68336 11.7871
2.48444 0 0.166395 21.4705 9.45299 12.0175
2.49441 0 0.166098 21.4706 9.23717 12.2334
2.50439 0 0.165756 21.4707 9.03703 12.4336
2.51437 0 0.165369 21.4707 8.85364 12.6171
2.52435 0 0.164934 21.4708 8.68801 12.7828
2.53432 0 0.164451 21.4708 8.54107 12.9298
2.5443 0 0.163917 21.4709 8.41369 13.0572
2.55428 0 0.163333 21.4709 8.30663 13.1643
2.56426 0 0.162696 21.471 8.22056 13.2504
2.57423 0 0.162007 21.4599 8.13552 13.3244
2.58421 0 0.161265 21.4599 8.05269 13.4072
2.59419 0 0.160469 21.4599 7.99329 13.4666
2.60417 0 0.159618 21.4599 7.95755 13.5024
2.61415 0 0.158713 21.4599 7.9456 13.5143
2.62412 0 0.157754 21.4599 7.95744 13.5025
2.6341 0 0.15674 21.4599 7.99295 13.467
2.64408 0 0.155671 21.4599 8.05191 13.408
2.65406 0 0.154549 21.4599 8.13394 13.3259
2.66403 0 0.153374 21.4598 8.2386 13.2212
2.67401 0 0.152146 21.4598 8.36532 13.0945
2.68399 0 0.150867 21.4597 8.51342 12.9463
2.69397 0 0.149538 21.4597 8.68215 12.7775
2.70394 0 0.14816 21.4596 8.87067 12.589
2.71392 0 0.146734 21.4596 9.07805 12.3815
2.7239 0 0.145262 21.4595 9.30333 12.1562
2.73388 0 0.143745 21.4594 9.54546 11.914
2.74385 0 0.142186 21.4594 9.80335 11.656
2.75383 0 0.140586 21.4593 10.0759 11.3834
2.76381 0 0.138948 21.4592 10.3619 11.0973
2.77379 0 0.137273 21.4592 10.6603 10.7988
2.78377 0 0.135563 21.4591 10.9699 10.4892
2.79374 0 0.133822 21.4611 11.2857 10.1754
2.80372 0 0.13205 21.461 11.6066 9.85449
2.8137 0 0.130251 21.461 11.9349 9.52607
2.82368 0 0.128427 21.4609 12.2696 9.19127
2.83365 0 0.126579 21.4609 12.6097 8.85116
2.84363 0 0.124712 21.4608 12.954 8.50678
2.85361 0 0.122826 21.4607 13.3016 8.15915
2.86359 0 0.120925 21.4607 13.6515 7.80922
2.87356 0 0.119011 21.4606 14.0027 7.45792
2.88354 0 0.117086 21.4606 14.3545 7.10612
2.89352 0 0.115153 21.4605 14.7059 6.75464
2.9035 0 0.113214 21.4605 15.0563 6.40425
2.91347 0 0.111272 21.4605 15.4048 6.05565
2.92345 0 0.109329 21.4604 15.7509 5.70953
2.93343 0 0.107387 21.4604 16.0939 5.36648
2.94341 0 0.105449 21.4604 16.4333 5.02707
2.95339 0 0.103517 21.4604 16.7686 4.69182
2.96336 0 0.101594 21.4604 17.0992 4.36117
2.97334 0 0.0996801 21.4603 17.4248 4.03555
2.98332 0 0.0977792 21.4603 17.745 3.71532
2.9933 0 0.0958929 21.4603 18.0595 3.4008
3.00327 0 0.0940232 21.4603 18.368 3.09228
3.01325 0 0.0921721 21.4603 18.6703 2.79
3.02323 0 0.0903417 21.4603 18.9661 2.49416
3.03321 0 0.0885337 21.4603 19.2554 2.20494
3.04318 0 0.0867499 21.4603 19.5379 1.92246
3.05316 0 0.0849922 21.4603 19.8135 1.64683
3.06314 0 0.0832622 21.4603 20.0822 1.37814
3.07312 0 0.0815617 21.4603 20.3439 1.11643
3.08309 0 0.0798922 21.4603 20.5986 0.861723
3.09307 0 0.0782553 21.4603 20.8463 0.614033
3.10305 0 0.0766524 21.4393 21.0528 0.386463
3.11303 0 0.075085 21.4393 21.2185 0.220805
3.12301 0 0.0735539 21.4393 21.3782 0.0610582
3.13298 0 0.0720602 21.4393 21.5322 -0.0928839
3.14296 0 0.0706048 21.4393 21.6805 -0.241135
3.15294 0 0.0691885 21.4393 21.8232 -0.383815
3.16292 0 0.0678122 21.4394 21.9604 -0.521051
3.17289 0 0.0664767 21.4394 22.0923 -0.652974
3.18287 0 0.0651828 21.4394 22.2191 -0.779717
3.19285 0 0.0639311 21.4394 22.3408 -0.90142
3.20283 0 0.0627224 21.4394 22.4576 -1.01822
3.2128 0 0.0615573 21.4394 22.5697 -1.13027
3.22278 0 0.0604364 21.4394 22.6771 -1.23769
3.23276 0 0.0593603 21.4395 22.7801 -1.34065
3.24274 0 0.0583296 21.4395 22.8787 -1.43928
3.25272 0 0.0573448 21.4395 22.9732 -1.53372
3.26269 0 0.0564064 21.4395 23.0636 -1.62412
3.27267 0 0.0555149 21.4395 23.1501 -1.71062
3.28265 0 0.0546707 21.4308 23.2145 -1.78373
3.29263 0 0.0538742 21.4308 23.2582 -1.82744
3.3026 0 0.0531256 21.4308 23.301 -1.87021
3.31258 0 0.0524252 21.4308 23.3429 -1.91209
3.32256 0 0.051773 21.4308 23.3839 -1.9531
3.33254 0 0.0511694 21.4308 23.4241 -1.9933
3.34251 0 0.0506145 21.4308 23.4635 -2.03272
3.35249 0 0.0501086 21.4308 23.5022 -2.07141
3.36247 0 0.0496517 21.4308 23.5402 -2.1094
3.37245 0 0.0492441 21.4308 23.5776 -2.14673
3.38242 0 0.048886 21.4308 23.6143 -2.18346
3.3924 0 0.0485775 21.4308 23.6504 -2.2196
3.40238 0 0.0483188 21.4308 23.686 -2.25521
3.41236 0 0.0481101 21.4308 23.7212 -2.29032
3.42234 0 0.0479515 21.4308 23.7558 -2.32497
3.43231 0 0.0478432 21.4308 23.79 -2.3592
3.44229 0 0.0477853 21.4308 23.8239 -2.39305
3.45227 0 0.0477781 21.4493 23.8338 -2.38453
3.46225 0 0.0478213 21.4493 23.8192 -2.36995
3.47222 0 0.0479151 21.4493 23.8033 -2.35402
3.4822 0 0.0480592 21.4493 23.786 -2.33677
3.49218 0 0.0482535 21.4493 23.7675 -2.31825
3.50216 0 0.0484978 21.4493 23.7478 -2.2985
3.51213 0 0.0487921 21.4493 23.7268 -2.27755
3.52211 0 0.0491361 21.4493 23.7047 -2.25544
3.53209 0 0.0495297 21.4493 23.6815 -2.23221
3.54207 0 0.0499728 21.4493 23.6572 -2.2079
3.55204 0 0.0504651 21.4415 23.6239 -2.1824
3.56202 0 0.0510065 21.4464 23.5758 -2.12943
3.572 0 0.0515966 21.4464 23.5209 -2.07456
3.58198 0 0.0522352 21.4464 23.4657 -2.01932
3.59196 0 0.0529219 21.4464 23.4101 -1.96372
3.60193 0 0.0536564 21.4464 23.3541 -1.90777
3.61191 0 0.0544383 21.4464 23.2978 -1.85148
3.62189 0 0.0552674 21.4464 23.2412 -1.79486
3.63187 0 0.0561432 21.4457 23.1666 -1.72083
3.64184 0 0.0570653 21.4457 23.0728 -1.62703
3.65182 0 0.0580333 21.4457 22.9763 -1.53058
3.6618 0 0.0590466 21.4457 22.8771 -1.4314
3.67178 0 0.0601045 21.4457 22.7751 -1.32942
3.68175 0 0.0612067 21.4457 22.6703 -1.22457
3.69173 0 0.0623523 21.4457 22.5625 -1.11677
3.70171 0 0.0635409 21.4457 22.4516 -1.00594
3.71169 0 0.0647719 21.4457 22.3377 -0.892002
3.72166 0 0.0660444 21.4457 22.2206 -0.77489
3.73164 0 0.067358 21.4457 22.1002 -0.654525
3.74162 0 0.0687119 21.4457 21.9765 -0.530836
3.7516 0 0.0701053 21.4456 21.8494 -0.40375
3.76158 0 0.0715376 21.4456 21.7188 -0.273199
3.77155 0 0.073008 21.4456 21.5847 -0.139117
3.78153 0 0.0745156 21.4456 21.4471 -0.00143925
3.79151 0 0.0760598 21.4456 21.3057 0.139894
3.80149 0 0.0776396 21.4456 21.1607 0.284938
3.81146 0 0.0792543 21.4456 21.0119 0.433747
3.82144 0 0.0809029 21.4456 20.8592 0.586365
3.83142 0 0.0825845 21.4456 20.7027 0.742836
3.8414 0 0.0842982 21.4456 20.5424 0.903192
3.85137 0 0.086043 21.4456 20.3781 1.06746
3.86135 0 0.0878179 21.4495 20.2052 1.2443
3.87133 0 0.089622 21.4495 20.0234 1.42614
3.88131 0 0.091454 21.4474 19.8339 1.61347
3.89128 0 0.0933129 21.4474 19.6369 1.8105
3.90126 0 0.0951974 21.4474 19.4352 2.01223
3.91124 0 0.0971064 21.4474 19.2287 2.21867
3.92122 0 0.0990386 21.4474 19.0176 2.4298
3.9312 0 0.100993 21.4474 18.8018 2.64558
3.94117 0 0.102967 21.4474 18.5814 2.86597
3.95115 0 0.104961 21.4474 18.3565 3.09092
3.96113 0 0.106973 21.4474 18.1271 3.32032
3.97111 0 0.109001 21.4474 17.8933 3.55409
3.98108 0 0.111044 21.4474 17.6553 3.79208
3.99106 0 0.113101 21.4474 17.4132 4.03416
4.00104 0 0.115169 21.4474 17.1673 4.28013
4.01102 0 0.117248 21.4421 16.8701 4.572
4.02099 0 0.119335 21.4421 16.5216 4.92057
4.03097 0 0.121429 21.4422 16.1683 5.27386
4.04095 0 0.123527 21.4422 15.8108 5.63139
4.05093 0 0.125626 21.4422 15.4496 5.99265
4.0609 0 0.127725 21.4422 15.0852 6.35708
4.07088 0 0.129821 21.4423 14.7182 6.72406
4.08086 0 0.131912 21.4423 14.3493 7.09295
4.09084 0 0.133995 21.4423 13.9793 7.46303
4.10082 0 0.136068 21.4424 13.6088 7.83354
4.11079 0 0.138129 21.4424 13.2388 8.20367
4.12077 0 0.140174 21.4425 12.8699 8.57257
4.13075 0 0.142203 21.4425 12.5032 8.93934
4.14073 0 0.144211 21.4426 12.1396 9.30303
4.1507 0 0.146198 21.4426 11.78 9.66265
4.16068 0 0.148159 21.4427 11.4255 10.0172
4.17066 0 0.150094 21.4428 11.0772 10.3656
4.18064 0 0.152 21.4428 10.7361 10.7068
4.19061 0 0.153874 21.4429 10.4032 11.0396
4.20059 0 0.155714 21.443 10.0799 11.3631
4.21057 0 0.157519 21.443 9.76708 11.676
4.22055 0 0.159285 21.4431 9.46595 11.9771
4.23053 0 0.161011 21.4432 9.17763 12.2655
4.2405 0 0.162696 21.4432 8.90319 12.54
4.25048 0 0.164336 21.4433 8.64373 12.7996
4.26046 0 0.165931 21.4434 8.40028 13.0431
4.27044 0 0.167478 21.4434 8.17383 13.2696
4.28041 0 0.168977 21.4435 7.96534 13.4781
4.29039 0 0.170425 21.4435 7.7757 13.6678
4.30037 0 0.171822 21.4436 7.60571 13.8379
4.31035 0 0.173167 21.4436 7.45613 13.9875
4.32032 0 0.174458 21.4436 7.3276 14.116
4.3303 0 0.175695 21.4437 7.22072 14.2229
4.34028 0 0.176876 21.4437 7.13594 14.3077
4.35026 0 0.178002 21.4437 7.07366 14.37
4.36023 0 0.179072 21.4437 7.03413 14.4096
4.37021 0 0.180086 21.4437 7.01754 14.4262
4.38019 0 0.181044 21.4437 7.02394 14.4198
4.39017 0 0.181946 21.4437 7.05329 14.3904
4.40015 0 0.182792 21.4437 7.10544 14.3382
4.41012 0 0.183582 21.4437 7.18014 14.2635
4.4201 0 0.184318 21.4436 7.27703 14.1666
4.43008 0 0.185 21.4436 7.39565 14.048
4.44006 0 0.185628 21.4436 7.53548 13.9081
4.45003 0 0.186205 21.4435 7.69587 13.7477
4.46001 0 0.186731 21.4435 7.87611 13.5674
4.46999 0 0.187207 21.4434 8.07543 13.368
4.47997 0 0.187635 21.4434 8.29298 13.1504
4.48994 0 0.188017 21.4433 8.52786 12.9155
4.49992 0 0.188354 21.4583 8.76196 12.6963
4.5099 0 0.188648 21.4582 8.99325 12.4649
4.51988 0 0.188901 21.4581 9.23717 12.221
4.52985 0 0.189113 21.4581 9.49267 11.9654
4.53983 0 0.189289 21.458 9.75865 11.6993
4.54981 0 0.189428 21.4579 10.034 11.4239
4.55979 0 0.189533 21.4591 10.315 11.144
4.56977 0 0.189607 21.459 10.6005 10.8585
4.57974 0 0.189651 21.459 10.8921 10.5669
4.58972 0 0.189667 21.4589 11.1887 10.2702
4.5997 0 0.189658 21.4588 11.4893 9.96957
4.60968 0 0.189625 21.4588 11.7929 9.66591
4.61965 0 0.189571 21.4587 12.0985 9.36023
4.62963 0 0.189498 21.4587 12.4052 9.05345
4.63961 0 0.189407 21.4586 12.7122 8.74648
4.64959 0 0.189302 21.4586 13.0184 8.44018
4.65956 0 0.189184 21.4585 13.3232 8.13537
4.66954 0 0.189055 21.4585 13.6257 7.83284
4.67952 0 0.188917 21.4585 13.9252 7.53331
4.6895 0 0.188773 21.4584 14.2209 7.2375
4.69947 0 0.188624 21.4584 14.5124 6.94603
4.70945 0 0.188472 21.4584 14.7988 6.65952
4.71943 0 0.188319 21.4583 15.0798 6.37853
4.72941 0 0.188167 21.4583 15.3547 6.10358
4.73939 0 0.188018 21.4583 15.6232 5.83513
4.74936 0 0.187873 21.4583 15.8847 5.57361
4.75934 0 0.187734 21.4458 16.0902 5.35568
4.76932 0 0.187602 21.4458 16.2382 5.20759
4.7793 0 0.187479 21.4458 16.377 5.06882
4.78927 0 0.187365 21.4459 16.5064 4.93942
4.79925 0 0.18726 21.4459 16.6265 4.81937
4.80923 0 0.187167 21.4459 16.7372 4.70865
4.81921 0 0.187084 21.4459 16.8387 4.60718
4.82918 0 0.187013 21.4459 16.931 4.51486
4.83916 0 0.186954 21.3846 16.9461 4.43858
4.84914 0 0.186907 21.3847 16.8842 4.50046
4.85912 0 0.186872 21.3847 16.8149 4.56984
4.86909 0 0.186849 21.3847 16.7384 4.64636
4.87907 0 0.186835 21.3848 16.6551 4.72964
4.88905 0 0.186832 21.3848 16.5655 4.81928
4.89903 0 0.186837 21.3848 16.4699 4.91488
4.90901 0 0.186851 21.3848 16.3688 5.01603
4.91898 0 0.186872 21.3849 16.2626 5.12229
4.92896 0 0.186899 21.3849 16.1517 5.23324
4.93894 0 0.186932 21.3849 16.0365 5.34843
4.94892 0 0.18697 21.385 15.9176 5.4674
4.95889 0 0.187011 21.385 15.7953 5.58969
4.96887 0 0.187055 21.385 15.6702 5.71483
4.97885 0 0.1871 21.3825 15.5089 5.87358
4.98883 0 0.187146 21.3825 15.3134 6.06911
4.9988 0 0.187191 21.3825 15.1192 6.26335
5.00878 0 0.187233 21.3826 14.9266 6.45593
5.01876 0 0.187272 21.3826 14.7361 6.64648
5.02874 0 0.187305 21.3826 14.548 6.83462
5.03872 0 0.187333 21.3826 14.3627 7.01996
5.04869 0 0.187352 21.3826 14.1806 7.2021
5.05867 0 0.187363 21.3827 14.002 7.38064
5.06865 0 0.187363 21.3827 13.8275 7.55519
5.07863 0 0.187351 21.3827 13.6574 7.72533
5.0886 0 0.187327 21.3827 13.4921 7.89067
5.09858 0 0.187289 21.3828 13.332 8.05079
5.10856 0 0.187235 21.3828 13.1775 8.2053
5.11854 0 0.187166 21.3828 13.029 8.3538
5.12851 0 0.187079 21.3828 12.887 8.49589
5.13849 0 0.186973 21.3829 12.7517 8.63121
5.14847 0 0.186849 21.3829 12.6235 8.75936
5.15845 0 0.186703 21.3829 12.5029 8.87999
5.16842 0 0.186537 21.3829 12.3902 8.99275
5.1784 0 0.186349 21.383 12.2857 9.0973
5.18838 0 0.186138 21.383 12.1896 9.19334
5.19836 0 0.185903 21.3798 12.094 9.28575
5.20834 0 0.185644 21.3798 11.9992 9.38059
5.21831 0 0.18536 21.3798 11.914 9.46583
5.22829 0 0.185051 21.3798 11.8385 9.54127
5.23827 0 0.184716 21.3798 11.7731 9.60674
5.24825 0 0.184355 21.3798 11.7177 9.66208
5.25822 0 0.183967 21.3798 11.6727 9.70717
5.2682 0 0.183552 21.3804 11.6356 9.74479
5.27818 0 0.183109 21.3804 11.6068 9.77356
5.28816 0 0.18264 21.3804 11.5888 9.79165
5.29813 0 0.182142 21.3804 11.5814 9.79905
5.30811 0 0.181618 21.3804 11.5846 9.79577
5.31809 0 0.181066 21.3804 11.5986 9.78185
5.32807 0 0.180487 21.3804 11.623 9.75737
5.33804 0 0.179881 21.3804 11.6579 9.72244
5.34802 0 0.179248 21.3804 11.7032 9.6772
5.358 0 0.178589 21.3804 11.7585 9.62181
5.36798 0 0.177904 21.3803 11.8239 9.55647
5.37796 0 0.177193 21.3803 11.8989 9.48141
5.38793 0 0.176458 21.3803 11.9834 9.39688
5.39791 0 0.175699 21.3803 12.0771 9.30314
5.40789 0 0.174916 21.3803 12.1798 9.2005
5.41787 0 0.174111 21.3802 12.291 9.08927
5.42784 0 0.173284 21.3802 12.4104 8.96979
5.43782 0 0.172437 21.3802 12.5378 8.84241
5.4478 0 0.171569 21.3802 12.6727 8.7075
5.45778 0 0.170683 21.3802 12.8147 8.56545
5.46775 0 0.169778 21.3801 12.9635 8.41664
5.47773 0 0.168857 21.3801 13.1186 8.26149
5.48771 0 0.167921 21.3801 13.2797 8.10039
5.49769 0 0.16697 21.3801 13.4463 7.93376
5.50766 0 0.166006 21.38 13.618 7.76202
5.51764 0 0.16503 21.38 13.7944 7.58558
5.52762 0 0.164043 21.38 13.9751 7.40486
5.5376 0 0.163047 21.38 14.1597 7.22028
5.54758 0 0.162043 21.3799 14.3477 7.03223
5.55755 0 0.161032 21.3799 14.5388 6.84113
5.56753 0 0.160016 21.3799 14.7325 6.64736
5.57751 0 0.158995 21.3799 14.9285 6.45132
5.58749 0 0.157973 21.3798 15.1265 6.25337
5.59746 0 0.156949 21.3798 15.3259 6.05389
5.60744 0 0.155925 21.3798 15.5266 5.85323
5.61742 0 0.154903 21.3798 15.7281 5.65172
5.6274 0 0.153884 21.3798 15.9301 5.4497
5.63737 0 0.152869 21.3797 16.1323 5.24747
5.64735 0 0.15186 21.3797 16.3344 5.04534
5.65733 0 0.150858 21.3797 16.5361 4.84358
5.66731 0 0.149864 21.3797 16.7372 4.64247
5.67728 0 0.14888 21.3797 16.9374 4.44226
5.68726 0 0.147908 21.3797 17.1365 4.24318
5.69724 0 0.146948 21.3797 17.3342 4.04547
5.70722 0 0.146002 21.3797 17.5303 3.84931
5.7172 0 0.14507 21.3796 17.7247 3.65492
5.72717 0 0.144156 21.3796 17.9172 3.46246
5.73715 0 0.143258 21.3796 18.1075 3.27211
5.74713 0 0.14238 21.3796 18.2956 3.084
5.75711 0 0.141522 21.3796 18.4813 2.89829
5.76708 0 0.140685 21.3796 18.6645 2.71508
5.77706 0 0.13987 21.3796 18.8451 2.5345
5.78704 0 0.139079 21.3796 19.023 2.35663
5.79702 0 0.138313 21.3796 19.198 2.18158
5.80699 0 0.137572 21.3776 19.3674 2.01018
5.81697 0 0.136858 21.3776 19.5308 1.84675
5.82695 0 0.136172 21.3776 19.691 1.68659
5.83693 0 0.135515 21.3776 19.8478 1.52975
5.8469 0 0.134888 21.3776 20.0013 1.37625
5.85688 0 0.134291 21.3706 20.0687 1.30191
5.86686 0 0.133725 21.3706 20.0497 1.32094
5.87684 0 0.133191 21.3706 20.0268 1.34379
5.88682 0 0.132687 21.3601 19.9441 1.416
5.89679 0 0.132213 21.3601 19.8 1.5601
5.90677 0 0.131769 21.3601 19.649 1.71106
5.91675 0 0.131353 21.3601 19.4914 1.86868
5.92673 0 0.130965 21.3601 19.3274 2.03269
5.9367 0 0.130602 21.3601 19.1573 2.20281
5.94668 0 0.130264 21.3601 18.9814 2.37874
5.95666 0 0.129951 21.3602 18.8 2.56015
5.96664 0 0.129659 21.3602 18.6135 2.74666
5.97661 0 0.129389 21.3602 18.4223 2.93788
5.98659 0 0.129139 21.3602 18.2269 3.13338
5.99657 0 0.128908 21.3603 18.0276 3.33271
6.00655 0 0.128693 21.3603 17.8249 3.53538
6.01653 0 0.128494 21.3603 17.6195 3.74086
6.0265 0 0.128309 21.3604 17.4118 3.94861
6.03648 0 0.128138 21.3604 17.2023 4.15806
6.04646 0 0.127977 21.3604 16.9919 4.36859
6.05644 0 0.127826 21.3605 16.7809 4.57957
6.06641 0 0.127683 21.3605 16.5702 4.79035
6.07639 0 0.127546 21.3606 16.3603 5.00025
6.08637 0 0.127415 21.3606 16.152 5.20856
6.09635 0 0.127287 21.3607 15.9461 5.41457
6.10632 0 0.127162 21.3598 15.731 5.62882
6.1163 0 0.127036 21.3599 15.508 5.85187
6.12628 0 0.12691 21.3599 15.2903 6.06962
6.13626 0 0.12678 21.36 15.0786 6.28133
6.14623 0 0.126647 21.36 14.8738 6.48625
6.15621 0 0.126507 21.3601 14.6764 6.68361
6.16619 0 0.126361 21.3601 14.4874 6.87268
6.17617 0 0.126206 21.3601 14.3074 7.05271
6.18615 0 0.12604 21.3602 14.1372 7.223
6.19612 0 0.125864 21.3602 13.9774 7.38285
6.2061 0 0.125675 21.3603 13.8287 7.53159
6.21608 0 0.125472 21.3603 13.6917 7.6686
6.22606 0 0.125255 21.3623 13.5633 7.79894
6.23603 0 0.125023 21.3623 13.4442 7.91809
6.24601 0 0.124774 21.3623 13.3388 8.02358
6.25599 0 0.124508 21.3624 13.2474 8.11497
6.26597 0 0.124224 21.3624 13.1705 8.19187
6.27594 0 0.123921 21.3624 13.1084 8.25395
6.28592 0 0.1236 21.3624 13.0615 8.30095
6.2959 0 0.123259 21.3624 13.0298 8.33264
6.30588 0 0.122899 21.3624 13.0135 8.34889
6.31585 0 0.122519 21.3624 13.0128 8.34962
6.32583 0 0.122119 21.3624 13.0276 8.33481
6.33581 0 0.1217 21.3624 13.0579 8.30451
6.34579 0 0.121261 21.3624 13.1036 8.25884
6.35577 0 0.120803 21.3624 13.1644 8.19798
6.36574 0 0.120327 21.3624 13.2402 8.12218
6.37572 0 0.119832 21.3623 13.3306 8.03174
6.3857 0 0.119319 21.3623 13.4353 7.92702
6.39568 0 0.11879 21.3623 13.5538 7.80844
6.40565 0 0.118245 21.3623 13.6858 7.67647
6.41563 0 0.117685 21.3622 13.8306 7.53163
6.42561 0 0.117111 21.3622 13.9877 7.37447
6.43559 0 0.116524 21.3621 14.1566 7.20559
6.44556 0 0.115925 21.3621 14.3365 7.02563
6.45554 0 0.115316 21.3621 14.5268 6.83524
6.46552 0 0.114698 21.362 14.7269 6.63513
6.4755 0 0.114072 21.362 14.936 6.42598
6.48547 0 0.11344 21.3619 15.1534 6.20853
6.49545 0 0.112804 21.3619 15.3784 5.98351
6.50543 0 0.112164 21.3618 15.6102 5.75165
6.51541 0 0.111523 21.3618 15.8481 5.51368
6.52539 0 0.110882 21.3617 16.0914 5.27035
6.53536 0 0.110244 21.3617 16.3393 5.02239
6.54534 0 0.109608 21.3617 16.5912 4.77049
6.55532 0 0.108979 21.3616 16.8462 4.51538
6.5653 0 0.108356 21.3616 17.1039 4.25772
6.57527 0 0.107742 21.3482 17.335 4.01321
6.58525 0 0.107139 21.3482 17.5388 3.80942
6.59523 0 0.106548 21.3482 17.7429 3.60528
6.60521 0 0.10597 21.3481 17.9469 3.40128
6.61518 0 0.105408 21.3481 18.1502 3.19792
6.62516 0 0.104861 21.3481 18.3524 2.99566
6.63514 0 0.104333 21.3481 18.5531 2.79493
6.64512 0 0.103823 21.348 18.7519 2.59614
6.65509 0 0.103334 21.348 18.9484 2.39965
6.66507 0 0.102867 21.348 19.1422 2.20583
6.67505 0 0.102424 21.348 19.333 2.01498
6.68503 0 0.102004 21.348 19.5206 1.82741
6.69501 0 0.101611 21.348 19.7046 1.64336
6.70498 0 0.101244 21.348 19.8849 1.46308
6.71496 0 0.100906 21.348 20.0612 1.28678
6.72494 0 0.100597 21.348 20.2333 1.11464
6.73492 0 0.100318 21.3479 20.4011 0.946815
6.74489 0 0.100071 21.3479 20.5645 0.783441
6.75487 0 0.0998562 21.3479 20.7233 0.624629
6.76485 0 0.0996753 21.3479 20.8775 0.470468
6.77483 0 0.0995288 21.3479 21.0269 0.321024
6.7848 0 0.0994179 21.3479 21.1716 0.176345
6.79478 0 0.0993433 21.348 21.3115 0.0364607
6.80476 0 0.099306 21.348 21.4466 -0.0986186
6.81474 0 0.0993067 21.348 21.5769 -0.228898
6.82472 0 0.0993463 21.348 21.7024 -0.354399
6.83469 0 0.0994254 21.356 21.8071 -0.451041
6.84467 0 0.0995447 21.356 21.8905 -0.534429
6.85465 0 0.0997047 21.356 21.9682 -0.612205
6.86463 0 0.0999058 21.356 22.0405 -0.684458
6.8746 0 0.100148 21.3561 22.1073 -0.751287
6.88458 0 0.100433 21.3561 22.1689 -0.812801
6.89456 0 0.10076 21.3561 22.2252 -0.869116
6.90454 0 0.101129 21.3561 22.2764 -0.92036
6.91451 0 0.101541 21.3561 22.3228 -0.966663
6.92449 0 0.101996 21.3565 22.3338 -0.977313
6.93447 0 0.102495 21.3565 22.3107 -0.954263
6.94445 0 0.103036 21.3565 22.2855 -0.928972
6.95442 0 0.10362 21.3534 22.216 -0.862588
6.9644 0 0.104246 21.3534 22.1024 -0.749054
6.97438 0 0.104914 21.3534 21.987 -0.633639
6.98436 0 0.105623 21.3534 21.8697 -0.516339
6.99434 0 0.106372 21.3534 21.7505 -0.397148
7.00431 0 0.107161 21.3509 21.6186 -0.26776
7.01429 0 0.107989 21.3509 21.4739 -0.123009
7.02427 0 0.108855 21.3509 21.3268 0.0240934
7.03425 0 0.109758 21.3509 21.1773 0.173539
7.04422 0 0.110697 21.3509 21.0256 0.325317
7.0542 0 0.111672 21.3509 20.8715 0.479414
7.06418 0 0.112681 21.3509 20.7151 0.635811
7.07416 0 0.113724 21.3509 20.5564 0.794485
7.08413 0 0.114799 21.3509 20.3955 0.95541
7.09411 0 0.115907 21.3509 20.2323 1.11855
7.10409 0 0.117044 21.3509 20.067 1.28387
7.11407 0 0.118212 21.3509 19.8995 1.45133
7.12404 0 0.119408 21.3509 19.73 1.62087
7.13402 0 0.120632 21.3509 19.5584 1.79244
7.144 0 0.121883 21.3509 19.3849 1.96597
7.15398 0 0.123159 21.3509 19.2095 2.14138
7.16396 0 0.12446 21.3509 19.0323 2.31861
7.17393 0 0.125784 21.3509 18.8533 2.49754
7.18391 0 0.12713 21.3509 18.6728 2.6781
7.19389 0 0.128498 21.3509 18.4907 2.86015
7.20387 0 0.129885 21.3509 18.3073 3.04359
7.21384 0 0.131292 21.3509 18.1226 3.22827
7.22382 0 0.132716 21.3509 17.9369 3.41406
7.2338 0 0.134157 21.3509 17.7501 3.6008
7.24378 0 0.135613 21.3509 17.5626 3.78832
7.25375 0 0.137084 21.3509 17.3745 3.97644
7.26373 0 0.138568 21.351 17.186 4.16497
7.27371 0 0.140063 21.351 16.9973 4.3537
7.28369 0 0.141569 21.351 16.8086 4.5424
7.29366 0 0.143085 21.351 16.6201 4.73086
7.30364 0 0.144608 21.351 16.4322 4.91881
7.31362 0 0.146139 21.351 16.245 5.10601
7.3236 0 0.147675 21.351 16.0589 5.29218
7.33358 0 0.149216 21.3511 15.874 5.47703
7.34355 0 0.150761 21.3511 15.6908 5.66028
7.35353 0 0.152307 21.3511 15.5095 5.8416
7.36351 0 0.153855 21.3511 15.3304 6.0207
7.37349 0 0.155402 21.3511 15.1539 6.19723
7.38346 0 0.156948 21.3512 14.9803 6.37087
7.39344 0 0.158491 21.3512 14.8099 6.54127
7.40342 0 0.160031 21.3512 14.6431 6.70809
7.4134 0 0.161566 21.3512 14.4803 6.87096
7.42337 0 0.163095 21.3512 14.3217 7.02953
7.43335 0 0.164618 21.3513 14.1678 7.18346
7.44333 0 0.166132 21.3513 14.0189 7.33237
7.45331 0 0.167638 21.3513 13.8754 7.47591
7.46328 0 0.169133 21.3513 13.7376 7.61374
7.47326 0 0.170619 21.3513 13.6058 7.7455
7.48324 0 0.172092 21.3514 13.4805 7.87087
7.49322 0 0.173553 21.3514 13.3619 7.98951
7.5032 0 0.175001 21.3514 13.2503 8.10112
7.51317 0 0.176434 21.3514 13.146 8.20539
7.52315 0 0.177854 21.3514 13.0494 8.30204
7.53313 0 0.179258 21.3515 12.9606 8.39082
7.54311 0 0.180646 21.3515 12.88 8.47147
7.55308 0 0.182018 21.3515 12.8077 8.54379
7.56306 0 0.183372 21.3515 12.7439 8.60756
7.57304 0 0.18471 21.3515 12.6889 8.66264
7.58302 0 0.186031 21.3515 12.6426 8.70886
7.59299 0 0.187333 21.3515 12.6054 8.74613
7.60297 0 0.188618 21.3515 12.5772 8.77435
7.61295 0 0.189884 21.3515 12.558 8.79348
7.62293 0 0.191132 21.3515 12.548 8.80348
7.6329 0 0.192362 21.3592 12.4874 8.87173
7.64288 0 0.193574 21.3591 12.3746 8.98459
7.65286 0 0.194766 21.3591 12.2671 9.092
7.66284 0 0.195938 21.3591 12.165 9.19411
7.67282 0 0.19709 21.3591 12.068 9.29109
7.68279 0 0.198221 21.3591 11.9759 9.38316
7.69277 0 0.199331 21.3591 11.8885 9.47053
7.70275 0 0.200419 21.359 11.8056 9.55345
7.71273 0 0.201485 21.359 11.7268 9.63218
7.7227 0 0.202528 21.359 11.652 9.70698
7.73268 0 0.203549 21.359 11.5808 9.77814
7.74266 0 0.204545 21.359 11.513 9.84593
7.75264 0 0.205518 21.3589 11.4483 9.91065
7.76261 0 0.206468 21.3589 11.3863 9.97257
7.77259 0 0.207392 21.3589 11.3269 10.032
7.78257 0 0.208292 21.3589 11.2698 10.0891
7.79255 0 0.209168 21.3589 11.2146 10.1443
7.80253 0 0.210017 21.3588 11.1612 10.1976
7.8125 0 0.210842 21.3588 11.1093 10.2495
7.82248 0 0.211641 21.3588 11.0588 10.3
7.83246 0 0.212413 21.3588 11.0095 10.3493
7.84244 0 0.21316 21.3588 10.9613 10.3975
7.85241 0 0.213879 21.3588 10.9139 10.4448
7.86239 0 0.214572 21.3588 10.8675 10.4913
7.87237 0 0.215238 21.3588 10.8219 10.5369
7.88235 0 0.215876 21.3588 10.7772 10.5816
7.89232 0 0.216486 21.3588 10.7333 10.6254
7.9023 0 0.217069 21.3588 10.6905 10.6683
7.91228 0 0.217623 21.3588 10.6488 10.71
7.92226 0 0.218148 21.3588 10.6083 10.7505
7.93223 0 0.218644 21.3588 10.5694 10.7895
7.94221 0 0.21911 21.3588 10.5321 10.8267
7.95219 0 0.219547 21.3589 10.497 10.8619
7.96217 0 0.219954 21.3589 10.4642 10.8947
7.97215 0 0.220331 21.3589 10.4341 10.9248
7.98212 0 0.220676 21.3589 10.4071 10.9518
7.9921 0 0.220991 21.359 10.3837 10.9753
8.00208 0 0.221275 21.2514 10.237 11.0144
8.01206 0 0.221527 21.2514 9.96827 11.2832
8.02203 0 0.221745 21.2515 9.70471 11.5468
8.03201 0 0.221928 21.2515 9.44721 11.8043
8.04199 0 0.222073 21.2516 9.19667 12.0549
8.05197 0 0.222179 21.2516 8.95401 12.2976
8.06194 0 0.222244 21.2517 8.72011 12.5316
8.07192 0 0.222266 21.2517 8.49587 12.7559
8.0819 0 0.222244 21.2518 8.28216 12.9696
8.09188 0 0.222176 21.2518 8.07983 13.172
8.10185 0 0.222061 21.2519 7.88968 13.3622
8.11183 0 0.221897 21.2519 7.71249 13.5394
8.12181 0 0.221683 21.252 7.549 13.703
8.13179 0 0.221418 21.252 7.3999 13.8521
8.14177 0 0.221101 21.252 7.26584 13.9862
8.15174 0 0.22073 21.2521 7.14738 14.1047
8.16172 0 0.220304 21.2521 7.04507 14.207
8.1717 0 0.219824 21.2521 6.95936 14.2927
8.18168 0 0.219288 21.2521 6.89067 14.3615
8.19165 0 0.218695 21.2521 6.83934 14.4128
8.20163 0 0.218045 21.2522 6.80563 14.4465
8.21161 0 0.217338 21.2522 6.78976 14.4624
8.22159 0 0.216574 21.2522 6.79188 14.4603
8.23156 0 0.215752 21.2522 6.81205 14.4401
8.24154 0 0.214872 21.2522 6.8503 14.4019
8.25152 0 0.213935 21.2522 6.90657 14.3456
8.2615 0 0.212941 21.2522 6.98074 14.2714
8.27147 0 0.21189 21.2521 7.07265 14.1795
8.28145 0 0.210783 21.2521 7.18206 14.0701
8.29143 0 0.20962 21.2521 7.30869 13.9434
8.30141 0 0.208403 21.2521 7.45219 13.7999
8.31139 0 0.207131 21.2521 7.61218 13.6399
8.32136 0 0.205807 21.252 7.78822 13.4638
8.33134 0 0.204431 21.252 7.97982 13.2722
8.34132 0 0.203004 21.252 8.18646 13.0655
8.3513 0 0.201528 21.2519 8.40757 12.8444
8.36127 0 0.200004 21.2519 8.64256 12.6093
8.37125 0 0.198434 21.2519 8.8908 12.3611
8.38123 0 0.196818 21.2518 9.15161 12.1002
8.39121 0 0.19516 21.2518 9.42432 11.8275
8.40118 0 0.193461 21.2517 9.70821 11.5435
8.41116 0 0.191722 21.2517 10.0026 11.2491
8.42114 0 0.189945 21.2517 10.3066 10.9451
8.43112 0 0.188133 21.2516 10.6196 10.632
8.44109 0 0.186287 21.2516 10.9407 10.3109
8.45107 0 0.18441 21.2515 11.2692 9.98229
8.46105 0 0.182504 21.2515 11.6044 9.64712
8.47103 0 0.180571 21.2514 11.9453 9.30614
8.48101 0 0.178613 21.2514 12.2913 8.96012
8.49098 0 0.176632 21.2514 12.6415 8.60984
8.50096 0 0.174631 21.2513 12.9952 8.25608
8.51094 0 0.172613 21.2513 13.3517 7.89959
8.52092 0 0.170579 21.2512 13.7101 7.54111
8.53089 0 0.168531 21.2512 14.0698 7.18137
8.54087 0 0.166473 21.2579 14.4215 6.83642
8.55085 0 0.164406 21.2579 14.7641 6.49381
8.56083 0 0.162333 21.2805 15.018 6.26258
8.5708 0 0.160255 21.2805 15.1865 6.09405
8.58078 0 0.158174 21.2805 15.3604 5.92012
8.59076 0 0.156091 21.2805 15.5393 5.74119
8.60074 0 0.154006 21.2804 15.7228 5.55768
8.61072 0 0.151922 21.2804 15.9104 5.36999
8.62069 0 0.149839 21.2804 16.1019 5.17854
8.63067 0 0.147758 21.2804 16.2967 4.98372
8.64065 0 0.145682 21.2804 16.4944 4.78594
8.65063 0 0.143611 21.2803 16.6948 4.58558
8.6606 0 0.141546 21.2803 16.8973 4.38303
8.67058 0 0.13949 21.2783 17.0985 4.17982
8.68056 0 0.137443 21.2783 17.2982 3.98009
8.69054 0 0.135406 21.2783 17.4994 3.77884
8.70051 0 0.133382 21.2782 17.7018 3.57641
8.71049 0 0.131371 21.2782 17.9051 3.37315
8.72047 0 0.129374 21.2775 18.1069 3.17058
8.73045 0 0.127394 21.2775 18.3069 2.97066
8.74042 0 0.125431 21.2775 18.5061 2.77139
8.7504 0 0.123487 21.2775 18.7044 2.57306
8.76038 0 0.121563 21.2775 18.9015 2.37598
8.77036 0 0.11966 21.2775 19.097 2.18041
8.78034 0 0.11778 21.2774 19.2908 1.98661
8.79031 0 0.115923 21.2731 19.4772 1.7959
8.80029 0 0.114091 21.2731 19.6557 1.61733
8.81027 0 0.112286 21.273 19.8316 1.44144
8.82025 0 0.110508 21.273 20.0046 1.26846
8.83022 0 0.108759 21.273 20.1744 1.09858
8.8402 0 0.107039 21.273 20.341 0.93202
8.85018 0 0.10535 21.273 20.5041 0.768943
8.86016 0 0.103692 21.273 20.6635 0.609525
8.87013 0 0.102067 21.273 20.8191 0.453924
8.88011 0 0.100476 21.273 20.9707 0.302289
8.89009 0 0.0989202 21.273 21.1182 0.154758
8.90007 0 0.0973996 21.273 21.2615 0.0114582
8.91004 0 0.0959156 21.273 21.4005 -0.127492
8.92002 0 0.0944691 21.273 21.535 -0.261984
8.93 0 0.0930608 21.273 21.6649 -0.391918
8.93998 0 0.0916917 21.273 21.7902 -0.517203
8.94996 0 0.0903624 21.273 21.9107 -0.637756
8.95993 0 0.0890738 21.273 22.0265 -0.753502
8.96991 0 0.0878266 21.273 22.1373 -0.864375
8.97989 0 0.0866214 21.2845 22.2067 -0.922218
8.98987 0 0.0854587 21.2845 22.2361 -0.951617
8.99984 0 0.0843386 21.2845 22.2638 -0.979329
9.00982 0 0.0832614 21.2845 22.2897 -1.00527
9.0198 0 0.0822271 21.2845 22.3138 -1.02936
9.02978 0 0.081236 21.2844 22.336 -1.05152
9.03975 0 0.0802882 21.2934 22.3391 -1.04567
9.04973 0 0.0793837 21.2934 22.323 -1.02965
9.05971 0 0.0785225 21.2934 22.305 -1.01161
9.06969 0 0.0777044 21.2934 22.2848 -0.991468
9.07966 0 0.0769295 21.2934 22.2625 -0.969177
9.08964 0 0.0761975 21.2934 22.238 -0.944676
9.09962 0 0.0755084 21.2934 22.2113 -0.917912
9.1096 0 0.0748621 21.2934 22.1822 -0.888839
9.11958 0 0.0742583 21.2933 22.1508 -0.857415
9.12955 0 0.0736969 21.2933 22.1169 -0.823605
9.13953 0 0.0731778 21.2933 22.0807 -0.787377
9.14951 0 0.0727007 21.2933 22.042 -0.748709
9.15949 0 0.0722653 21.2933 22.0009 -0.70758
9.16946 0 0.0718716 21.2933 21.9573 -0.663978
9.17944 0 0.0715191 21.2933 21.9112 -0.617897
9.18942 0 0.0712077 21.2933 21.8627 -0.569337
9.1994 0 0.070937 21.2933 21.8116 -0.518305
9.20937 0 0.0707067 21.2933 21.7581 -0.464814
9.21935 0 0.0705164 21.2933 21.7022 -0.408885
9.22933 0 0.0703659 21.2933 21.6439 -0.350545
9.23931 0 0.0702548 21.2933 21.5832 -0.289829
9.24928 0 0.0701826 21.2933 21.5201 -0.22678
9.25926 0 0.070149 21.2933 21.4548 -0.161448
9.26924 0 0.0701535 21.2933 21.3872 -0.09389
9.27922 0 0.0701956 21.2933 21.3175 -0.0241731
9.2892 0 0.0702751 21.3159 21.2088 0.107093
9.29917 0 0.070391 21.3159 21.0606 0.255314
9.30915 0 0.0705424 21.3159 20.909 0.406875
9.31913 0 0.0707286 21.3159 20.7542 0.561739
9.32911 0 0.0709484 21.3159 20.596 0.719858
9.33908 0 0.0712009 21.3159 20.4347 0.881176
9.34906 0 0.0714852 21.3159 20.2703 1.04562
9.35904 0 0.0718001 21.3159 20.1028 1.21311
9.36902 0 0.0721447 21.3159 19.9324 1.38354
9.37899 0 0.0725178 21.3159 19.7591 1.55681
9.38897 0 0.0729184 21.3159 19.5831 1.73279
9.39895 0 0.0733453 21.3159 19.4046 1.91135
9.40893 0 0.0737973 21.3159 19.2236 2.09232
9.4189 0 0.0742734 21.3159 19.0404 2.27554
9.42888 0 0.0747722 21.3159 18.8551 2.46082
9.43886 0 0.0752927 21.316 18.668 2.64795
9.44884 0 0.0758336 21.316 18.4792 2.83672
9.45882 0 0.0763935 21.316 18.2891 3.02689
9.46879 0 0.0769714 21.316 18.0978 3.2182
9.47877 0 0.0775658 21.316 17.9056 3.41039
9.48875 0 0.0781755 21.316 17.7129 3.60316
9.49873 0 0.0787993 21.316 17.5198 3.7962
9.5087 0 0.0794357 21.3161 17.3268 3.9892
9.51868 0 0.0800836 21.3161 17.1343 4.18182
9.52866 0 0.0807415 21.3161 16.9424 4.37369
9.53864 0 0.0814081 21.3161 16.7517 4.56446
9.54861 0 0.0820822 21.3161 16.5624 4.75372
9.55859 0 0.0827624 21.3162 16.3751 4.94108
9.56857 0 0.0834474 21.3162 16.19 5.12614
9.57855 0 0.084136 21.3162 16.0078 5.30845
9.58853 0 0.0848268 21.3162 15.8286 5.48759
9.5985 0 0.0855185 21.3163 15.6532 5.6631
9.60848 0 0.08621 21.3163 15.4818 5.83453
9.61846 0 0.0869 21.3163 15.3149 6.00143
9.62844 0 0.0875872 21.3163 15.153 6.16332
9.63841 0 0.0882706 21.3164 14.9966 6.31973
9.64839 0 0.088949 21.3164 14.8462 6.47019
9.65837 0 0.0896212 21.3164 14.7022 6.61424
9.66835 0 0.0902863 21.3165 14.5651 6.75139
9.67832 0 0.0909432 21.3165 14.4353 6.8812
9.6883 0 0.0915909 21.3189 14.3098 7.00904
9.69828 0 0.0922285 21.3112 14.1685 7.14272
9.70826 0 0.0928551 21.3112 14.0152 7.29609
9.71823 0 0.0934695 21.3113 13.8705 7.44074
9.72821 0 0.0940707 21.3113 13.735 7.57624
9.73819 0 0.0946579 21.3113 13.6091 7.70221
9.74817 0 0.0952302 21.3113 13.4931 7.81824
9.75815 0 0.0957867 21.3114 13.3874 7.92399
9.76812 0 0.0963268 21.3114 13.2923 8.01912
9.7781 0 0.0968497 21.3114 13.2081 8.10334
9.78808 0 0.0973549 21.3114 13.135 8.17636
9.79806 0 0.097842 21.3114 13.0734 8.23797
9.80803 0 0.0983104 21.3114 13.0235 8.28794
9.81801 0 0.0987599 21.3114 12.9853 8.32613
9.82799 0 0.0991902 21.3114 12.959 8.3524
9.83797 0 0.0996012 21.3114 12.9448 8.36666
9.84794 0 0.0999927 21.3114 12.9426 8.36888
9.85792 0 0.100365 21.3114 12.9524 8.35904
9.8679 0 0.100717 21.3114 12.9743 8.33718
9.87788 0 0.101051 21.3114 13.008 8.30338
9.88785 0 0.101365 21.3114 13.0537 8.25776
9.89783 0 0.101661 21.3114 13.1109 8.20047
9.90781 0 0.101939 21.3114 13.1797 8.13173
9.91779 0 0.1022 21.3114 13.2596 8.05177
9.92777 0 0.102443 21.3114 13.3505 7.96086
9.93774 0 0.10267 21.3113 13.452 7.85933
9.94772 0 0.102881 21.3113 13.5638 7.74752
9.9577 0 0.103077 21.3113 13.6855 7.62581
9.96768 0 0.103259 21.2751 13.7771 7.49795
9.97765 0 0.103428 21.275 13.8371 7.43794
