0.00997765 0 4.43472e-05 29.8872 35.5761 -5.68886
0.0199553 0 0.000177317 29.8872 35.5459 -5.65875
0.029933 0 0.000398791 29.8872 35.5132 -5.62602
0.0399106 0 0.00070864 29.8872 35.4778 -5.59059
0.0498883 0 0.00110672 29.8872 35.4395 -5.55237
0.0598659 0 0.00159287 29.8872 35.3984 -5.51127
0.0698436 0 0.00216691 29.8872 35.3544 -5.46721
0.0798212 0 0.00282867 29.8872 35.3072 -5.42009
0.0897989 0 0.00357792 29.8871 35.257 -5.36981
0.0997765 0 0.00441446 29.8871 35.2034 -5.31629
0.109754 0 0.00533803 29.8871 35.1466 -5.25942
0.119732 0 0.00634839 29.8871 35.0862 -5.19912
0.129709 0 0.00744525 29.8871 35.0224 -5.13528
0.139687 0 0.00862831 29.8871 34.9549 -5.0678
0.149665 0 0.00989727 29.8871 34.8837 -4.9966
0.159642 0 0.0112518 29.8871 34.8086 -4.92156
0.16962 0 0.0126915 29.8871 34.7297 -4.84259
0.179598 0 0.014216 29.8871 34.6467 -4.7596
0.189575 0 0.015825 29.8871 34.5595 -4.67248
0.199553 0 0.0175179 29.8871 34.4682 -4.58114
0.209531 0 0.0192944 29.887 34.3725 -4.48548
0.219508 0 0.0211539 29.887 34.2724 -4.3854
0.229486 0 0.023096 29.887 34.1678 -4.28081
0.239464 0 0.0251201 29.887 34.0586 -4.17162
0.249441 0 0.0272257 29.887 33.9447 -4.05774
0.259419 0 0.0294122 29.887 33.8261 -3.93907
0.269397 0 0.031679 29.887 33.7025 -3.81554
0.279374 0 0.0340254 29.887 33.574 -3.68706
0.289352 0 0.0364508 29.887 33.4405 -3.55355
0.29933 0 0.0389545 29.887 33.3019 -3.41494
0.309307 0 0.0415358 29.887 33.1581 -3.27116
0.319285 0 0.0441938 29.887 33.0091 -3.12214
0.329263 0 0.0469278 29.887 32.8548 -2.96783
0.33924 0 0.049737 29.8869 32.6951 -2.80818
0.349218 0 0.0526206 29.8869 32.5301 -2.64313
0.359196 0 0.0555775 29.8869 32.3596 -2.47265
0.369173 0 0.058607 29.8869 32.1836 -2.29671
0.379151 0 0.061708 29.8869 32.0022 -2.11529
0.389128 0 0.0648796 29.8869 31.8153 -1.92838
0.399106 0 0.0681207 29.8869 31.6229 -1.73596
0.409084 0 0.0714302 29.8869 31.425 -1.53805
0.419061 0 0.0748072 29.8869 31.2216 -1.33468
0.429039 0 0.0782504 29.8869 31.0128 -1.12586
0.439017 0 0.0817588 29.8869 30.7986 -0.911638
0.448994 0 0.085331 29.8869 30.579 -0.692075
0.458972 0 0.0889659 29.8869 30.3542 -0.467239
0.46895 0 0.0926623 29.8869 30.1241 -0.237212
0.478927 0 0.0964188 29.8869 29.889 -0.00209315
0.488905 0 0.100234 29.8869 29.6489 0.238005
0.498883 0 0.104107 29.8869 29.404 0.482952
0.50886 0 0.108036 29.887 29.1544 0.732603
0.518838 0 0.112019 29.887 28.9002 0.986797
0.528816 0 0.116056 29.887 28.6416 1.24535
0.538793 0 0.120144 29.8871 28.3787 1.50843
0.548771 0 0.124283 29.8871 28.1115 1.77561
0.558749 0 0.128471 29.8871 27.8406 2.04653
0.568726 0 0.132705 29.8871 27.5662 2.32095
0.578704 0 0.136986 29.8872 27.2885 2.59862
0.588682 0 0.14131 29.8872 27.0079 2.87924
0.598659 0 0.145677 29.8872 26.7247 3.16254
0.608637 0 0.150085 29.8872 26.439 3.44819
0.618615 0 0.154532 29.8872 26.1514 3.73588
0.628592 0 0.159017 29.8873 25.862 4.02526
0.63857 0 0.163538 29.8873 25.5713 4.31599
0.648547 0 0.168093 29.8873 25.2796 4.6077
0.658525 0 0.172681 29.8873 24.9873 4.90002
0.668503 0 0.1773 29.8874 24.6948 5.19256
0.67848 0 0.181948 29.8874 24.4024 5.48493
0.688458 0 0.186625 29.8874 24.1107 5.77673
0.698436 0 0.191327 29.8874 23.8199 6.06756
0.708413 0 0.196054 29.8875 23.5304 6.35701
0.718391 0 0.200804 29.8875 23.2428 6.64466
0.728369 0 0.205576 29.8875 22.9574 6.93012
0.738346 0 0.210367 29.8875 22.6746 7.21297
0.748324 0 0.215177 29.8876 22.3947 7.49282
0.758302 0 0.220004 29.8876 22.1183 7.76926
0.768279 0 0.224845 29.8876 21.8457 8.04191
0.778257 0 0.229701 29.8876 21.5772 8.3104
0.788235 0 0.23457 29.8877 21.3133 8.57436
0.798212 0 0.239449 29.8877 21.0542 8.83344
0.80819 0 0.244338 29.8877 20.8004 9.08731
0.818168 0 0.249236 29.8877 20.5521 9.33566
0.828145 0 0.254141 29.8877 20.3095 9.57819
0.838123 0 0.259052 29.8877 20.0731 9.81462
0.848101 0 0.263968 29.8878 19.843 10.0447
0.858078 0 0.268887 29.8878 19.6195 10.2682
0.868056 0 0.27381 29.8878 19.4028 10.485
0.878034 0 0.278734 29.8878 19.193 10.6948
0.888011 0 0.283658 29.8878 18.9903 10.8975
0.897989 0 0.288582 29.8878 18.7949 11.0929
0.907966 0 0.293505 29.8878 18.6067 11.2811
0.917944 0 0.298426 29.8878 18.426 11.4618
0.927922 0 0.303345 29.8878 18.2527 11.6351
0.937899 0 0.30826 29.8878 18.0869 11.8009
0.947877 0 0.31317 29.8878 17.9286 11.9592
0.957855 0 0.318076 29.8878 17.7777 12.1101
0.967832 0 0.322977 29.8878 17.6342 12.2536
0.97781 0 0.327871 29.8878 17.4981 12.3897
0.987788 0 0.33276 29.8878 17.3692 12.5186
0.997765 0 0.337641 29.8878 17.2475 12.6403
1.00774 0 0.342515 29.8878 17.1329 12.7549
1.01772 0 0.347382 29.8878 17.0251 12.8627
1.0277 0 0.352241 29.8878 16.9242 12.9636
1.03768 0 0.357091 29.8877 16.8298 13.0579
1.04765 0 0.361933 29.8877 16.742 13.1457
1.05763 0 0.366766 29.8877 16.6605 13.2272
1.06761 0 0.371591 29.8877 16.5852 13.3025
1.07759 0 0.376407 29.8218 16.3759 13.4459
1.08756 0 0.381212 29.8218 16.0323 13.7895
1.09754 0 0.386007 29.8219 15.6931 14.1288
1.10752 0 0.390788 29.8219 15.359 14.463
1.1175 0 0.395555 29.822 15.031 14.791
1.12747 0 0.400305 29.8221 14.7099 15.1122
1.13745 0 0.405037 29.8221 14.3966 15.4255
1.14743 0 0.409749 29.8222 14.0922 15.73
1.15741 0 0.414441 29.8222 13.7975 16.0247
1.16739 0 0.419109 29.8223 13.5134 16.3089
1.17736 0 0.423755 29.8223 13.241 16.5814
1.18734 0 0.428375 29.8224 12.981 16.8414
1.19732 0 0.432968 29.8224 12.7345 17.088
1.2073 0 0.437535 29.8225 12.5022 17.3203
1.21727 0 0.442073 29.8226 12.2851 17.5374
1.22725 0 0.446582 29.8226 12.0839 17.7387
1.23723 0 0.451061 29.8226 11.8994 17.9232
1.24721 0 0.455509 29.8227 11.7323 18.0904
1.25718 0 0.459926 29.8227 11.5832 18.2395
1.26716 0 0.464311 29.8228 11.4527 18.37
1.27714 0 0.468664 29.8228 11.3414 18.4814
1.28712 0 0.472984 29.8228 11.2495 18.5733
1.29709 0 0.477272 29.8228 11.1776 18.6452
1.30707 0 0.481528 29.8228 11.1258 18.6971
1.31705 0 0.485751 29.8228 11.0943 18.7285
1.32703 0 0.489942 29.8228 11.0832 18.7396
1.33701 0 0.494101 29.8228 11.0926 18.7302
1.34698 0 0.498229 29.8228 11.1223 18.7005
1.35696 0 0.502327 29.8228 11.1721 18.6507
1.36694 0 0.506394 29.8228 11.2418 18.581
1.37692 0 0.510433 29.8228 11.331 18.4918
1.38689 0 0.514443 29.8227 11.4393 18.3834
1.39687 0 0.518426 29.8227 11.5662 18.2565
1.40685 0 0.522383 29.8226 11.7111 18.1115
1.41683 0 0.526315 29.8226 11.8734 17.9492
1.4268 0 0.530224 29.8226 12.0524 17.7701
1.43678 0 0.534111 29.8225 12.2473 17.5752
1.44676 0 0.537977 29.8224 12.4573 17.3651
1.45674 0 0.541825 29.8224 12.6816 17.1408
1.46672 0 0.545655 29.8223 12.9194 16.903
1.47669 0 0.549469 29.8223 13.1696 16.6527
1.48667 0 0.553269 29.8222 13.4315 16.3907
1.49665 0 0.557057 29.8222 13.7042 16.118
1.50663 0 0.560835 29.8221 13.9866 15.8355
1.5166 0 0.564605 29.8221 14.278 15.5441
1.52658 0 0.568367 29.822 14.5774 15.2446
1.53656 0 0.572125 29.7618 14.6946 15.0672
1.54654 0 0.57588 29.7618 14.626 15.1358
1.55651 0 0.57963 29.7619 14.5603 15.2016
1.56649 0 0.583377 29.7619 14.498 15.2639
1.57647 0 0.587121 29.7619 14.4398 15.3221
1.58645 0 0.590861 29.762 14.3864 15.3756
1.59642 0 0.594597 29.762 14.3384 15.4236
1.6064 0 0.59833 29.7621 14.2966 15.4655
1.61638 0 0.602059 29.7621 14.2615 15.5006
1.62636 0 0.605786 29.7621 14.2338 15.5283
1.63634 0 0.609509 29.7622 14.2143 15.5479
1.64631 0 0.613229 29.7622 14.2035 15.5587
1.65629 0 0.616947 29.7623 14.2021 15.5601
1.66627 0 0.620662 29.7623 14.2107 15.5516
1.67625 0 0.624375 29.7623 14.2297 15.5326
1.68622 0 0.628087 29.773 14.1746 15.5984
1.6962 0 0.631797 29.773 14.045 15.728
1.70618 0 0.635505 29.7731 13.925 15.8481
1.71616 0 0.639211 29.7731 13.8152 15.9579
1.72613 0 0.642913 29.7731 13.7163 16.0568
1.73611 0 0.646611 29.7732 13.6288 16.1444
1.74609 0 0.650305 29.7732 13.5533 16.2199
1.75607 0 0.653995 29.7732 13.4903 16.283
1.76604 0 0.657681 29.7733 13.4402 16.3331
1.77602 0 0.661362 29.7733 13.4035 16.3698
1.786 0 0.665038 29.7733 13.3806 16.3927
1.79598 0 0.668709 29.7733 13.3717 16.4016
1.80596 0 0.672375 29.7733 13.3773 16.396
1.81593 0 0.676037 29.7733 13.3974 16.3759
1.82591 0 0.679693 29.7734 13.4324 16.341
1.83589 0 0.683346 29.7734 13.4823 16.2911
1.84587 0 0.686994 29.7734 13.5471 16.2262
1.85584 0 0.690639 29.7734 13.627 16.1464
1.86582 0 0.694281 29.7734 13.7219 16.0515
1.8758 0 0.69792 29.7733 13.8317 15.9417
1.88578 0 0.701557 29.7733 13.9563 15.817
1.89575 0 0.705193 29.7733 14.0955 15.6778
1.90573 0 0.708828 29.7733 14.2492 15.5241
1.91571 0 0.712463 29.7733 14.4171 15.3562
1.92569 0 0.7161 29.7733 14.5988 15.1745
1.93566 0 0.719738 29.7486 14.7437 15.0049
1.94564 0 0.72338 29.7485 14.8511 14.8975
1.95562 0 0.727025 29.7485 14.9704 14.7781
1.9656 0 0.730675 29.7485 15.1011 14.6473
1.97558 0 0.73433 29.7261 15.2161 14.51
1.98555 0 0.737992 29.726 15.314 14.412
1.99553 0 0.74166 29.726 15.4199 14.306
2.00551 0 0.745336 29.7259 15.5332 14.1928
2.01549 0 0.749021 29.7259 15.6529 14.073
2.02546 0 0.752715 29.7258 15.7784 13.9474
2.03544 0 0.75642 29.7258 15.9089 13.8169
2.04542 0 0.760136 29.7257 16.0435 13.6822
2.0554 0 0.763864 29.7257 16.1817 13.544
2.06537 0 0.767606 29.7257 16.3225 13.4031
2.07535 0 0.771363 29.7256 16.4654 13.2602
2.08533 0 0.775134 29.7256 16.6095 13.1161
2.09531 0 0.778922 29.7255 16.7542 12.9713
2.10528 0 0.782728 29.7255 16.8988 12.8267
2.11526 0 0.786552 29.7255 17.0427 12.6828
2.12524 0 0.790396 29.7129 17.0738 12.6391
2.13522 0 0.79426 29.6388 16.8655 12.7733
2.1452 0 0.798144 29.6388 16.5336 13.1052
2.15517 0 0.802046 29.6388 16.2067 13.4322
2.16515 0 0.805966 29.6389 15.8852 13.7537
2.17513 0 0.809901 29.6389 15.5696 14.0693
2.18511 0 0.813852 29.6389 15.2605 14.3784
2.19508 0 0.817816 29.6389 14.9584 14.6805
2.20506 0 0.821793 29.639 14.6637 14.9753
2.21504 0 0.825782 29.639 14.3767 15.2622
2.22502 0 0.829781 29.639 14.098 15.541
2.23499 0 0.83379 29.639 13.8278 15.8112
2.24497 0 0.837808 29.639 13.5665 16.0726
2.25495 0 0.841834 29.639 13.3142 16.3248
2.26493 0 0.845867 29.6391 13.0713 16.5677
2.27491 0 0.849906 29.6391 12.8379 16.8012
2.28488 0 0.853951 29.6391 12.6141 17.0249
2.29486 0 0.858002 29.6391 12.4 17.239
2.30484 0 0.862057 29.6391 12.1957 17.4433
2.31482 0 0.866117 29.639 12.0011 17.638
2.32479 0 0.87018 29.639 11.8161 17.8229
2.33477 0 0.874247 29.6456 11.6338 18.0118
2.34475 0 0.878317 29.6456 11.4546 18.191
2.35473 0 0.88239 29.6456 11.285 18.3606
2.3647 0 0.886465 29.6456 11.1249 18.5207
2.37468 0 0.890543 29.6455 10.9739 18.6716
2.38466 0 0.894624 29.6455 10.8318 18.8137
2.39464 0 0.898706 29.6455 10.6981 18.9474
2.40461 0 0.902791 29.6454 10.5726 19.0729
2.41459 0 0.906878 29.6454 10.4547 19.1907
2.42457 0 0.910968 29.6454 10.3442 19.3012
2.43455 0 0.915059 29.6454 10.2405 19.4049
2.44453 0 0.919154 29.6453 10.1433 19.502
2.4545 0 0.923251 29.6453 10.0523 19.593
2.46448 0 0.927351 29.6453 9.96697 19.6783
2.47446 0 0.931453 29.6452 9.88702 19.7582
2.48444 0 0.93556 29.6467 9.68651 19.9602
2.49441 0 0.939669 29.6468 9.3666 20.2802
2.50439 0 0.943779 29.6469 9.05453 20.5923
2.51437 0 0.947891 29.6469 8.75139 20.8955
2.52435 0 0.952002 29.647 8.45827 21.1887
2.53432 0 0.956112 29.6471 8.17632 21.4708
2.5443 0 0.960219 29.6471 7.90667 21.7405
2.55428 0 0.964323 29.6472 7.65048 21.9967
2.56426 0 0.968424 29.6473 7.4089 22.2384
2.57423 0 0.972519 29.6474 7.18306 22.4643
2.58421 0 0.97661 29.6474 6.9741 22.6733
2.59419 0 0.980694 29.6475 6.78311 22.8644
2.60417 0 0.984772 29.6475 6.61115 23.0364
2.61415 0 0.988844 29.6476 6.45923 23.1884
2.62412 0 0.992909 29.6477 6.3283 23.3194
2.6341 0 0.996966 29.6477 6.21924 23.4285
2.64408 0 1.00102 29.6478 6.13287 23.5149
2.65406 0 1.00506 29.6478 6.06991 23.5779
2.66403 0 1.0091 29.6478 6.03098 23.6168
2.67401 0 1.01313 29.6479 6.01662 23.6312
2.68399 0 1.01715 29.6479 6.02725 23.6206
2.69397 0 1.02117 29.6479 6.06315 23.5847
2.70394 0 1.02518 29.6479 6.12453 23.5234
2.71392 0 1.02919 29.6479 6.21145 23.4364
2.7239 0 1.03319 29.6479 6.32384 23.324
2.73388 0 1.03719 29.6479 6.46151 23.1863
2.74385 0 1.04119 29.6478 6.62417 23.0237
2.75383 0 1.04519 29.6478 6.81139 22.8364
2.76381 0 1.04919 29.6478 7.02261 22.6251
2.77379 0 1.0532 29.6477 7.25719 22.3905
2.78377 0 1.0572 29.6477 7.51435 22.1333
2.79374 0 1.06122 29.6476 7.79325 21.8543
2.80372 0 1.06523 29.6475 8.09293 21.5546
2.8137 0 1.06926 29.6475 8.41236 21.2351
2.82368 0 1.0733 29.5573 8.63562 20.9216
2.83365 0 1.07735 29.5572 8.75976 20.7975
2.84363 0 1.08141 29.5572 8.89902 20.6582
2.85361 0 1.08549 29.5572 9.05308 20.5041
2.86359 0 1.08958 29.5572 9.22158 20.3356
2.87356 0 1.09368 29.5572 9.40418 20.153
2.88354 0 1.09781 29.5571 9.60051 19.9566
2.89352 0 1.10195 29.5571 9.81018 19.7469
2.9035 0 1.10611 29.5571 10.0328 19.5243
2.91347 0 1.11028 29.5571 10.268 19.2891
2.92345 0 1.11448 29.557 10.5153 19.0417
2.93343 0 1.11871 29.557 10.7744 18.7826
2.94341 0 1.12295 29.557 11.0448 18.5122
2.95339 0 1.12722 29.557 11.326 18.2309
2.96336 0 1.13152 29.5569 11.6178 17.9392
2.97334 0 1.13584 29.5569 11.9195 17.6374
2.98332 0 1.1402 29.5569 12.2308 17.3261
2.9933 0 1.14458 29.5569 12.5512 17.0057
3.00327 0 1.149 29.5568 12.8802 16.6766
3.01325 0 1.15345 29.5568 13.2175 16.3393
3.02323 0 1.15793 29.5568 13.5624 15.9944
3.03321 0 1.16245 29.5567 13.9146 15.6422
3.04318 0 1.16701 29.5567 14.2735 15.2832
3.05316 0 1.17161 29.5567 14.6387 14.918
3.06314 0 1.17625 29.5567 15.0096 14.547
3.07312 0 1.18093 29.5566 15.3859 14.1708
3.08309 0 1.18566 29.5566 15.7669 13.7897
3.09307 0 1.19043 29.5566 16.1521 13.4044
3.10305 0 1.19525 29.5565 16.5412 13.0154
3.11303 0 1.20012 29.5565 16.9335 12.6231
3.12301 0 1.20504 29.5565 17.3285 12.228
3.13298 0 1.21001 29.5565 17.7258 11.8307
3.14296 0 1.21504 29.5564 18.1248 11.4317
3.15294 0 1.22012 29.5564 18.525 11.0314
3.16292 0 1.22526 29.5564 18.926 10.6303
3.17289 0 1.23046 29.5563 19.3273 10.2291
3.18287 0 1.23571 29.5563 19.7283 9.82798
3.19285 0 1.24103 29.5563 20.1287 9.42759
3.20283 0 1.24641 29.5563 20.5279 9.02835
3.2128 0 1.25186 29.6425 20.8202 8.82231
3.22278 0 1.25737 29.5333 20.8817 8.65166
3.23276 0 1.26295 29.5333 20.8191 8.71422
3.24274 0 1.26859 29.5333 20.7541 8.77918
3.25272 0 1.2743 29.5333 20.6866 8.84671
3.26269 0 1.28008 29.5334 20.6138 8.9196
3.27267 0 1.28593 29.5334 20.5359 8.9975
3.28265 0 1.29184 29.5275 20.3714 9.15601
3.29263 0 1.29782 29.5275 20.1222 9.40529
3.3026 0 1.30387 29.5092 19.8531 9.65611
3.31258 0 1.30999 29.5092 19.5645 9.94471
3.32256 0 1.31618 29.5092 19.2777 10.2315
3.33254 0 1.32243 29.5092 18.9931 10.5162
3.34251 0 1.32875 29.5092 18.7109 10.7984
3.35249 0 1.33514 29.5093 18.4315 11.0778
3.36247 0 1.3416 29.5093 18.1552 11.3541
3.37245 0 1.34812 29.5093 17.8825 11.6268
3.38242 0 1.35471 29.5093 17.6137 11.8957
3.3924 0 1.36136 29.5094 17.3491 12.1602
3.40238 0 1.36809 29.5094 17.0893 12.4201
3.41236 0 1.37488 29.5094 16.8346 12.6748
3.42234 0 1.38174 29.5094 16.5854 12.924
3.43231 0 1.38867 29.5095 16.3423 13.1672
3.44229 0 1.39566 29.5095 16.1056 13.4039
3.45227 0 1.40273 29.5095 15.8759 13.6336
3.46225 0 1.40986 29.5095 15.6536 13.856
3.47222 0 1.41706 29.5096 15.4392 14.0704
3.4822 0 1.42432 29.5096 15.2333 14.2763
3.49218 0 1.43166 29.5096 15.0363 14.4733
3.50216 0 1.43907 29.5097 14.8488 14.6608
3.51213 0 1.44655 29.5097 14.6714 14.8383
3.52211 0 1.45409 29.5097 14.5044 15.0053
3.53209 0 1.46171 29.5098 14.3485 15.1613
3.54207 0 1.4694 29.5098 14.2041 15.3057
3.55204 0 1.47716 29.5098 14.0718 15.438
3.56202 0 1.485 29.5099 13.9521 15.5578
3.572 0 1.4929 29.5099 13.8454 15.6645
3.58198 0 1.50088 29.5099 13.7523 15.7576
3.59196 0 1.50894 29.5099 13.6731 15.8369
3.60193 0 1.51707 29.51 13.6082 15.9017
3.61191 0 1.52528 29.51 13.5581 15.9519
3.62189 0 1.53356 29.51 13.5231 15.9869
3.63187 0 1.54192 29.51 13.5035 16.0066
3.64184 0 1.55036 29.51 13.4995 16.0106
3.65182 0 1.55888 29.51 13.5114 15.9987
3.6618 0 1.56748 29.5101 13.5393 15.9708
3.67178 0 1.57617 29.5101 13.5833 15.9267
3.68175 0 1.58493 29.5101 13.6436 15.8665
3.69173 0 1.59378 29.5104 13.7183 15.7921
3.70171 0 1.60271 29.5104 13.8073 15.7032
3.71169 0 1.61173 29.5104 13.9121 15.5983
3.72166 0 1.62084 29.5104 14.0326 15.4778
3.73164 0 1.63003 29.5104 14.1686 15.3417
3.74162 0 1.63932 29.5104 14.3198 15.1905
3.7516 0 1.64869 29.5103 14.4859 15.0244
3.76158 0 1.65816 29.5103 14.6665 14.8438
3.77155 0 1.66772 29.5103 14.861 14.6492
3.78153 0 1.67737 29.5102 15.0692 14.4411
3.79151 0 1.68712 29.5102 15.2903 14.2199
3.80149 0 1.69696 29.5102 15.5239 13.9863
3.81146 0 1.70691 29.5101 15.7693 13.7408
3.82144 0 1.71695 29.5092 16.0239 13.4853
3.83142 0 1.72709 29.5091 16.287 13.2221
3.8414 0 1.73733 29.5091 16.56 12.9491
3.85137 0 1.74768 29.509 16.8422 12.6668
3.86135 0 1.75813 29.509 17.1328 12.3762
3.87133 0 1.76868 29.509 17.4311 12.0778
3.88131 0 1.77934 29.5089 17.7364 11.7725
3.89128 0 1.7901 29.5089 18.0479 11.461
3.90126 0 1.80098 29.5088 18.3648 11.144
3.91124 0 1.81196 29.5088 18.6865 10.8222
3.92122 0 1.82305 29.5087 19.0122 10.4965
3.9312 0 1.83425 29.5087 19.3413 10.1674
3.94117 0 1.84556 29.5087 19.6729 9.83572
3.95115 0 1.85699 29.5086 20.0066 9.50205
3.96113 0 1.86853 29.5086 20.3415 9.16706
3.97111 0 1.88018 29.5085 20.6772 8.83135
3.98108 0 1.89194 29.5085 21.013 8.49551
3.99106 0 1.90383 29.5085 21.3484 8.16011
4.00104 0 1.91582 29.5085 21.6828 7.82565
4.01102 0 1.92794 29.5084 22.0158 7.49265
4.02099 0 1.94017 29.5084 22.3468 7.16156
4.03097 0 1.95252 29.5084 22.6756 6.83281
4.04095 0 1.96498 29.5084 23.0016 6.5068
4.05093 0 1.97756 29.5083 23.3244 6.18391
4.0609 0 1.99027 29.5229 23.6293 5.89356
4.07088 0 2.00309 29.5229 23.9169 5.60593
4.08086 0 2.01603 29.5229 24.2021 5.32072
4.09084 0 2.02909 29.5228 24.4846 5.03826
4.10082 0 2.04227 29.5228 24.764 4.75883
4.11079 0 2.05557 29.5228 25.0401 4.48269
4.12077 0 2.06899 29.5228 25.3127 4.2101
4.13075 0 2.08254 29.5228 25.5816 3.94126
4.14073 0 2.0962 29.5228 25.8465 3.67635
4.1507 0 2.10998 29.5228 26.1073 3.41555
4.16068 0 2.12389 29.5228 26.3638 3.15898
4.17066 0 2.13791 29.5228 26.616 2.90678
4.18064 0 2.15206 29.5228 26.8637 2.65905
4.19061 0 2.16633 29.5228 27.1069 2.41586
4.20059 0 2.18072 29.5228 27.3455 2.17729
4.21057 0 2.19523 29.5228 27.5794 1.94339
4.22055 0 2.20986 29.5228 27.8086 1.71419
4.23053 0 2.22461 29.5228 28.0331 1.48972
4.2405 0 2.23948 29.5228 28.2528 1.27
4.25048 0 2.25447 29.5228 28.4678 1.05503
4.26046 0 2.26958 29.5228 28.678 0.844802
4.27044 0 2.28481 29.5228 28.8835 0.639306
4.28041 0 2.30016 29.5228 29.0843 0.438519
4.29039 0 2.31563 29.5228 29.2804 0.242416
4.30037 0 2.33122 29.5229 29.4719 0.0509624
4.31035 0 2.34693 29.5229 29.6587 -0.135879
4.32032 0 2.36276 29.5229 29.841 -0.318149
4.3303 0 2.37871 29.5229 30.0188 -0.495895
4.34028 0 2.39477 29.5229 30.192 -0.669164
4.35026 0 2.41095 29.5229 30.3609 -0.838009
4.36023 0 2.42725 29.5229 30.5254 -1.00248
4.37021 0 2.44366 29.5229 30.6855 -1.16264
4.38019 0 2.46019 29.5229 30.8414 -1.31853
4.39017 0 2.47684 29.5229 30.9931 -1.47023
4.40015 0 2.4936 29.5229 31.1407 -1.61778
4.41012 0 2.51048 29.5229 31.2842 -1.76125
4.4201 0 2.52747 29.5229 31.4236 -1.90069
4.43008 0 2.54458 29.5229 31.5591 -2.03617
4.44006 0 2.5618 29.5229 31.6907 -2.16774
4.45003 0 2.57913 29.523 31.8184 -2.29547
4.46001 0 2.59657 29.523 31.9424 -2.41942
4.46999 0 2.61413 29.523 32.0626 -2.53965
4.47997 0 2.6318 29.523 32.1792 -2.65621
4.48994 0 2.64958 29.5335 32.2569 -2.72338
4.49992 0 2.66748 29.5335 32.2962 -2.76267
4.5099 0 2.68548 29.5335 32.3329 -2.79934
4.51988 0 2.70359 29.5335 32.3671 -2.83354
4.52985 0 2.72182 29.5335 32.3989 -2.8654
4.53983 0 2.74015 29.5335 32.4286 -2.89508
4.54981 0 2.7586 29.5336 32.4563 -2.9227
4.55979 0 2.77715 29.5336 32.482 -2.94839
4.56977 0 2.79581 29.5336 32.5059 -2.97229
4.57974 0 2.81459 29.5336 32.5281 -2.99451
4.58972 0 2.83347 29.5336 32.5488 -3.01518
4.5997 0 2.85246 29.5336 32.568 -3.03441
4.60968 0 2.87155 29.5336 32.5859 -3.05231
4.61965 0 2.89076 29.5336 32.6026 -3.06898
4.62963 0 2.91007 29.5346 32.6156 -3.08105
4.63961 0 2.9295 29.5334 32.6198 -3.08647
4.64959 0 2.94902 29.5334 32.6177 -3.08433
4.65956 0 2.96865 29.5333 32.6143 -3.08094
4.66954 0 2.98838 29.5333 32.6096 -3.07624
4.67952 0 3.00822 29.5333 32.6036 -3.07021
4.6895 0 3.02816 29.5329 32.5941 -3.06118
4.69947 0 3.0482 29.5329 32.5814 -3.04848
4.70945 0 3.06834 29.5329 32.5676 -3.03467
4.71943 0 3.08859 29.5329 32.5526 -3.01967
4.72941 0 3.10893 29.5329 32.5363 -3.00342
4.73939 0 3.12938 29.5329 32.5187 -2.98581
4.74936 0 3.14992 29.5329 32.4996 -2.96675
4.75934 0 3.17056 29.5329 32.479 -2.94615
4.76932 0 3.1913 29.5329 32.4568 -2.9239
4.7793 0 3.21214 29.5329 32.4328 -2.8999
4.78927 0 3.23307 29.5329 32.4069 -2.87403
4.79925 0 3.2541 29.5294 32.3745 -2.84513
4.80923 0 3.27522 29.5294 32.3352 -2.80585
4.81921 0 3.29643 29.5293 32.293 -2.76367
4.82918 0 3.31773 29.5293 32.2478 -2.71844
4.83916 0 3.33912 29.5293 32.1993 -2.66995
4.84914 0 3.36059 29.5293 32.1473 -2.61804
4.85912 0 3.38215 29.5293 32.0918 -2.5625
4.86909 0 3.4038 29.5293 32.0324 -2.50315
4.87907 0 3.42552 29.5292 31.969 -2.43976
4.88905 0 3.44732 29.533 31.896 -2.36301
4.89903 0 3.4692 29.533 31.8132 -2.28027
4.90901 0 3.49115 29.533 31.7259 -2.19292
4.91898 0 3.51318 29.5329 31.6337 -2.10075
4.92896 0 3.53527 29.5329 31.5364 -2.00352
4.93894 0 3.55742 29.5329 31.4339 -1.90099
4.94892 0 3.57964 29.5329 31.3258 -1.79292
4.95889 0 3.60192 29.5329 31.2119 -1.67908
4.96887 0 3.62426 29.5328 31.092 -1.55922
4.97885 0 3.64666 29.5328 30.9659 -1.43311
4.98883 0 3.66911 29.5328 30.8333 -1.30051
4.9988 0 3.69161 29.5328 30.694 -1.16119
5.00878 0 3.71416 29.5327 30.5477 -1.01492
5.01876 0 3.73676 29.5327 30.3942 -0.861486
5.02874 0 3.75939 29.5327 30.2334 -0.700666
5.03872 0 3.78207 29.5327 30.0649 -0.532261
5.04869 0 3.80478 29.5327 29.8887 -0.356078
5.05867 0 3.82752 29.5326 29.7046 -0.171938
5.06865 0 3.85028 29.5326 29.5123 0.0203202
5.07863 0 3.87308 29.5326 29.3118 0.220843
5.0886 0 3.89589 29.5326 29.1028 0.429757
5.09858 0 3.91871 29.5326 28.8854 0.647163
5.10856 0 3.94155 29.5326 28.6594 0.87314
5.11854 0 3.9644 29.5326 28.4248 1.10774
5.12851 0 3.98724 29.5325 28.1816 1.35098
5.13849 0 4.01009 29.5325 27.9297 1.60284
5.14847 0 4.03292 29.5325 27.6692 1.86329
5.15845 0 4.05575 29.5325 27.4003 2.13223
5.16842 0 4.07856 29.5325 27.123 2.40954
5.1784 0 4.10134 29.5325 26.8375 2.69503
5.18838 0 4.1241 29.5326 26.5441 2.9885
5.19836 0 4.14682 29.5326 26.2429 3.28967
5.20834 0 4.16951 29.5326 25.9343 3.59824
5.21831 0 4.19215 29.5326 25.6188 3.91381
5.22829 0 4.21474 29.5326 25.2966 4.23598
5.23827 0 4.23727 29.5327 24.9684 4.56426
5.24825 0 4.25974 29.5327 24.6346 4.8981
5.25822 0 4.28215 29.5327 24.2958 5.23692
5.2682 0 4.30448 29.5328 23.9527 5.58006
5.27818 0 4.32673 29.5328 23.606 5.92681
5.28816 0 4.34889 29.5328 23.2564 6.27642
5.29813 0 4.37096 29.5329 22.9048 6.62806
5.30811 0 4.39294 29.5329 22.5521 6.98087
5.31809 0 4.41481 29.533 22.1991 7.33393
5.32807 0 4.43657 29.5331 21.8468 7.6863
5.33804 0 4.45821 29.5331 21.4961 8.03699
5.34802 0 4.47974 29.5332 21.1482 8.38497
5.358 0 4.50113 29.5332 20.8041 8.7292
5.36798 0 4.5224 29.5333 20.4647 9.0686
5.37796 0 4.54352 29.5334 20.1313 9.40212
5.38793 0 4.5645 29.5334 19.8048 9.72867
5.39791 0 4.58533 29.5335 19.4863 10.0472
5.40789 0 4.60601 29.5336 19.177 10.3566
5.41787 0 4.62653 29.5336 18.8777 10.6559
5.42784 0 4.64688 29.5337 18.5896 10.9441
5.43782 0 4.66707 29.5338 18.3135 11.2202
5.4478 0 4.68708 29.5338 18.0504 11.4834
5.45778 0 4.70692 29.5339 17.8011 11.7327
5.46775 0 4.72658 29.5339 17.5664 11.9675
5.47773 0 4.74606 29.5339 17.347 12.1869
5.48771 0 4.76536 29.534 17.1435 12.3905
5.49769 0 4.78446 29.534 16.9565 12.5775
5.50766 0 4.80338 29.534 16.7864 12.7476
5.51764 0 4.8221 29.534 16.6336 12.9005
5.52762 0 4.84063 29.534 16.4984 13.0357
5.5376 0 4.85897 29.5341 16.3809 13.1532
5.54758 0 4.87711 29.5341 16.2813 13.2528
5.55755 0 4.89505 29.534 16.1995 13.3345
5.56753 0 4.9128 29.534 16.1356 13.3985
5.57751 0 4.93034 29.534 16.0892 13.4448
5.58749 0 4.94769 29.534 16.0603 13.4737
5.59746 0 4.96485 29.534 16.0485 13.4855
5.60744 0 4.98181 29.534 16.0534 13.4806
5.61742 0 4.99857 29.5339 16.0746 13.4593
5.6274 0 5.01514 29.5322 16.1079 13.4244
5.63737 0 5.03152 29.5322 16.1529 13.3793
5.64735 0 5.0477 29.5322 16.2129 13.3193
5.65733 0 5.06369 29.5321 16.2873 13.2448
5.66731 0 5.07949 29.5321 16.3755 13.1565
5.67728 0 5.09511 29.5321 16.4769 13.0552
5.68726 0 5.11054 29.532 16.5907 12.9414
5.69724 0 5.1258 29.532 16.7162 12.8158
5.70722 0 5.14087 29.5319 16.8529 12.6791
5.7172 0 5.15578 29.5319 16.9999 12.532
5.72717 0 5.17051 29.5318 17.1567 12.3751
5.73715 0 5.18508 29.5318 17.3226 12.2092
5.74713 0 5.19948 29.5318 17.4969 12.0349
5.75711 0 5.21372 29.5317 17.679 11.8527
5.76708 0 5.22781 29.5317 17.8683 11.6634
5.77706 0 5.24174 29.5317 18.0641 11.4676
5.78704 0 5.25553 29.5316 18.2659 11.2657
5.79702 0 5.26918 29.5316 18.4731 11.0585
5.80699 0 5.28268 29.5316 18.6852 10.8463
5.81697 0 5.29605 29.5315 18.9017 10.6299
5.82695 0 5.30929 29.5315 19.122 10.4095
5.83693 0 5.3224 29.5315 19.3457 10.1858
5.8469 0 5.33538 29.5315 19.5723 9.95916
5.85688 0 5.34825 29.5315 19.8014 9.73006
5.86686 0 5.361 29.5314 20.0325 9.4989
5.87684 0 5.37365 29.5314 20.2653 9.26608
5.88682 0 5.38618 29.5314 20.4994 9.03199
5.89679 0 5.39862 29.5314 20.7344 8.79697
5.90677 0 5.41095 29.5314 20.97 8.56138
5.91675 0 5.42319 29.5313 21.2058 8.32553
5.92673 0 5.43534 29.5313 21.4416 8.08974
5.9367 0 5.44741 29.5313 21.677 7.85428
5.94668 0 5.45939 29.5313 21.9119 7.61942
5.95666 0 5.47129 29.5313 22.1459 7.38543
5.96664 0 5.48312 29.5313 22.3788 7.15253
5.97661 0 5.49488 29.5313 22.6103 6.92095
5.98659 0 5.50657 29.5313 22.8404 6.69089
5.99657 0 5.5182 29.5313 23.0687 6.46254
6.00655 0 5.52977 29.5313 23.2952 6.23607
6.01653 0 5.54129 29.5703 23.4229 6.14731
6.0265 0 5.55274 29.5702 23.4552 6.11507
6.03648 0 5.56415 29.5702 23.4909 6.07929
6.04646 0 5.57551 29.5702 23.5301 6.04016
6.05644 0 5.58681 29.5702 23.5724 5.99783
6.06641 0 5.59807 29.5702 23.6178 5.95245
6.07639 0 5.60928 29.5702 23.666 5.90418
6.08637 0 5.62044 29.5702 23.717 5.85315
6.09635 0 5.63155 29.5702 23.7707 5.79951
6.10632 0 5.64263 29.4784 23.7004 5.77801
6.1163 0 5.65366 29.4784 23.5044 5.97395
6.12628 0 5.66464 29.4784 23.309 6.16935
6.13626 0 5.67558 29.4784 23.1144 6.36404
6.14623 0 5.68647 29.4784 22.9206 6.55784
6.15621 0 5.6973 29.4794 22.725 6.75434
6.16619 0 5.70808 29.4794 22.528 6.95137
6.17617 0 5.71881 29.4794 22.3326 7.14676
6.18615 0 5.72948 29.4794 22.1391 7.34029
6.19612 0 5.74009 29.4794 21.9477 7.53174
6.2061 0 5.75063 29.4794 21.7586 7.72085
6.21608 0 5.76112 29.4795 21.5721 7.90737
6.22606 0 5.77153 29.4795 21.3884 8.09105
6.23603 0 5.78188 29.4795 21.2079 8.27161
6.24601 0 5.79216 29.4795 21.0307 8.44876
6.25599 0 5.80237 29.4795 20.8573 8.62222
6.26597 0 5.81251 29.4795 20.6879 8.79168
6.27594 0 5.82257 29.4796 20.5227 8.95683
6.28592 0 5.83256 29.4796 20.3622 9.11735
6.2959 0 5.84247 29.4796 20.2067 9.27292
6.30588 0 5.85229 29.4727 20.0464 9.42621
6.31585 0 5.86204 29.4727 19.8808 9.59189
6.32583 0 5.87171 29.4727 19.719 9.75366
6.33581 0 5.88129 29.4727 19.5614 9.91133
6.34579 0 5.89078 29.4727 19.408 10.0647
6.35577 0 5.90019 29.4727 19.259 10.2137
6.36574 0 5.90951 29.4727 19.1147 10.358
6.37572 0 5.91874 29.4727 18.9751 10.4976
6.3857 0 5.92788 29.4727 18.8404 10.6323
6.39568 0 5.93692 29.4727 18.7107 10.762
6.40565 0 5.94587 29.4727 18.5861 10.8866
6.41563 0 5.95473 29.4727 18.4667 11.006
6.42561 0 5.96349 29.4727 18.3525 11.1202
6.43559 0 5.97215 29.4741 18.2409 11.2333
6.44556 0 5.98072 29.4416 18.0659 11.3757
6.45554 0 5.98918 29.4416 17.831 11.6105
6.46552 0 5.99755 29.4416 17.6018 11.8397
6.4755 0 6.00581 29.4416 17.3784 12.0632
6.48547 0 6.01396 29.4416 17.1609 12.2807
6.49545 0 6.02201 29.4416 16.9494 12.4921
6.50543 0 6.02994 29.4416 16.744 12.6976
6.51541 0 6.03777 29.4441 16.5398 12.9043
6.52539 0 6.04548 29.4441 16.3368 13.1073
6.53536 0 6.05308 29.4441 16.1397 13.3043
6.54534 0 6.06056 29.444 15.9486 13.4955
6.55532 0 6.06793 29.444 15.7632 13.6808
6.5653 0 6.07517 29.444 15.5834 13.8606
6.57527 0 6.0823 29.444 15.4091 14.0349
6.58525 0 6.0893 29.444 15.2401 14.2039
6.59523 0 6.09618 29.444 15.0761 14.3679
6.60521 0 6.10293 29.4439 14.9169 14.527
6.61518 0 6.10956 29.4439 14.7623 14.6816
6.62516 0 6.11607 29.4439 14.612 14.8319
6.63514 0 6.12244 29.4439 14.4658 14.9781
6.64512 0 6.12868 29.4439 14.3235 15.1204
6.65509 0 6.1348 29.4438 14.1848 15.2591
6.66507 0 6.14078 29.4438 14.0495 15.3943
6.67505 0 6.14663 29.4438 13.9175 15.5263
6.68503 0 6.15235 29.4438 13.7885 15.6553
6.69501 0 6.15793 29.4438 13.6625 15.7813
6.70498 0 6.16338 29.4438 13.5394 15.9044
6.71496 0 6.16869 29.4438 13.4191 16.0247
6.72494 0 6.17386 29.4438 13.3016 16.1422
6.73492 0 6.1789 29.4438 13.187 16.2567
6.74489 0 6.18379 29.4438 13.0754 16.3684
6.75487 0 6.18855 29.4438 12.967 16.4768
6.76485 0 6.19316 29.4438 12.8619 16.5819
6.77483 0 6.19763 29.4438 12.7605 16.6833
6.7848 0 6.20196 29.4439 12.6631 16.7807
6.79478 0 6.20614 29.4439 12.5702 16.8737
6.80476 0 6.21018 29.4439 12.4821 16.9618
6.81474 0 6.21407 29.444 12.3994 17.0445
6.82472 0 6.21781 29.444 12.3228 17.1212
6.83469 0 6.22141 29.444 12.2528 17.1913
6.84467 0 6.22485 29.4441 12.1901 17.254
6.85465 0 6.22815 29.4441 12.1354 17.3087
6.86463 0 6.2313 29.4442 12.0896 17.3546
6.8746 0 6.23429 29.4442 12.0533 17.3909
6.88458 0 6.23714 29.4443 12.0275 17.4168
6.89456 0 6.23983 29.4443 12.0128 17.4315
6.90454 0 6.24237 29.4444 12.0102 17.4342
6.91451 0 6.24476 29.4444 12.0205 17.424
6.92449 0 6.247 29.4445 12.0444 17.4001
6.93447 0 6.24908 29.4445 12.0826 17.3619
6.94445 0 6.25101 29.4446 12.136 17.3086
6.95442 0 6.25279 29.4446 12.2052 17.2395
6.9644 0 6.25443 29.4447 12.2907 17.154
6.97438 0 6.25591 29.4447 12.3931 17.0515
6.98436 0 6.25724 29.4447 12.513 16.9318
6.99434 0 6.25842 29.4447 12.6505 16.7943
7.00431 0 6.25946 29.4448 12.806 16.6388
7.01429 0 6.26036 29.4448 12.9797 16.4651
7.02427 0 6.26111 29.4448 13.1716 16.2732
7.03425 0 6.26172 29.4155 13.2739 16.1416
7.04422 0 6.26219 29.4155 13.2846 16.1309
7.0542 0 6.26253 29.4155 13.31 16.1055
7.06418 0 6.26273 29.4155 13.3502 16.0653
7.07416 0 6.26278 29.4155 13.4053 16.0101
7.08413 0 6.26271 29.4155 13.4753 15.9402
7.09411 0 6.26249 29.275 13.242 16.033
7.10409 0 6.26214 29.2752 12.6969 16.5783
7.11407 0 6.26165 29.2753 12.1498 17.1255
7.12404 0 6.26101 29.2755 11.6035 17.672
7.13402 0 6.2602 29.2757 11.0609 18.2148
7.144 0 6.25924 29.2759 10.525 18.7509
7.15398 0 6.2581 29.2761 9.99926 19.2768
7.16396 0 6.25678 29.2763 9.487 19.7893
7.17393 0 6.25527 29.2765 8.99176 20.2848
7.18391 0 6.25357 29.2767 8.51713 20.7596
7.19389 0 6.25168 29.277 8.06672 21.2102
7.20387 0 6.24957 29.2772 7.64413 21.633
7.21384 0 6.24726 29.2774 7.2529 22.0245
7.22382 0 6.24473 29.2758 6.89156 22.3842
7.2338 0 6.24197 29.2759 6.56343 22.7125
7.24378 0 6.23899 29.2761 6.27632 22.9998
7.25375 0 6.23578 29.2763 6.03299 23.2433
7.26373 0 6.23233 29.2764 5.83584 23.4406
7.27371 0 6.22864 29.2765 5.68694 23.5896
7.28369 0 6.22471 29.2766 5.58793 23.6886
7.29366 0 6.22054 29.2766 5.54002 23.7366
7.30364 0 6.21613 29.2766 5.54396 23.7327
7.31362 0 6.21147 29.2766 5.60003 23.6766
7.3236 0 6.20656 29.2766 5.70803 23.5686
7.33358 0 6.20142 29.2765 5.86732 23.4092
7.34355 0 6.19603 29.2764 6.07675 23.1997
7.35353 0 6.1904 29.2763 6.33481 22.9415
7.36351 0 6.18453 29.2762 6.63952 22.6366
7.37349 0 6.17843 29.276 6.9886 22.2874
7.38346 0 6.1721 29.2758 7.37941 21.8964
7.39344 0 6.16555 29.2756 7.80907 21.4666
7.40342 0 6.15878 29.2754 8.27446 21.001
7.4134 0 6.15179 29.2752 8.77231 20.5029
7.42337 0 6.14459 29.275 9.29921 19.9758
7.43335 0 6.13719 29.2748 9.85171 19.4231
7.44333 0 6.1296 29.7127 9.95271 19.7599
7.45331 0 6.12181 29.7129 9.60375 20.1091
7.46328 0 6.11381 29.7131 9.28239 20.4307
7.47326 0 6.1056 29.7133 8.99188 20.7214
7.48324 0 6.09717 29.7134 8.73536 20.9781
7.49322 0 6.08851 29.7136 8.51583 21.1978
7.5032 0 6.07964 29.7138 8.33609 21.3777
7.51317 0 6.07052 29.7139 8.1987 21.5152
7.52315 0 6.06118 29.714 8.1059 21.6081
7.53313 0 6.05159 29.7141 8.05962 21.6545
7.54311 0 6.04177 29.7142 8.06138 21.6528
7.55308 0 6.0317 29.7142 8.1123 21.6019
7.56306 0 6.02139 29.7143 8.21304 21.5012
7.57304 0 6.01084 29.7142 8.3638 21.3504
7.58302 0 6.00004 29.7142 8.56432 21.1499
7.59299 0 5.989 29.7141 8.81387 20.9003
7.60297 0 5.97772 29.714 9.11125 20.6028
7.61295 0 5.96619 29.7139 9.45482 20.2591
7.62293 0 5.95444 29.8066 9.72435 20.0823
7.6329 0 5.94245 29.8065 9.91868 19.8878
7.64288 0 5.93023 29.8063 10.1548 19.6515
7.65286 0 5.91778 29.8062 10.4303 19.3759
7.66284 0 5.9051 29.806 10.7423 19.0637
7.67282 0 5.8922 29.8058 11.0879 18.7179
7.68279 0 5.87908 29.8056 11.464 18.3416
7.69277 0 5.86575 29.8054 11.8674 17.938
7.70275 0 5.85221 29.8052 12.2948 17.5104
7.71273 0 5.83846 29.805 12.7431 17.0619
7.7227 0 5.82452 29.8048 13.209 16.5958
7.73268 0 5.81038 29.8047 13.6896 16.1151
7.74266 0 5.79606 29.8045 14.1818 15.6227
7.75264 0 5.78156 29.8043 14.6828 15.1215
7.76261 0 5.76689 29.8042 15.19 14.6142
7.77259 0 5.75205 29.8041 15.701 14.1031
7.78257 0 5.73705 29.804 16.2135 13.5905
7.79255 0 5.72189 29.5557 16.4335 13.1222
7.80253 0 5.70659 29.5558 16.372 13.1838
7.8125 0 5.69114 29.5558 16.3331 13.2227
7.82248 0 5.67554 29.5558 16.3172 13.2386
7.83246 0 5.65979 29.5558 16.3246 13.2312
7.84244 0 5.64388 29.5558 16.3553 13.2005
7.85241 0 5.62781 29.5558 16.4093 13.1465
7.86239 0 5.61159 29.5558 16.4865 13.0693
7.87237 0 5.59521 29.5558 16.5866 12.9692
7.88235 0 5.57868 29.5557 16.7091 12.8466
7.89232 0 5.56199 29.5557 16.8536 12.7021
7.9023 0 5.54514 29.5556 17.0193 12.5363
7.91228 0 5.52814 29.5556 17.2056 12.35
7.92226 0 5.51099 29.5555 17.4115 12.144
7.93223 0 5.49368 29.5555 17.6362 11.9192
7.94221 0 5.47623 29.5554 17.8787 11.6767
7.95219 0 5.45863 29.5553 18.1377 11.4176
7.96217 0 5.44088 29.5552 18.4123 11.1429
7.97215 0 5.423 29.5552 18.7012 10.854
7.98212 0 5.40498 29.5551 19.0032 10.5519
7.9921 0 5.38682 29.5609 19.3071 10.2538
8.00208 0 5.36853 29.5608 19.6115 9.94933
8.01206 0 5.35011 29.5607 19.925 9.63576
8.02203 0 5.33157 29.5607 20.2464 9.3143
8.03201 0 5.31292 29.5606 20.5744 8.98619
8.04199 0 5.29414 29.5605 20.9079 8.65262
8.05197 0 5.27526 29.5605 21.2457 8.31473
8.06194 0 5.25627 29.5604 21.5867 7.97366
8.07192 0 5.23718 29.5603 21.9299 7.63047
8.0819 0 5.21799 29.5603 22.2741 7.28619
8.09188 0 5.19871 29.5636 22.6147 6.94892
8.10185 0 5.17934 29.5636 22.9513 6.61222
8.11183 0 5.15989 29.5635 23.287 6.2765
8.12181 0 5.14035 29.5635 23.6209 5.9426
8.13179 0 5.12075 29.5634 23.9521 5.6113
8.14177 0 5.10108 29.5634 24.2801 5.2833
8.15174 0 5.08134 29.5495 24.5896 4.95991
8.16172 0 5.06154 29.5495 24.8798 4.66975
8.1717 0 5.04169 29.5495 25.1641 4.38538
8.18168 0 5.02178 29.5495 25.4422 4.10724
8.19165 0 5.00183 29.5495 25.7137 3.83572
8.20163 0 4.98183 29.5495 25.9783 3.57117
8.21161 0 4.9618 29.5494 26.2356 3.31386
8.22159 0 4.94173 29.5494 26.4854 3.06405
8.23156 0 4.92163 29.5494 26.7275 2.82191
8.24154 0 4.9015 29.5494 26.9618 2.58762
8.25152 0 4.88135 29.5494 27.1882 2.36127
8.2615 0 4.86118 29.5494 27.4065 2.14295
8.27147 0 4.84099 29.5495 27.6167 1.93271
8.28145 0 4.82079 29.5495 27.8189 1.73054
8.29143 0 4.80058 29.5495 28.013 1.53645
8.30141 0 4.78036 29.5495 28.1991 1.35037
8.31139 0 4.76014 29.5495 28.3772 1.17225
8.32136 0 4.73992 29.5495 28.5475 1.002
8.33134 0 4.7197 29.5495 28.71 0.839506
8.34132 0 4.69949 29.5495 28.8649 0.684642
8.3513 0 4.67928 29.5615 28.975 0.586428
8.36127 0 4.65909 29.5615 29.0421 0.519421
8.37125 0 4.6389 29.5615 29.105 0.456473
8.38123 0 4.61873 29.5615 29.1641 0.39739
8.39121 0 4.59857 29.5606 29.2176 0.342991
8.40118 0 4.57842 29.5606 29.2657 0.294895
8.41116 0 4.5583 29.5606 29.3107 0.249953
8.42114 0 4.53819 29.5606 29.3527 0.20797
8.43112 0 4.51809 29.5607 29.3919 0.168756
8.44109 0 4.49802 29.5607 29.4286 0.132119
8.45107 0 4.47797 29.5607 29.4628 0.0978729
8.46105 0 4.45794 29.5607 29.4949 0.0658355
8.47103 0 4.43793 29.5607 29.5249 0.0358277
8.48101 0 4.41794 29.5607 29.5531 0.00767488
8.49098 0 4.39798 29.5607 29.5795 -0.0187928
8.50096 0 4.37804 29.5608 29.6045 -0.0437402
8.51094 0 4.35813 29.5608 29.6281 -0.0673272
8.52092 0 4.33824 29.5611 29.6484 -0.087271
8.53089 0 4.31838 29.5668 29.6586 -0.0918024
8.54087 0 4.29856 29.5668 29.6617 -0.0948674
8.55085 0 4.27876 29.5668 29.665 -0.0981448
8.56083 0 4.259 29.5668 29.6685 -0.101654
8.5708 0 4.23927 29.5668 29.6722 -0.105412
8.58078 0 4.21957 29.5668 29.6763 -0.109437
8.59076 0 4.19991 29.5668 29.6806 -0.113745
8.60074 0 4.18028 29.5668 29.6852 -0.118351
8.61072 0 4.16069 29.5668 29.6901 -0.123267
8.62069 0 4.14113 29.5668 29.6953 -0.128507
8.63067 0 4.12161 29.5668 29.7009 -0.13408
8.64065 0 4.10213 29.5668 29.7068 -0.139997
8.65063 0 4.08269 29.5668 29.7131 -0.146264
8.6606 0 4.06328 29.5668 29.7197 -0.152888
8.67058 0 4.04391 29.5668 29.7267 -0.159872
8.68056 0 4.02458 29.5668 29.7341 -0.16722
8.69054 0 4.0053 29.5668 29.7418 -0.174932
8.70051 0 3.98605 29.5668 29.7498 -0.183007
8.71049 0 3.96685 29.5668 29.7583 -0.191443
8.72047 0 3.94769 29.5668 29.7671 -0.200236
8.73045 0 3.92857 29.5668 29.7762 -0.209378
8.74042 0 3.9095 29.5668 29.7857 -0.218863
8.7504 0 3.89048 29.5668 29.7955 -0.228681
8.76038 0 3.8715 29.5635 29.7974 -0.233887
8.77036 0 3.85257 29.5635 29.7911 -0.227571
8.78034 0 3.83369 29.5635 29.7845 -0.221026
8.79031 0 3.81487 29.5635 29.7776 -0.21418
8.80029 0 3.7961 29.5635 29.7704 -0.206959
8.81027 0 3.77738 29.5635 29.7627 -0.199291
8.82025 0 3.75872 29.5634 29.7545 -0.191098
8.83022 0 3.74012 29.5634 29.7457 -0.182303
8.8402 0 3.72157 29.5634 29.7363 -0.172829
8.85018 0 3.70308 29.5634 29.726 -0.162595
8.86016 0 3.68466 29.5634 29.7149 -0.151521
8.87013 0 3.66629 29.5634 29.7029 -0.139527
8.88011 0 3.64798 29.5634 29.6899 -0.126531
8.89009 0 3.62973 29.5634 29.6759 -0.112453
8.90007 0 3.61155 29.5634 29.6606 -0.0972103
8.91004 0 3.59343 29.5634 29.6441 -0.0807226
8.92002 0 3.57538 29.5634 29.6263 -0.0629095
8.93 0 3.55739 29.5634 29.6071 -0.0436914
8.93998 0 3.53947 29.5634 29.5864 -0.0229898
8.94996 0 3.52161 29.5634 29.5641 -0.000727652
8.95993 0 3.50383 29.5634 29.5402 0.0231703
8.96991 0 3.48611 29.5634 29.5146 0.0487774
8.97989 0 3.46847 29.5633 29.4872 0.0761646
8.98987 0 3.4509 29.5633 29.4579 0.1054
8.99984 0 3.4334 29.5633 29.4268 0.13655
9.00982 0 3.41597 29.5633 29.3937 0.169674
9.0198 0 3.39862 29.5633 29.3585 0.204833
9.02978 0 3.38135 29.5633 29.3212 0.242079
9.03975 0 3.36415 29.5633 29.2819 0.281463
9.04973 0 3.34703 29.5633 29.2403 0.323029
9.05971 0 3.33 29.5633 29.1965 0.366816
9.06969 0 3.31304 29.5633 29.1504 0.412858
9.07966 0 3.29616 29.5633 29.1021 0.461182
9.08964 0 3.27937 29.5726 29.034 0.538637
9.09962 0 3.26266 29.5726 28.9454 0.627218
9.1096 0 3.24606 29.5726 28.8533 0.719341
9.11958 0 3.22954 29.5726 28.7575 0.815091
9.12955 0 3.21313 29.5726 28.658 0.914546
9.13953 0 3.19681 29.5726 28.5548 1.01778
9.14951 0 3.18058 29.5726 28.4477 1.12486
9.15949 0 3.16446 29.5726 28.3367 1.23585
9.16946 0 3.14844 29.5726 28.2218 1.3508
9.17944 0 3.13252 29.5597 28.0811 1.47865
9.18942 0 3.1167 29.5597 27.9147 1.64504
9.1994 0 3.10099 29.5597 27.7445 1.81519
9.20937 0 3.08538 29.5597 27.5706 1.98909
9.21935 0 3.06987 29.5597 27.393 2.1667
9.22933 0 3.05447 29.5597 27.2117 2.34799
9.23931 0 3.03918 29.5597 27.0268 2.53293
9.24928 0 3.024 29.5597 26.8383 2.72144
9.25926 0 3.00892 29.5597 26.6463 2.91346
9.26924 0 2.99396 29.5597 26.4508 3.1089
9.27922 0 2.9791 29.5597 26.252 3.30768
9.2892 0 2.96436 29.5597 26.05 3.50969
9.29917 0 2.94972 29.5597 25.8449 3.71479
9.30915 0 2.93521 29.5597 25.6369 3.92286
9.31913 0 2.9208 29.5597 25.426 4.13374
9.32911 0 2.90651 29.5597 25.2125 4.34727
9.33908 0 2.89233 29.5598 24.9965 4.56325
9.34906 0 2.87827 29.5598 24.7783 4.78149
9.35904 0 2.86433 29.5598 24.558 5.00178
9.36902 0 2.85051 29.5598 24.3359 5.22386
9.37899 0 2.8368 29.5598 24.1123 5.4475
9.38897 0 2.82322 29.5598 23.8874 5.67241
9.39895 0 2.80975 29.5598 23.6615 5.89832
9.40893 0 2.79641 29.5598 23.4349 6.12491
9.4189 0 2.78318 29.5599 23.208 6.35185
9.42888 0 2.77008 29.5599 22.9811 6.57881
9.43886 0 2.7571 29.5599 22.7545 6.80542
9.44884 0 2.74425 29.5599 22.5286 7.03129
9.45882 0 2.73152 29.5599 22.3039 7.25604
9.46879 0 2.71891 29.56 22.0807 7.47924
9.47877 0 2.70644 29.56 21.8595 7.70047
9.48875 0 2.69408 29.56 21.6407 7.91928
9.49873 0 2.68186 29.56 21.4248 8.1352
9.5087 0 2.66976 29.5601 21.2123 8.34777
9.51868 0 2.65779 29.5601 21.0036 8.55649
9.52866 0 2.64594 29.5601 20.7993 8.76086
9.53864 0 2.63423 29.5602 20.5998 8.96038
9.54861 0 2.62265 29.5602 20.4057 9.15452
9.55859 0 2.61119 29.5602 20.2175 9.34276
9.56857 0 2.59987 29.5603 20.0357 9.52458
9.57855 0 2.58867 29.5603 19.8609 9.69943
9.58853 0 2.57761 29.5603 19.6935 9.86678
9.5985 0 2.56668 29.5603 19.5342 10.0261
9.60848 0 2.55588 29.5604 19.3835 10.1769
9.61846 0 2.54521 29.5604 19.2419 10.3185
9.62844 0 2.53467 29.5604 19.1098 10.4506
9.63841 0 2.52427 29.5605 18.9879 10.5726
9.64839 0 2.51399 29.5605 18.8766 10.6839
9.65837 0 2.50385 29.5605 18.7763 10.7842
9.66835 0 2.49384 29.5602 18.687 10.8732
9.67832 0 2.48397 29.5602 18.6091 10.9511
9.6883 0 2.47423 29.5602 18.5434 11.0168
9.69828 0 2.46462 29.5602 18.4905 11.0698
9.70826 0 2.45514 29.5603 18.4505 11.1097
9.71823 0 2.4458 29.5603 18.4239 11.1364
9.72821 0 2.43659 29.5603 18.4108 11.1495
9.73819 0 2.42752 29.5603 18.4115 11.1488
9.74817 0 2.41858 29.5603 18.4262 11.1341
9.75815 0 2.40977 29.5603 18.455 11.1053
9.76812 0 2.40109 29.5603 18.4981 11.0623
9.7781 0 2.39255 29.5603 18.5554 11.005
9.78808 0 2.38414 29.5603 18.6269 10.9334
9.79806 0 2.37586 29.5603 18.7127 10.8476
9.80803 0 2.36771 29.5603 18.8126 10.7477
9.81801 0 2.35969 29.5603 18.9264 10.6339
9.82799 0 2.35181 29.5603 19.054 10.5063
9.83797 0 2.34405 29.5603 19.1951 10.3652
9.84794 0 2.33642 29.5602 19.3493 10.2109
9.85792 0 2.32892 29.5602 19.5164 10.0438
9.8679 0 2.32156 29.5602 19.696 9.86423
9.87788 0 2.31431 29.524 19.7028 9.82116
9.88785 0 2.3072 29.524 19.5309 9.9931
9.89783 0 2.30022 29.524 19.3595 10.1645
9.90781 0 2.29336 29.524 19.1889 10.3351
9.91779 0 2.28663 29.524 19.019 10.5049
9.92777 0 2.28002 29.524 18.8502 10.6737
9.93774 0 2.27354 29.524 18.6826 10.8413
9.94772 0 2.26718 29.524 18.5165 11.0075
9.9577 0 2.26095 29.524 18.3522 11.1718
9.96768 0 2.25484 29.524 18.19 11.334
9.97765 0 2.24886 29.524 18.0303 11.4937
