0.00997765 0 3.26196e-05 20.4761 26.1631 -5.68701
0.0199553 0 0.000130401 20.4761 26.1305 -5.65445
0.029933 0 0.000293217 20.4761 26.0947 -5.61862
0.0399106 0 0.000520922 20.4761 26.0554 -5.57937
0.0498883 0 0.000813355 20.4761 26.0126 -5.53655
0.0598659 0 0.00117033 20.476 25.966 -5.48999
0.0698436 0 0.00159166 20.476 25.9156 -5.43953
0.0798212 0 0.00207711 20.476 25.861 -5.38501
0.0897989 0 0.00262644 20.476 25.8022 -5.32624
0.0997765 0 0.00323938 20.476 25.739 -5.26305
0.109754 0 0.00391565 20.476 25.6712 -5.19524
0.119732 0 0.00465492 20.4759 25.5986 -5.12262
0.129709 0 0.00545685 20.4759 25.5209 -5.045
0.139687 0 0.00632108 20.4759 25.4381 -4.96218
0.149665 0 0.00724718 20.4759 25.3498 -4.87393
0.159642 0 0.00823474 20.4759 25.2559 -4.78005
0.16962 0 0.00928328 20.4759 25.1562 -4.68032
0.179598 0 0.0103923 20.4758 25.0504 -4.57452
0.189575 0 0.0115613 20.4758 24.9382 -4.46241
0.199553 0 0.0127896 20.4758 24.8196 -4.34377
0.209531 0 0.0140767 20.4758 24.6941 -4.21835
0.219508 0 0.0154218 20.4757 24.5617 -4.08592
0.229486 0 0.0168244 20.4757 24.422 -3.94624
0.239464 0 0.0182836 20.4757 24.2748 -3.79907
0.249441 0 0.0197986 20.4757 24.1198 -3.64415
0.259419 0 0.0213687 20.4757 23.9569 -3.48126
0.269397 0 0.0229928 20.4756 23.7858 -3.31013
0.279374 0 0.02467 20.4756 23.6061 -3.13053
0.289352 0 0.0263995 20.4756 23.4178 -2.94223
0.29933 0 0.0281799 20.4756 23.2205 -2.74498
0.309307 0 0.0300104 20.4755 23.0141 -2.53856
0.319285 0 0.0318895 20.4755 22.7983 -2.32275
0.329263 0 0.0338162 20.4755 22.5728 -2.09734
0.33924 0 0.0357891 20.4755 22.3376 -1.86212
0.349218 0 0.0378067 20.4754 22.0924 -1.61692
0.359196 0 0.0398677 20.4754 21.837 -1.36155
0.369173 0 0.0419705 20.4754 21.5713 -1.09587
0.379151 0 0.0441135 20.4754 21.2951 -0.819735
0.389128 0 0.0462951 20.4754 21.0084 -0.533045
0.399106 0 0.0485133 20.4754 20.7111 -0.235713
0.409084 0 0.0507665 20.4753 20.403 0.0723138
0.419061 0 0.0530527 20.4753 20.0843 0.391059
0.429039 0 0.0553699 20.4753 19.7548 0.720508
0.439017 0 0.057716 20.4753 19.4147 1.06061
0.448994 0 0.0600889 20.4753 19.0641 1.41126
0.458972 0 0.0624863 20.4753 18.703 1.77233
0.46895 0 0.0649059 20.4753 18.3317 2.14361
0.478927 0 0.0673452 20.4753 17.9505 2.52487
0.488905 0 0.0698019 20.4753 17.5595 2.9158
0.498883 0 0.0722732 20.4754 17.1593 3.31604
0.50886 0 0.0747566 20.4754 16.7502 3.72515
0.518838 0 0.0772494 20.4754 16.3328 4.14264
0.528816 0 0.0797487 20.4754 15.9075 4.56794
0.538793 0 0.0822517 20.4755 15.4751 5.00041
0.548771 0 0.0847554 20.4755 15.0362 5.43934
0.558749 0 0.0872569 20.4755 14.5916 5.88393
0.568726 0 0.0897532 20.4756 14.1423 6.33332
0.578704 0 0.0922411 20.4757 13.6891 6.78654
0.588682 0 0.0947175 20.4757 13.2331 7.24258
0.598659 0 0.0971792 20.4758 12.7755 7.70032
0.608637 0 0.099623 20.4758 12.3173 8.15858
0.618615 0 0.102046 20.4759 11.8598 8.6161
0.628592 0 0.104444 20.476 11.4044 9.07156
0.63857 0 0.106815 20.4761 10.9525 9.52357
0.648547 0 0.109156 20.4762 10.5055 9.97068
0.658525 0 0.111462 20.4763 10.0649 10.4114
0.668503 0 0.113731 20.4764 9.63224 10.8441
0.67848 0 0.115961 20.4765 9.20913 11.2673
0.688458 0 0.118147 20.4766 8.79715 11.6794
0.698436 0 0.120287 20.4767 8.39794 12.0787
0.708413 0 0.122378 20.4768 8.01311 12.4636
0.718391 0 0.124417 20.4769 7.64427 12.8326
0.728369 0 0.126402 20.4769 7.29301 13.1839
0.738346 0 0.128329 20.477 6.96087 13.5162
0.748324 0 0.130198 20.4771 6.64936 13.8278
0.758302 0 0.132004 20.4772 6.35989 14.1173
0.768279 0 0.133747 20.4773 6.09383 14.3835
0.778257 0 0.135424 20.4774 5.85243 14.6249
0.788235 0 0.137034 20.4878 5.62097 14.8668
0.798212 0 0.138575 20.4878 5.39901 15.0888
0.80819 0 0.140045 20.4879 5.20251 15.2854
0.818168 0 0.141443 20.4879 5.03222 15.4557
0.828145 0 0.142768 20.488 4.88877 15.5992
0.838123 0 0.144019 20.488 4.77266 15.7153
0.848101 0 0.145195 20.488 4.68423 15.8038
0.858078 0 0.146296 20.4877 4.62088 15.8668
0.868056 0 0.147321 20.4877 4.5824 15.9053
0.878034 0 0.14827 20.4877 4.57142 15.9163
0.888011 0 0.149144 20.4877 4.5877 15.9
0.897989 0 0.149942 20.4876 4.63085 15.8568
0.907966 0 0.150665 20.4876 4.70035 15.7872
0.917944 0 0.151314 20.4875 4.79556 15.692
0.927922 0 0.15189 20.4875 4.9157 15.5718
0.937899 0 0.152393 20.4874 5.05989 15.4275
0.947877 0 0.152826 20.4873 5.22713 15.2602
0.957855 0 0.153188 20.4873 5.41635 15.0709
0.967832 0 0.153483 20.4872 5.6264 14.8608
0.97781 0 0.153711 20.4871 5.85603 14.6311
0.987788 0 0.153874 20.487 6.10399 14.3831
0.997765 0 0.153975 20.487 6.36893 14.118
1.00774 0 0.154016 20.4869 6.64951 13.8374
1.01772 0 0.153998 20.4868 6.94435 13.5424
1.0277 0 0.153925 20.4867 7.25209 13.2346
1.03768 0 0.153798 20.4866 7.57133 12.9153
1.04765 0 0.153619 20.4866 7.90073 12.5858
1.05763 0 0.153392 20.4865 8.23894 12.2475
1.06761 0 0.153119 20.4864 8.58465 11.9017
1.07759 0 0.152803 20.4863 8.93661 11.5497
1.08756 0 0.152445 20.4863 9.29358 11.1927
1.09754 0 0.15205 20.4862 9.65439 10.8318
1.10752 0 0.151619 20.4861 10.0179 10.4682
1.1175 0 0.151155 20.4861 10.3832 10.1029
1.12747 0 0.150661 20.486 10.749 9.73699
1.13745 0 0.150139 20.486 11.1147 9.3713
1.14743 0 0.149592 20.4859 11.4792 9.00674
1.15741 0 0.149022 20.4859 11.8418 8.6441
1.16739 0 0.148433 20.4859 12.2018 8.28412
1.17736 0 0.147827 20.4819 12.5538 7.9281
1.18734 0 0.147205 20.4819 12.897 7.58494
1.19732 0 0.146571 20.4819 13.2348 7.24712
1.2073 0 0.145927 20.4819 13.5667 6.91515
1.21727 0 0.145275 20.4819 13.8924 6.5895
1.22725 0 0.144617 20.4818 14.2113 6.27055
1.23723 0 0.143956 20.4818 14.5232 5.95867
1.24721 0 0.143293 20.4818 14.8277 5.65416
1.25718 0 0.14263 20.4818 15.1246 5.35727
1.26716 0 0.141971 20.4818 15.4136 5.06821
1.27714 0 0.141315 20.4818 15.6947 4.78716
1.28712 0 0.140666 20.4818 15.9676 4.51426
1.29709 0 0.140025 20.4519 16.2022 4.24969
1.30707 0 0.139394 20.4519 16.398 4.05393
1.31705 0 0.138773 20.452 16.5845 3.86742
1.32703 0 0.138165 20.452 16.7619 3.69006
1.33701 0 0.137569 20.452 16.9302 3.52176
1.34698 0 0.136989 20.452 17.0896 3.3624
1.35696 0 0.136423 20.452 17.2402 3.21184
1.36694 0 0.135874 20.452 17.3821 3.06994
1.37692 0 0.135342 20.4521 17.5155 2.93654
1.38689 0 0.134828 20.4521 17.6406 2.81147
1.39687 0 0.134333 20.4521 17.7575 2.69455
1.40685 0 0.133858 20.4521 17.8665 2.58561
1.41683 0 0.133403 20.4521 17.9677 2.48445
1.4268 0 0.132968 20.4521 18.0613 2.39088
1.43678 0 0.132555 20.4522 18.1475 2.3047
1.44676 0 0.132164 20.4512 18.2218 2.22931
1.45674 0 0.131795 20.4512 18.2847 2.1665
1.46672 0 0.131449 20.4512 18.3409 2.11033
1.47669 0 0.131125 20.4512 18.3906 2.06059
1.48667 0 0.130825 20.4512 18.4341 2.01708
1.49665 0 0.130549 20.4512 18.4717 1.97958
1.50663 0 0.130296 20.4513 18.5034 1.94791
1.5166 0 0.130067 20.4513 18.5294 1.92184
1.52658 0 0.129862 20.4513 18.5501 1.90119
1.53656 0 0.129681 20.4513 18.5656 1.88574
1.54654 0 0.129524 20.4513 18.576 1.87531
1.55651 0 0.129391 20.4513 18.5816 1.86969
1.56649 0 0.129282 20.4513 18.5827 1.86869
1.57647 0 0.129198 20.4514 18.5792 1.87212
1.58645 0 0.129137 20.4514 18.5716 1.87978
1.59642 0 0.129101 20.4514 18.5599 1.89149
1.6064 0 0.129088 20.4514 18.5444 1.90705
1.61638 0 0.129098 20.4514 18.5251 1.92628
1.62636 0 0.129133 20.4514 18.5025 1.94897
1.63634 0 0.12919 20.4514 18.4765 1.97494
1.64631 0 0.12927 20.4515 18.4475 2.00401
1.65629 0 0.129374 20.4515 18.4155 2.03596
1.66627 0 0.129499 20.4515 18.3809 2.07063
1.67625 0 0.129647 20.4481 18.3386 2.10952
1.68622 0 0.129817 20.4481 18.2896 2.15855
1.6962 0 0.130009 20.4481 18.2396 2.20852
1.70618 0 0.130221 20.4482 18.1889 2.25928
1.71616 0 0.130455 20.4482 18.1375 2.3107
1.72613 0 0.130709 20.4482 18.0855 2.36263
1.73611 0 0.130983 20.4482 18.0333 2.41491
1.74609 0 0.131277 20.4482 17.9808 2.4674
1.75607 0 0.131591 20.4439 17.9237 2.52016
1.76604 0 0.131923 20.4439 17.8615 2.58234
1.77602 0 0.132274 20.4439 17.7984 2.64549
1.786 0 0.132643 20.4439 17.7344 2.70947
1.79598 0 0.133029 20.4439 17.6697 2.77417
1.80596 0 0.133433 20.4439 17.6044 2.83946
1.81593 0 0.133854 20.4506 17.5246 2.92604
1.82591 0 0.13429 20.4506 17.4304 3.02018
1.83589 0 0.134743 20.4506 17.3362 3.11439
1.84587 0 0.135211 20.4506 17.2421 3.20858
1.85584 0 0.135693 20.4506 17.1479 3.30269
1.86582 0 0.136189 20.4506 17.054 3.39665
1.8758 0 0.136698 20.4751 16.933 3.54201
1.88578 0 0.13722 20.4751 16.7853 3.68976
1.89575 0 0.137753 20.4751 16.6385 3.83653
1.90573 0 0.138297 20.4751 16.4928 3.98222
1.91571 0 0.138851 20.4751 16.3483 4.12672
1.92569 0 0.139414 20.4751 16.2052 4.2699
1.93566 0 0.139984 20.4751 16.0634 4.41168
1.94564 0 0.140562 20.4751 15.9231 4.55196
1.95562 0 0.141146 20.4751 15.7844 4.69065
1.9656 0 0.141736 20.4751 15.6474 4.82769
1.97558 0 0.14233 20.4751 15.5121 4.96299
1.98555 0 0.142928 20.4751 15.3786 5.09652
1.99553 0 0.143529 20.4751 15.2469 5.22822
2.00551 0 0.144132 20.4751 15.117 5.35806
2.01549 0 0.144737 20.4751 14.989 5.48603
2.02546 0 0.145342 20.4751 14.8629 5.61212
2.03544 0 0.145947 20.4751 14.7387 5.73634
2.04542 0 0.146551 20.475 14.6163 5.85871
2.0554 0 0.147154 20.475 14.4958 5.97928
2.06537 0 0.147755 20.475 14.377 6.09808
2.07535 0 0.148352 20.475 14.2598 6.21518
2.08533 0 0.148946 20.475 14.1443 6.33067
2.09531 0 0.149536 20.475 14.0304 6.44463
2.10528 0 0.15012 20.475 13.9178 6.55716
2.11526 0 0.150699 20.475 13.8066 6.66838
2.12524 0 0.151272 20.4766 13.6933 6.78328
2.13522 0 0.151837 20.4766 13.5781 6.89849
2.1452 0 0.152395 20.4766 13.464 7.01261
2.15517 0 0.152945 20.4766 13.3508 7.12576
2.16515 0 0.153486 20.4766 13.2385 7.23808
2.17513 0 0.154017 20.4766 13.1268 7.34973
2.18511 0 0.154537 20.4765 13.0157 7.46085
2.19508 0 0.155047 20.4765 12.9049 7.57158
2.20506 0 0.155545 20.4765 12.7944 7.68207
2.21504 0 0.156031 20.4765 12.684 7.79245
2.22502 0 0.156504 20.4765 12.5736 7.90283
2.23499 0 0.156963 20.4765 12.4631 8.01334
2.24497 0 0.157408 20.4765 12.3524 8.12406
2.25495 0 0.157838 20.4764 12.2414 8.23507
2.26493 0 0.158251 20.4764 12.13 8.34642
2.27491 0 0.158648 20.4764 12.0183 8.45815
2.28488 0 0.159028 20.4764 11.9062 8.57026
2.29486 0 0.15939 20.4764 11.7937 8.68271
2.30484 0 0.159732 20.4764 11.681 8.79546
2.31482 0 0.160055 20.4764 11.568 8.9084
2.32479 0 0.160358 20.4764 11.455 9.0214
2.33477 0 0.160639 20.4765 11.3421 9.13431
2.34475 0 0.160898 20.4765 11.2296 9.2469
2.35473 0 0.161133 20.4765 11.1175 9.35894
2.3647 0 0.161345 20.4765 11.0064 9.47012
2.37468 0 0.161532 20.4765 10.8964 9.58014
2.38466 0 0.161693 20.4765 10.7879 9.6886
2.39464 0 0.161828 20.4766 10.6815 9.79511
2.40461 0 0.161935 20.4766 10.5774 9.89921
2.41459 0 0.162013 20.4766 10.4762 10.0004
2.42457 0 0.162063 20.4767 10.3784 10.0982
2.43455 0 0.162082 20.4767 10.2846 10.1921
2.44453 0 0.16207 20.4767 10.1953 10.2814
2.4545 0 0.162026 20.4768 10.1111 10.3656
2.46448 0 0.16195 20.4768 10.0327 10.4441
2.47446 0 0.161841 20.4446 9.87006 10.5745
2.48444 0 0.161697 20.4446 9.62584 10.8188
2.49441 0 0.161516 20.4447 9.39266 11.052
2.50439 0 0.161297 20.4448 9.17162 11.2732
2.51437 0 0.161038 20.4448 8.96379 11.481
2.52435 0 0.160738 20.4449 8.77021 11.6747
2.53432 0 0.160395 20.445 8.59187 11.8531
2.5443 0 0.160007 20.445 8.42972 12.0153
2.55428 0 0.159573 20.4451 8.28463 12.1604
2.56426 0 0.159092 20.4451 8.15742 12.2877
2.57423 0 0.158563 20.4452 8.04881 12.3963
2.58421 0 0.157985 20.4452 7.95946 12.4857
2.59419 0 0.157358 20.4649 7.86973 12.5952
2.60417 0 0.15668 20.465 7.78079 12.6842
2.61415 0 0.15595 20.465 7.71353 12.7515
2.62412 0 0.15517 20.465 7.66821 12.7968
2.6341 0 0.154337 20.465 7.64502 12.82
2.64408 0 0.153452 20.465 7.64401 12.821
2.65406 0 0.152515 20.465 7.66514 12.7999
2.66403 0 0.151527 20.465 7.70824 12.7567
2.67401 0 0.150486 20.4649 7.77308 12.6919
2.68399 0 0.149395 20.4649 7.85927 12.6056
2.69397 0 0.148253 20.4649 7.96636 12.4985
2.70394 0 0.147062 20.4648 8.09381 12.371
2.71392 0 0.145822 20.4648 8.24096 12.2238
2.7239 0 0.144535 20.4647 8.40711 12.0576
2.73388 0 0.143201 20.4647 8.59146 11.8732
2.74385 0 0.141822 20.4646 8.79315 11.6715
2.75383 0 0.1404 20.4646 9.01127 11.4533
2.76381 0 0.138936 20.4645 9.24485 11.2197
2.77379 0 0.137431 20.4645 9.49291 10.9715
2.78377 0 0.135889 20.4644 9.7544 10.71
2.79374 0 0.13431 20.4643 10.0283 10.436
2.80372 0 0.132696 20.4643 10.3135 10.1508
2.8137 0 0.131051 20.4642 10.6089 9.85531
2.82368 0 0.129375 20.4641 10.9135 9.55066
2.83365 0 0.127671 20.466 11.2222 9.24379
2.84363 0 0.125941 20.466 11.534 8.93194
2.85361 0 0.124187 20.4659 11.8517 8.61421
2.86359 0 0.122412 20.4659 12.1743 8.2916
2.87356 0 0.120618 20.4658 12.5007 7.96507
2.88354 0 0.118808 20.4658 12.8302 7.63552
2.89352 0 0.116983 20.4657 13.1619 7.30385
2.9035 0 0.115145 20.4657 13.4948 6.9709
2.91347 0 0.113298 20.4656 13.8282 6.63746
2.92345 0 0.111444 20.4656 14.1613 6.30428
2.93343 0 0.109584 20.4656 14.4935 5.97208
2.94341 0 0.107721 20.4655 14.824 5.64151
2.95339 0 0.105857 20.4655 15.1523 5.31317
2.96336 0 0.103995 20.4655 15.4778 4.98765
2.97334 0 0.102137 20.4654 15.8 4.66545
2.98332 0 0.100284 20.4654 16.1184 4.34705
2.9933 0 0.0984397 20.4654 16.4325 4.03287
3.00327 0 0.096605 20.4654 16.7421 3.72331
3.01325 0 0.0947824 20.4654 17.0467 3.4187
3.02323 0 0.0929737 20.4654 17.346 3.11935
3.03321 0 0.0911809 20.4654 17.6398 2.82553
3.04318 0 0.0894059 20.4654 17.9279 2.53746
3.05316 0 0.0876506 20.4654 18.21 2.25534
3.06314 0 0.0859167 20.4654 18.486 1.97933
3.07312 0 0.084206 20.4654 18.7558 1.70958
3.08309 0 0.0825202 20.4654 19.0192 1.44617
3.09307 0 0.0808608 20.4654 19.2762 1.18919
3.10305 0 0.0792294 20.4654 19.5267 0.938698
3.11303 0 0.0776277 20.4654 19.7707 0.694723
3.12301 0 0.0760571 20.4654 20.0081 0.457277
3.13298 0 0.0745189 20.4831 20.2062 0.276891
3.14296 0 0.0730144 20.4831 20.3653 0.117807
3.15294 0 0.0715445 20.4831 20.5189 -0.0357588
3.16292 0 0.0701102 20.4831 20.667 -0.1839
3.17289 0 0.0687122 20.4832 20.8099 -0.326718
3.18287 0 0.0673515 20.4832 20.9475 -0.464318
3.19285 0 0.0660289 20.4832 21.08 -0.596814
3.20283 0 0.0647451 20.4832 21.2075 -0.724323
3.2128 0 0.0635008 20.4832 21.3302 -0.846968
3.22278 0 0.0622968 20.4832 21.4481 -0.964871
3.23276 0 0.0611338 20.4832 21.5614 -1.07816
3.24274 0 0.0600122 20.4832 21.6702 -1.18697
3.25272 0 0.0589328 20.4833 21.7747 -1.29142
3.26269 0 0.0578962 20.4833 21.8749 -1.39165
3.27267 0 0.0569027 20.4833 21.9711 -1.48778
3.28265 0 0.0559531 20.4833 22.0633 -1.57996
3.29263 0 0.0550477 20.4833 22.1516 -1.66831
3.3026 0 0.0541871 20.4833 22.2363 -1.75295
3.31258 0 0.0533716 20.4833 22.3174 -1.83403
3.32256 0 0.0526017 20.4833 22.395 -1.91167
3.33254 0 0.0518778 20.4851 22.4537 -1.96856
3.34251 0 0.0512002 20.4851 22.4946 -2.00947
3.35249 0 0.050569 20.4851 22.5347 -2.04959
3.36247 0 0.0499845 20.4851 22.5741 -2.08894
3.37245 0 0.0494469 20.4851 22.6127 -2.12756
3.38242 0 0.0489563 20.4851 22.6506 -2.16549
3.3924 0 0.0485129 20.4851 22.6879 -2.20276
3.40238 0 0.0481169 20.4851 22.7245 -2.23941
3.41236 0 0.0477686 20.4851 22.7606 -2.27548
3.42234 0 0.0474679 20.4851 22.7961 -2.311
3.43231 0 0.0472152 20.4851 22.8311 -2.34601
3.44229 0 0.0470105 20.4851 22.8657 -2.38053
3.45227 0 0.0468541 20.4851 22.8998 -2.41462
3.46225 0 0.0467461 20.4851 22.9334 -2.44829
3.47222 0 0.0466866 20.5016 22.943 -2.44143
3.4822 0 0.0466756 20.5016 22.9279 -2.42633
3.49218 0 0.046713 20.5016 22.9114 -2.40985
3.50216 0 0.0467987 20.5016 22.8936 -2.39202
3.51213 0 0.0469325 20.5016 22.8745 -2.37287
3.52211 0 0.0471143 20.5016 22.854 -2.35245
3.53209 0 0.047344 20.5016 22.8324 -2.33079
3.54207 0 0.0476214 20.5016 22.8095 -2.30793
3.55204 0 0.0479463 20.5016 22.7855 -2.28391
3.56202 0 0.0483185 20.5016 22.7604 -2.25876
3.572 0 0.0487379 20.5016 22.7341 -2.23252
3.58198 0 0.0492043 20.5016 22.7068 -2.20523
3.59196 0 0.0497176 20.5039 22.6728 -2.1689
3.60193 0 0.0502773 20.5039 22.6324 -2.12844
3.61191 0 0.0508834 20.5039 22.5913 -2.0874
3.62189 0 0.0515356 20.5039 22.5497 -2.04577
3.63187 0 0.0522335 20.5039 22.5075 -2.00359
3.64184 0 0.052977 20.506 22.4578 -1.9518
3.65182 0 0.0537658 20.496 22.3856 -1.88958
3.6618 0 0.0545993 20.496 22.2968 -1.80083
3.67178 0 0.0554772 20.496 22.2057 -1.7097
3.68175 0 0.056399 20.496 22.1121 -1.61616
3.69173 0 0.057364 20.496 22.0161 -1.52013
3.70171 0 0.0583717 20.496 21.9175 -1.42156
3.71169 0 0.0594217 20.496 21.8163 -1.32038
3.72166 0 0.0605132 20.496 21.7125 -1.21654
3.73164 0 0.0616458 20.496 21.6059 -1.10998
3.74162 0 0.0628188 20.4959 21.4966 -1.00063
3.7516 0 0.0640316 20.4959 21.3844 -0.88845
3.76158 0 0.0652835 20.4959 21.2693 -0.773372
3.77155 0 0.0665739 20.4959 21.1513 -0.655344
3.78153 0 0.0679021 20.4959 21.0302 -0.534312
3.79151 0 0.0692673 20.4959 20.9061 -0.410226
3.80149 0 0.0706689 20.4959 20.7789 -0.283036
3.81146 0 0.0721062 20.4959 20.6486 -0.152697
3.82144 0 0.0735782 20.4959 20.5151 -0.0191657
3.83142 0 0.0750844 20.4959 20.3783 0.117598
3.8414 0 0.0766238 20.497 20.2346 0.262348
3.85137 0 0.0781956 20.497 20.0838 0.413212
3.86135 0 0.079799 20.497 19.9289 0.568045
3.87133 0 0.0814329 20.497 19.7701 0.726901
3.88131 0 0.0830965 20.497 19.6071 0.889826
3.89128 0 0.0847888 20.497 19.4401 1.05686
3.90126 0 0.0865088 20.4969 19.2689 1.22805
3.91124 0 0.0882554 20.4961 19.0906 1.40551
3.92122 0 0.0900276 20.4961 18.9053 1.59086
3.9312 0 0.0918243 20.4961 18.7158 1.78034
3.94117 0 0.0936443 20.4961 18.5222 1.97396
3.95115 0 0.0954865 20.4961 18.3244 2.17169
3.96113 0 0.0973497 20.4961 18.1226 2.3735
3.97111 0 0.0992326 20.4961 17.9167 2.57936
3.98108 0 0.101134 20.4961 17.7069 2.78921
3.99106 0 0.103053 20.4961 17.4931 3.00298
4.00104 0 0.104987 20.4961 17.2755 3.22057
4.01102 0 0.106936 20.4961 17.0542 3.44188
4.02099 0 0.108898 20.4961 16.8293 3.66678
4.03097 0 0.110872 20.4961 16.601 3.89513
4.04095 0 0.112856 20.4703 16.3232 4.1471
4.05093 0 0.114849 20.4704 15.9958 4.47455
4.0609 0 0.116848 20.4704 15.664 4.80637
4.07088 0 0.118852 20.4704 15.3282 5.14217
4.08086 0 0.120858 20.4704 14.9889 5.48151
4.09084 0 0.122865 20.4704 14.6465 5.82391
4.10082 0 0.124869 20.4705 14.3016 6.16885
4.11079 0 0.126869 20.4705 13.9547 6.51577
4.12077 0 0.128863 20.4705 13.6065 6.86405
4.13075 0 0.130848 20.4706 13.2575 7.21305
4.14073 0 0.132823 20.4706 12.9085 7.56207
4.1507 0 0.134784 20.4706 12.5603 7.91038
4.16068 0 0.136729 20.4707 12.2135 8.2572
4.17066 0 0.138657 20.4707 11.869 8.60172
4.18064 0 0.140565 20.4708 11.5277 8.94308
4.19061 0 0.14245 20.4708 11.1904 9.2804
4.20059 0 0.144311 20.4709 10.8582 9.61275
4.21057 0 0.146145 20.471 10.5318 9.93918
4.22055 0 0.147951 20.471 10.2123 10.2587
4.23053 0 0.149725 20.4711 9.90065 10.5704
4.2405 0 0.151466 20.4711 9.59789 10.8732
4.25048 0 0.153172 20.4712 9.30502 11.1662
4.26046 0 0.154841 20.4712 9.02304 11.4482
4.27044 0 0.156471 20.4713 8.75294 11.7184
4.28041 0 0.15806 20.4714 8.49573 11.9756
4.29039 0 0.159607 20.4714 8.25236 12.2191
4.30037 0 0.161109 20.4715 8.02377 12.4477
4.31035 0 0.162566 20.4715 7.81088 12.6607
4.32032 0 0.163976 20.4716 7.61453 12.857
4.3303 0 0.165337 20.4716 7.43555 13.0361
4.34028 0 0.166649 20.4717 7.27467 13.197
4.35026 0 0.16791 20.4717 7.13259 13.3391
4.36023 0 0.169119 20.4717 7.00992 13.4618
4.37021 0 0.170276 20.4718 6.9072 13.5646
4.38019 0 0.171379 20.4718 6.82489 13.6469
4.39017 0 0.17243 20.4718 6.76336 13.7085
4.40015 0 0.173426 20.4718 6.72288 13.7489
4.41012 0 0.174368 20.4718 6.70365 13.7682
4.4201 0 0.175255 20.4718 6.70577 13.7661
4.43008 0 0.176089 20.4718 6.72922 13.7426
4.44006 0 0.176868 20.4718 6.77393 13.6979
4.45003 0 0.177594 20.4718 6.8397 13.6321
4.46001 0 0.178267 20.4718 6.92626 13.5455
4.46999 0 0.178888 20.4717 7.03324 13.4385
4.47997 0 0.179456 20.4717 7.16018 13.3115
4.48994 0 0.179975 20.4717 7.30657 13.1651
4.49992 0 0.180443 20.4716 7.47179 12.9998
4.5099 0 0.180863 20.4716 7.65518 12.8164
4.51988 0 0.181237 20.4655 7.8407 12.6248
4.52985 0 0.181564 20.4655 8.02657 12.4389
4.53983 0 0.181848 20.4654 8.2266 12.2388
4.54981 0 0.182088 20.4653 8.4399 12.0254
4.55979 0 0.182288 20.4653 8.66552 11.7998
4.56977 0 0.182448 20.4652 8.90252 11.5627
4.57974 0 0.18257 20.4652 9.1499 11.3153
4.58972 0 0.182656 20.4651 9.40667 11.0584
4.5997 0 0.182707 20.465 9.67183 10.7932
4.60968 0 0.182727 20.465 9.94438 10.5206
4.61965 0 0.182716 20.4649 10.2233 10.2416
4.62963 0 0.182677 20.4649 10.5077 9.95721
4.63961 0 0.182612 20.4623 10.7938 9.6685
4.64959 0 0.182522 20.4623 11.0808 9.38146
4.65956 0 0.18241 20.4622 11.3703 9.09191
4.66954 0 0.182277 20.4622 11.6614 8.80075
4.67952 0 0.182127 20.4621 11.9533 8.50885
4.6895 0 0.18196 20.4621 12.2451 8.21703
4.69947 0 0.181778 20.462 12.5359 7.92609
4.70945 0 0.181585 20.462 12.8252 7.63678
4.71943 0 0.181381 20.462 13.1121 7.34984
4.72941 0 0.181169 20.4619 13.396 7.06594
4.73939 0 0.18095 20.4619 13.6762 6.78572
4.74936 0 0.180726 20.4619 13.9521 6.50979
4.75934 0 0.1805 20.4618 14.2231 6.2387
4.76932 0 0.180272 20.4618 14.4888 5.97298
4.7793 0 0.180045 20.4618 14.7487 5.7131
4.78927 0 0.179821 20.4618 15.0023 5.4595
4.79925 0 0.1796 20.4618 15.2492 5.21257
4.80923 0 0.179385 20.4617 15.4891 4.97268
4.81921 0 0.179177 20.4431 15.6718 4.77127
4.82918 0 0.178977 20.4431 15.7964 4.64675
4.83916 0 0.178786 20.4431 15.9119 4.53124
4.84914 0 0.178604 20.4431 16.0184 4.42474
4.85912 0 0.178433 20.4431 16.1159 4.3272
4.86909 0 0.178273 20.4431 16.2046 4.23853
4.87907 0 0.178123 20.4432 16.2845 4.15864
4.88905 0 0.177985 20.4432 16.3558 4.08739
4.89903 0 0.177859 20.4846 16.356 4.12859
4.90901 0 0.177744 20.4846 16.2858 4.19879
4.91898 0 0.177641 20.4846 16.2091 4.27559
4.92896 0 0.177547 20.4847 16.126 4.35865
4.93894 0 0.177463 20.4847 16.0371 4.44759
4.94892 0 0.177388 20.4847 15.9427 4.54202
4.95889 0 0.17732 20.4848 15.8432 4.64156
4.96887 0 0.17726 20.4848 15.739 4.74581
4.97885 0 0.177206 20.4848 15.6305 4.85434
4.98883 0 0.177158 20.4848 15.5181 4.96673
4.9988 0 0.177114 20.4849 15.4023 5.08256
5.00878 0 0.177074 20.4849 15.2835 5.20137
5.01876 0 0.177036 20.4849 15.1622 5.32273
5.02874 0 0.177 20.485 15.0388 5.44617
5.03872 0 0.176964 20.4619 14.8835 5.57841
5.04869 0 0.176928 20.4619 14.698 5.76387
5.05867 0 0.17689 20.4619 14.5143 5.94761
5.06865 0 0.176849 20.462 14.3327 6.12927
5.07863 0 0.176803 20.462 14.1535 6.30848
5.0886 0 0.176752 20.462 13.9771 6.48486
5.09858 0 0.176693 20.462 13.804 6.65804
5.10856 0 0.176627 20.462 13.6344 6.82763
5.11854 0 0.176551 20.4621 13.4688 6.99325
5.12851 0 0.176464 20.4621 13.3076 7.15452
5.13849 0 0.176366 20.4621 13.1511 7.31104
5.14847 0 0.176255 20.4621 12.9997 7.46243
5.15845 0 0.176129 20.4622 12.8539 7.60832
5.16842 0 0.175989 20.4622 12.7139 7.74832
5.1784 0 0.175832 20.4622 12.5801 7.88207
5.18838 0 0.175658 20.4622 12.453 8.0092
5.19836 0 0.175467 20.4623 12.3329 8.12938
5.20834 0 0.175256 20.4623 12.22 8.24225
5.21831 0 0.175026 20.4623 12.1148 8.34749
5.22829 0 0.174775 20.462 12.0148 8.44718
5.23827 0 0.174503 20.462 11.9204 8.54159
5.24825 0 0.174208 20.462 11.8346 8.62745
5.25822 0 0.173892 20.4685 11.75 8.71851
5.2682 0 0.173552 20.4686 11.6672 8.80139
5.27818 0 0.173188 20.4686 11.5938 8.87476
5.28816 0 0.172801 20.4686 11.5301 8.93843
5.29813 0 0.172388 20.4686 11.4763 8.99226
5.30811 0 0.171951 20.4686 11.4324 9.03614
5.31809 0 0.171489 20.4686 11.3986 9.06998
5.32807 0 0.171001 20.4686 11.3749 9.09372
5.33804 0 0.170487 20.4686 11.3613 9.10733
5.34802 0 0.169948 20.4686 11.3578 9.1108
5.358 0 0.169384 20.4686 11.3644 9.10417
5.36798 0 0.168794 20.4686 11.3811 9.08749
5.37796 0 0.168178 20.4686 11.4077 9.06086
5.38793 0 0.167538 20.4686 11.4442 9.02438
5.39791 0 0.166873 20.4686 11.4904 8.9782
5.40789 0 0.166184 20.4685 11.546 8.9225
5.41787 0 0.16547 20.4685 11.6111 8.85746
5.42784 0 0.164734 20.4685 11.6852 8.78332
5.43782 0 0.163974 20.4685 11.7682 8.70032
5.4478 0 0.163192 20.4685 11.8598 8.60872
5.45778 0 0.162389 20.4685 11.9596 8.50882
5.46775 0 0.161565 20.4684 12.0675 8.40092
5.47773 0 0.160722 20.4684 12.1831 8.28535
5.48771 0 0.159859 20.4684 12.3059 8.16245
5.49769 0 0.158978 20.4684 12.4358 8.03256
5.50766 0 0.158081 20.4683 12.5723 7.89606
5.51764 0 0.157167 20.4683 12.715 7.75331
5.52762 0 0.156238 20.4683 12.8636 7.6047
5.5376 0 0.155295 20.4683 13.0177 7.45061
5.54758 0 0.154339 20.4682 13.1768 7.29143
5.55755 0 0.153371 20.4682 13.3407 7.12755
5.56753 0 0.152394 20.4682 13.5088 6.95936
5.57751 0 0.151406 20.4682 13.6809 6.78725
5.58749 0 0.150411 20.4682 13.8566 6.6116
5.59746 0 0.149409 20.4681 14.0353 6.4328
5.60744 0 0.148402 20.4681 14.2169 6.25121
5.61742 0 0.14739 20.4681 14.4009 6.06721
5.6274 0 0.146376 20.4681 14.5869 5.88115
5.63737 0 0.14536 20.468 14.7747 5.69338
5.64735 0 0.144343 20.468 14.9638 5.50423
5.65733 0 0.143328 20.468 15.154 5.31403
5.66731 0 0.142315 20.468 15.3449 5.1231
5.67728 0 0.141305 20.468 15.5363 4.93172
5.68726 0 0.140301 20.468 15.7278 4.7402
5.69724 0 0.139303 20.4679 15.9191 4.5488
5.70722 0 0.138312 20.4679 16.1102 4.35778
5.7172 0 0.137331 20.4679 16.3005 4.16739
5.72717 0 0.136359 20.4679 16.4901 3.97786
5.73715 0 0.135399 20.4679 16.6785 3.78939
5.74713 0 0.134452 20.4679 16.8657 3.60221
5.75711 0 0.133519 20.4679 17.0514 3.41649
5.76708 0 0.1326 20.4679 17.2355 3.23241
5.77706 0 0.131699 20.4679 17.4177 3.05012
5.78704 0 0.130814 20.4679 17.5981 2.86979
5.79702 0 0.129949 20.4679 17.7763 2.69154
5.80699 0 0.129103 20.4679 17.9524 2.5155
5.81697 0 0.128278 20.4678 18.1261 2.34177
5.82695 0 0.127475 20.4678 18.2974 2.17047
5.83693 0 0.126696 20.4678 18.4662 2.00167
5.8469 0 0.125941 20.4678 18.6324 1.83545
5.85688 0 0.125211 20.4678 18.796 1.67188
5.86686 0 0.124507 20.4678 18.9568 1.51103
5.87684 0 0.123831 20.4678 19.1149 1.35293
5.88682 0 0.123182 20.4678 19.2702 1.19763
5.89679 0 0.122563 20.4678 19.4227 1.04517
5.90677 0 0.121975 20.4678 19.5723 0.895559
5.91675 0 0.121417 20.4678 19.719 0.748826
5.92673 0 0.120891 20.467 19.7392 0.727837
5.9367 0 0.120397 20.4671 19.6313 0.835723
5.94668 0 0.119934 20.4671 19.5174 0.949677
5.95666 0 0.119502 20.4671 19.3975 1.06954
5.96664 0 0.1191 20.4671 19.2719 1.19514
5.97661 0 0.118726 20.4671 19.1408 1.32627
5.98659 0 0.118381 20.4671 19.0044 1.46272
5.99657 0 0.118062 20.4671 18.8629 1.60424
6.00655 0 0.11777 20.4671 18.7166 1.75056
6.01653 0 0.117503 20.4672 18.5658 1.90139
6.0265 0 0.11726 20.4672 18.4107 2.05642
6.03648 0 0.117039 20.4672 18.2519 2.21531
6.04646 0 0.116841 20.4672 18.0895 2.37768
6.05644 0 0.116663 20.4672 17.9241 2.54316
6.06641 0 0.116505 20.4651 17.7524 2.71269
6.07639 0 0.116365 20.4652 17.5749 2.89028
6.08637 0 0.116243 20.4652 17.3953 3.06986
6.09635 0 0.116136 20.4652 17.2143 3.25093
6.10632 0 0.116043 20.4793 17.0161 3.46316
6.1163 0 0.115964 20.4793 16.8019 3.67746
6.12628 0 0.115896 20.4794 16.5884 3.89099
6.13626 0 0.115838 20.4794 16.3762 4.10316
6.14623 0 0.115789 20.4794 16.166 4.3134
6.15621 0 0.115747 20.4795 15.9584 4.5211
6.16619 0 0.115711 20.4795 15.7539 4.72564
6.17617 0 0.115679 20.4796 15.5531 4.92641
6.18615 0 0.11565 20.4796 15.3568 5.12276
6.19612 0 0.115622 20.4796 15.1656 5.31406
6.2061 0 0.115594 20.4797 14.98 5.49967
6.21608 0 0.115566 20.4797 14.8007 5.67896
6.22606 0 0.115534 20.4798 14.6285 5.8513
6.23603 0 0.115499 20.4798 14.4637 6.01606
6.24601 0 0.115459 20.4798 14.3072 6.17265
6.25599 0 0.115413 20.4799 14.1594 6.32047
6.26597 0 0.11536 20.4799 14.0209 6.45896
6.27594 0 0.115299 20.4799 13.8924 6.58757
6.28592 0 0.115228 20.48 13.7742 6.7058
6.2959 0 0.115148 20.48 13.6668 6.81316
6.30588 0 0.115057 20.48 13.5708 6.90921
6.31585 0 0.114954 20.48 13.4865 6.99355
6.32583 0 0.114839 20.4801 13.4142 7.06581
6.33581 0 0.114712 20.4801 13.3544 7.12569
6.34579 0 0.114572 20.4801 13.3072 7.1729
6.35577 0 0.114418 20.4776 13.2699 7.20768
6.36574 0 0.11425 20.4776 13.2428 7.23476
6.37572 0 0.114069 20.4776 13.2291 7.24846
6.3857 0 0.113874 20.4776 13.2289 7.24874
6.39568 0 0.113664 20.4776 13.242 7.23559
6.40565 0 0.113441 20.4776 13.2685 7.20908
6.41563 0 0.113204 20.4776 13.3083 7.16931
6.42561 0 0.112954 20.4776 13.3611 7.11646
6.43559 0 0.112691 20.4776 13.4268 7.05073
6.44556 0 0.112415 20.4775 13.5051 6.97239
6.45554 0 0.112127 20.4775 13.5958 6.88174
6.46552 0 0.111827 20.4775 13.6983 6.77915
6.4755 0 0.111517 20.4775 13.8125 6.66499
6.48547 0 0.111198 20.4774 13.9377 6.5397
6.49545 0 0.110869 20.4774 14.0737 6.40375
6.50543 0 0.110533 20.4774 14.2197 6.25763
6.51541 0 0.110189 20.4773 14.3755 6.10187
6.52539 0 0.10984 20.4773 14.5403 5.93701
6.53536 0 0.109486 20.4773 14.7136 5.76363
6.54534 0 0.109129 20.4772 14.8949 5.5823
6.55532 0 0.108769 20.4772 15.0836 5.39363
6.5653 0 0.108409 20.4772 15.2789 5.19822
6.57527 0 0.108049 20.4771 15.4804 4.99667
6.58525 0 0.107692 20.4771 15.6875 4.78961
6.59523 0 0.107337 20.477 15.8994 4.57763
6.60521 0 0.106988 20.477 16.1157 4.36135
6.61518 0 0.106644 20.4985 16.3105 4.18799
6.62516 0 0.106309 20.4984 16.483 4.01545
6.63514 0 0.105982 20.4984 16.6578 3.84063
6.64512 0 0.105666 20.4984 16.8344 3.66402
6.65509 0 0.105361 20.4984 17.0123 3.48609
6.66507 0 0.105068 20.4983 17.191 3.30729
6.67505 0 0.104789 20.4983 17.3702 3.12806
6.68503 0 0.104526 20.4983 17.5495 2.94881
6.69501 0 0.104279 20.4983 17.7283 2.76994
6.70498 0 0.104049 20.4982 17.9064 2.59182
6.71496 0 0.103839 20.4982 18.0834 2.41481
6.72494 0 0.103648 20.4982 18.259 2.23922
6.73492 0 0.103478 20.4982 18.4328 2.06536
6.74489 0 0.103331 20.4982 18.6047 1.89352
6.75487 0 0.103208 20.4982 18.7742 1.72396
6.76485 0 0.103109 20.4982 18.9412 1.55691
6.77483 0 0.103036 20.4981 19.1056 1.3926
6.7848 0 0.102989 20.4981 19.2669 1.23121
6.79478 0 0.102971 20.4981 19.4252 1.07291
6.80476 0 0.102981 20.4981 19.5803 0.917864
6.81474 0 0.103021 20.4969 19.7298 0.76702
6.82472 0 0.103092 20.4969 19.8739 0.62301
6.83469 0 0.103195 20.4969 20.0142 0.482643
6.84467 0 0.10333 20.4969 20.1509 0.346002
6.85465 0 0.103499 20.4969 20.2837 0.213153
6.86463 0 0.103702 20.4969 20.4127 0.0841458
6.8746 0 0.10394 20.4969 20.5378 -0.0409841
6.88458 0 0.104214 20.4969 20.6591 -0.162216
6.89456 0 0.104524 20.4969 20.7764 -0.279543
6.90454 0 0.104872 20.4969 20.8898 -0.39297
6.91451 0 0.105257 20.4969 20.9994 -0.502514
6.92449 0 0.105681 20.4969 21.1051 -0.608203
6.93447 0 0.106145 20.4969 21.207 -0.710073
6.94445 0 0.106648 20.4969 21.3051 -0.808172
6.95442 0 0.107191 20.4969 21.3995 -0.902555
6.9644 0 0.107775 20.5128 21.4658 -0.953077
6.97438 0 0.1084 20.5142 21.4749 -0.960689
6.98436 0 0.109066 20.4788 21.4033 -0.92443
6.99434 0 0.109774 20.4788 21.2807 -0.801879
7.00431 0 0.110521 20.4788 21.1555 -0.67671
7.01429 0 0.111308 20.4788 21.0277 -0.548886
7.02427 0 0.112133 20.4788 20.8972 -0.418371
7.03425 0 0.112996 20.4788 20.7639 -0.285131
7.04422 0 0.113897 20.4788 20.6279 -0.149133
7.0542 0 0.114834 20.4788 20.4892 -0.0103495
7.06418 0 0.115806 20.4788 20.3476 0.131247
7.07416 0 0.116813 20.4788 20.2031 0.275679
7.08413 0 0.117854 20.4756 20.0461 0.429487
7.09411 0 0.118928 20.4756 19.8762 0.599347
7.10409 0 0.120034 20.4756 19.703 0.772519
7.11407 0 0.12117 20.4755 19.5266 0.948994
7.12404 0 0.122336 20.4755 19.3468 1.12876
7.13402 0 0.123531 20.4755 19.1638 1.31178
7.144 0 0.124754 20.4755 18.9775 1.49802
7.15398 0 0.126003 20.4755 18.7881 1.68744
7.16396 0 0.127277 20.4755 18.5956 1.87999
7.17393 0 0.128575 20.4755 18.4 2.07558
7.18391 0 0.129896 20.4756 18.2014 2.27414
7.19389 0 0.131239 20.4756 18 2.47558
7.20387 0 0.132602 20.4756 17.7958 2.67977
7.21384 0 0.133985 20.4756 17.589 2.88661
7.22382 0 0.135385 20.4756 17.3796 3.09594
7.2338 0 0.136801 20.4756 17.168 3.3076
7.24378 0 0.138233 20.4756 16.9542 3.52143
7.25375 0 0.139678 20.4756 16.7384 3.73722
7.26373 0 0.141135 20.4756 16.5208 3.95476
7.27371 0 0.142604 20.4756 16.3018 4.17383
7.28369 0 0.144082 20.4756 16.0815 4.39416
7.29366 0 0.145568 20.4757 15.8602 4.6155
7.30364 0 0.14706 20.4757 15.6381 4.83754
7.31362 0 0.148558 20.4757 15.4157 5.05997
7.3236 0 0.150059 20.4757 15.1932 5.28247
7.33358 0 0.151563 20.4757 14.9711 5.50468
7.34355 0 0.153067 20.4757 14.7495 5.72622
7.35353 0 0.15457 20.4758 14.5291 5.94672
7.36351 0 0.156071 20.4758 14.31 6.16576
7.37349 0 0.157568 20.4758 14.0929 6.38292
7.38346 0 0.15906 20.4759 13.8781 6.59776
7.39344 0 0.160545 20.4759 13.666 6.80983
7.40342 0 0.162023 20.4759 13.4573 7.01865
7.4134 0 0.16349 20.4759 13.2522 7.22376
7.42337 0 0.164947 20.476 13.0513 7.42466
7.43335 0 0.166391 20.476 12.8551 7.62086
7.44333 0 0.167821 20.476 12.6641 7.81188
7.45331 0 0.169237 20.4761 12.4789 7.9972
7.46328 0 0.170636 20.4761 12.2997 8.17635
7.47326 0 0.172017 20.4761 12.1273 8.34882
7.48324 0 0.17338 20.4761 11.962 8.51413
7.49322 0 0.174723 20.4762 11.8044 8.67182
7.5032 0 0.176045 20.4762 11.6548 8.82142
7.51317 0 0.177345 20.4762 11.5137 8.9625
7.52315 0 0.178623 20.4763 11.3816 9.09463
7.53313 0 0.179876 20.4763 11.2588 9.21743
7.54311 0 0.181104 20.4763 11.1458 9.33052
7.55308 0 0.182308 20.4763 11.0427 9.43357
7.56306 0 0.183485 20.4763 10.9501 9.52626
7.57304 0 0.184635 20.4763 10.868 9.60834
7.58302 0 0.185758 20.4764 10.7968 9.67956
7.59299 0 0.186853 20.4764 10.7366 9.73974
7.60297 0 0.18792 20.4764 10.6877 9.78872
7.61295 0 0.188959 20.4764 10.65 9.82639
7.62293 0 0.189969 20.4764 10.6237 9.85269
7.6329 0 0.19095 20.4764 10.6088 9.8676
7.64288 0 0.191902 20.4764 10.6052 9.87114
7.65286 0 0.192826 20.4764 10.613 9.86339
7.66284 0 0.193721 20.4764 10.6319 9.84445
7.67282 0 0.194587 20.4763 10.6619 9.81448
7.68279 0 0.195425 20.4763 10.7027 9.77367
7.69277 0 0.196236 20.4678 10.7015 9.76632
7.70275 0 0.197019 20.4677 10.6563 9.8114
7.71273 0 0.197774 20.4677 10.6177 9.85001
7.7227 0 0.198501 20.4677 10.5851 9.88256
7.73268 0 0.1992 20.4676 10.5581 9.90951
7.74266 0 0.199871 20.4676 10.5363 9.93131
7.75264 0 0.200514 20.4676 10.5191 9.94847
7.76261 0 0.201129 20.4675 10.5061 9.96147
7.77259 0 0.201716 20.4675 10.4967 9.97084
7.78257 0 0.202275 20.4675 10.4904 9.97706
7.79255 0 0.202807 20.4674 10.4868 9.98067
7.80253 0 0.203311 20.4674 10.4853 9.98215
7.8125 0 0.203788 20.4674 10.4854 9.982
7.82248 0 0.204237 20.4673 10.4866 9.98069
7.83246 0 0.204659 20.4673 10.4886 9.97869
7.84244 0 0.205054 20.4673 10.4909 9.97642
7.85241 0 0.205423 20.4673 10.493 9.97428
7.86239 0 0.205764 20.4672 10.4946 9.97265
7.87237 0 0.206079 20.4672 10.4953 9.97186
7.88235 0 0.206367 20.4672 10.495 9.97221
7.89232 0 0.206628 20.4672 10.4932 9.97396
7.9023 0 0.206863 20.4672 10.4899 9.9773
7.91228 0 0.207071 20.4672 10.4847 9.98242
7.92226 0 0.207253 20.4671 10.4777 9.98941
7.93223 0 0.207408 20.4671 10.4688 9.99836
7.94221 0 0.207537 20.4671 10.4579 10.0093
7.95219 0 0.207638 20.4671 10.4451 10.0221
7.96217 0 0.207713 20.4672 10.4304 10.0368
7.97215 0 0.207761 20.4672 10.414 10.0531
7.98212 0 0.207781 20.4672 10.3962 10.071
7.9921 0 0.207774 20.4672 10.3771 10.0901
8.00208 0 0.207739 20.4672 10.357 10.1102
8.01206 0 0.207677 20.4672 10.3363 10.1309
8.02203 0 0.207586 20.4673 10.3154 10.1519
8.03201 0 0.207467 20.4673 10.2946 10.1727
8.04199 0 0.207319 20.4673 10.2745 10.1929
8.05197 0 0.207142 20.4674 10.2555 10.2119
8.06194 0 0.206936 20.4674 10.2381 10.2293
8.07192 0 0.2067 20.4674 10.223 10.2444
8.0819 0 0.206434 20.4675 10.2107 10.2568
8.09188 0 0.206138 20.4675 10.2017 10.2658
8.10185 0 0.205812 20.4676 10.1968 10.2708
8.11183 0 0.205456 20.4676 10.1964 10.2712
8.12181 0 0.205068 20.5214 10.11 10.4113
8.13179 0 0.204649 20.5214 9.93983 10.5816
8.14177 0 0.204197 20.5215 9.77804 10.7434
8.15174 0 0.20371 20.5215 9.62535 10.8961
8.16172 0 0.203188 20.5215 9.48242 11.0391
8.1717 0 0.20263 20.5216 9.34989 11.1717
8.18168 0 0.202034 20.5216 9.22835 11.2932
8.19165 0 0.2014 20.5216 9.11835 11.4033
8.20163 0 0.200727 20.5217 9.02036 11.5013
8.21161 0 0.200014 20.5217 8.93485 11.5868
8.22159 0 0.19926 20.5217 8.8622 11.6595
8.23156 0 0.198465 20.5217 8.80272 11.719
8.24154 0 0.197628 20.5217 8.7567 11.765
8.25152 0 0.196749 20.5217 8.72432 11.7974
8.2615 0 0.195827 20.5217 8.70573 11.816
8.27147 0 0.194863 20.5217 8.70101 11.8207
8.28145 0 0.193856 20.5217 8.71018 11.8116
8.29143 0 0.192807 20.5211 8.73239 11.7887
8.30141 0 0.191715 20.5211 8.76826 11.7529
8.31139 0 0.19058 20.5211 8.81863 11.7025
8.32136 0 0.189404 20.5211 8.8833 11.6378
8.33134 0 0.188185 20.5211 8.96199 11.5591
8.34132 0 0.186926 20.521 9.0544 11.4666
8.3513 0 0.185626 20.5202 9.15932 11.3609
8.36127 0 0.184286 20.5202 9.27559 11.2446
8.37125 0 0.182906 20.5202 9.40337 11.1168
8.38123 0 0.181489 20.5201 9.54221 10.9779
8.39121 0 0.180033 20.5201 9.69162 10.8285
8.40118 0 0.178542 20.5201 9.8511 10.669
8.41116 0 0.177015 20.52 10.0201 10.4999
8.42114 0 0.175454 20.52 10.1982 10.3218
8.43112 0 0.173859 20.52 10.3848 10.1352
8.44109 0 0.172233 20.5199 10.5794 9.94055
8.45107 0 0.170576 20.5199 10.7814 9.7385
8.46105 0 0.16889 20.5199 10.9903 9.52954
8.47103 0 0.167176 20.5199 11.2057 9.31419
8.48101 0 0.165435 20.5207 11.4219 9.09876
8.49098 0 0.16367 20.5207 11.6389 8.88181
8.50096 0 0.16188 20.5206 11.8611 8.6595
8.51094 0 0.160069 20.5206 12.0883 8.43231
8.52092 0 0.158237 20.5206 12.3198 8.20075
8.53089 0 0.156386 20.5206 12.5553 7.96527
8.54087 0 0.154517 20.5205 12.7942 7.72634
8.55085 0 0.152632 20.5205 13.0361 7.4844
8.56083 0 0.150733 20.5205 13.2806 7.23986
8.5708 0 0.148821 20.5205 13.5273 6.99314
8.58078 0 0.146897 20.5205 13.7758 6.74462
8.59076 0 0.144965 20.5204 14.0258 6.49469
8.60074 0 0.143024 20.5204 14.2767 6.24371
8.61072 0 0.141076 20.5204 14.5284 5.99201
8.62069 0 0.139124 20.5204 14.7805 5.73994
8.63067 0 0.137169 20.5204 15.0326 5.4878
8.64065 0 0.135212 20.517 15.1893 5.32774
8.65063 0 0.133255 20.517 15.2539 5.2631
8.6606 0 0.131297 20.517 15.3251 5.19193
8.67058 0 0.12934 20.517 15.4027 5.11429
8.68056 0 0.127384 20.517 15.4867 5.03026
8.69054 0 0.125429 20.517 15.577 4.93996
8.70051 0 0.123475 20.517 15.6735 4.84351
8.71049 0 0.121525 20.517 15.7759 4.74104
8.72047 0 0.119577 20.5169 15.8842 4.63272
8.73045 0 0.117633 20.5169 15.9982 4.51872
8.74042 0 0.115693 20.5169 16.1177 4.39921
8.7504 0 0.113759 20.5169 16.2425 4.27441
8.76038 0 0.11183 20.5169 16.3724 4.14452
8.77036 0 0.109909 20.5169 16.5071 4.00976
8.78034 0 0.107995 20.5169 16.6465 3.87036
8.79031 0 0.10609 20.5169 16.7903 3.72658
8.80029 0 0.104194 20.5168 16.9382 3.57865
8.81027 0 0.102308 20.5168 17.09 3.42684
8.82025 0 0.100434 20.5168 17.2454 3.2714
8.83022 0 0.0985728 20.5168 17.4042 3.11261
8.8402 0 0.0967246 20.5168 17.5661 2.95073
8.85018 0 0.0948908 20.5168 17.7307 2.78604
8.86016 0 0.0930724 20.5222 17.8919 2.63035
8.87013 0 0.0912706 20.5222 18.0491 2.47314
8.88011 0 0.0894863 20.5222 18.2078 2.3144
8.89009 0 0.0877206 20.5222 18.3678 2.15442
8.90007 0 0.0859745 20.5222 18.5287 1.99352
8.91004 0 0.0842491 20.5222 18.6902 1.83198
8.92002 0 0.0825454 20.5221 18.8521 1.67008
8.93 0 0.0808644 20.5221 19.014 1.50812
8.93998 0 0.0792073 20.5221 19.1757 1.34638
8.94996 0 0.0775751 20.5221 19.337 1.18513
8.95993 0 0.0759688 20.5221 19.4974 1.02463
8.96991 0 0.0743894 20.5221 19.6569 0.865159
8.97989 0 0.0728381 20.522 19.8151 0.706955
8.98987 0 0.0713157 20.522 19.9718 0.550269
8.99984 0 0.0698234 20.522 20.1267 0.395337
9.00982 0 0.068362 20.522 20.2796 0.242387
9.0198 0 0.0669327 20.522 20.4304 0.0916389
9.02978 0 0.0655363 20.522 20.5787 -0.0566983
9.03975 0 0.0641738 20.522 20.7244 -0.202424
9.04973 0 0.0628461 20.522 20.8673 -0.345349
9.05971 0 0.0615541 20.522 21.0073 -0.485291
9.06969 0 0.0602988 20.522 21.144 -0.622081
9.07966 0 0.0590809 20.5219 21.2775 -0.755557
9.08964 0 0.0579014 20.5219 21.4075 -0.88557
9.09962 0 0.0567609 20.5219 21.5339 -1.01198
9.1096 0 0.0556604 20.5219 21.6566 -1.13465
9.11958 0 0.0546005 20.523 21.7738 -1.25082
9.12955 0 0.053582 20.523 21.8856 -1.36257
9.13953 0 0.0526056 20.523 21.9933 -1.47027
9.14951 0 0.051672 20.523 22.0968 -1.57381
9.15949 0 0.0507817 20.5169 22.1867 -1.66971
9.16946 0 0.0499354 20.5169 22.2629 -1.74595
9.17944 0 0.0491336 20.5169 22.3351 -1.81812
9.18942 0 0.0483766 20.5169 22.4031 -1.88617
9.1994 0 0.047665 20.5169 22.467 -1.95004
9.20937 0 0.0469991 20.5169 22.5266 -2.00969
9.21935 0 0.0463794 20.5169 22.582 -2.06506
9.22933 0 0.0458061 20.5169 22.6331 -2.11614
9.23931 0 0.0452795 20.5169 22.6798 -2.16291
9.24928 0 0.0448 20.5169 22.7223 -2.20534
9.25926 0 0.0443678 20.5169 22.7604 -2.24344
9.26924 0 0.0439831 20.5169 22.7941 -2.27721
9.27922 0 0.0436461 20.5169 22.8236 -2.30665
9.2892 0 0.043357 20.5169 22.8487 -2.3318
9.29917 0 0.0431159 20.5169 22.8696 -2.35266
9.30915 0 0.0429229 20.5169 22.8862 -2.36928
9.31913 0 0.042778 20.5169 22.8986 -2.3817
9.32911 0 0.0426814 20.517 22.9069 -2.38996
9.33908 0 0.042633 20.517 22.9111 -2.39412
9.34906 0 0.0426328 20.517 22.9112 -2.39424
9.35904 0 0.0426807 20.517 22.9074 -2.39038
9.36902 0 0.0427768 20.517 22.8996 -2.38264
9.37899 0 0.0429209 20.517 22.8881 -2.37107
9.38897 0 0.0431129 20.517 22.8728 -2.35579
9.39895 0 0.0433526 20.517 22.8539 -2.33687
9.40893 0 0.0436399 20.517 22.8314 -2.31442
9.4189 0 0.0439746 20.517 22.8056 -2.28855
9.42888 0 0.0443564 20.4883 22.7455 -2.25719
9.43886 0 0.044785 20.4883 22.651 -2.16272
9.44884 0 0.0452598 20.4883 22.5529 -2.06463
9.45882 0 0.0457803 20.4883 22.4513 -1.96298
9.46879 0 0.0463457 20.4883 22.3462 -1.85788
9.47877 0 0.0469555 20.4913 22.2315 -1.74011
9.48875 0 0.0476088 20.4914 22.1076 -1.61629
9.49873 0 0.0483049 20.4914 21.9814 -1.49007
9.5087 0 0.0490431 20.4914 21.8529 -1.36155
9.51868 0 0.0498226 20.4914 21.7222 -1.23082
9.52866 0 0.0506425 20.4914 21.5894 -1.098
9.53864 0 0.051502 20.4914 21.4546 -0.9632
9.54861 0 0.0524003 20.4914 21.3179 -0.826545
9.55859 0 0.0533365 20.4914 21.1796 -0.688169
9.56857 0 0.0543098 20.4914 21.0396 -0.548217
9.57855 0 0.0553192 20.4914 20.8982 -0.406841
9.58853 0 0.0563639 20.4914 20.7556 -0.264201
9.5985 0 0.0574429 20.489 20.6085 -0.119509
9.60848 0 0.0585554 20.489 20.4572 0.0318491
9.61846 0 0.0597004 20.489 20.3052 0.183838
9.62844 0 0.0608769 20.489 20.1528 0.33627
9.63841 0 0.062084 20.4891 20.0001 0.48895
9.64839 0 0.0633207 20.4891 19.8474 0.641674
9.65837 0 0.0645859 20.4891 19.6948 0.794233
9.66835 0 0.0658788 20.4891 19.5427 0.946409
9.67832 0 0.0671984 20.4891 19.3911 1.09798
9.6883 0 0.0685437 20.4891 19.2404 1.24872
9.69828 0 0.0699137 20.5042 19.0741 1.43008
9.70826 0 0.0713073 20.5042 18.8912 1.61308
9.71823 0 0.0727235 20.5042 18.7072 1.79704
9.72821 0 0.0741609 20.5088 18.5173 1.99142
9.73819 0 0.0756184 20.5088 18.3216 2.1872
9.74817 0 0.0770948 20.5088 18.1248 2.38394
9.75815 0 0.0785889 20.5088 17.9273 2.58146
9.76812 0 0.0800994 20.5088 17.7292 2.77956
9.7781 0 0.0816251 20.5088 17.5308 2.97803
9.78808 0 0.0831647 20.5088 17.3321 3.17668
9.79806 0 0.084717 20.5088 17.1336 3.37528
9.80803 0 0.0862808 20.5088 16.9352 3.57361
9.81801 0 0.0878548 20.5089 16.7374 3.77146
9.82799 0 0.0894377 20.5089 16.5403 3.96858
9.83797 0 0.0910284 20.5089 16.3441 4.16476
9.84794 0 0.0926255 20.5089 16.1491 4.35975
9.85792 0 0.094228 20.5089 15.9556 4.55331
9.8679 0 0.0958345 20.5089 15.7637 4.74521
9.87788 0 0.0974439 20.5089 15.5737 4.93519
9.88785 0 0.0990549 20.5089 15.3859 5.12301
9.89783 0 0.100666 20.509 15.2005 5.30843
9.90781 0 0.102277 20.509 15.0178 5.4912
9.91779 0 0.103886 20.509 14.8379 5.67107
9.92777 0 0.105493 20.509 14.6612 5.84779
9.93774 0 0.107095 20.509 14.4879 6.02114
9.94772 0 0.108692 20.509 14.3182 6.19085
9.9577 0 0.110283 20.509 14.1523 6.35671
9.96768 0 0.111866 20.509 13.9906 6.51847
9.97765 0 0.113442 20.5091 13.8331 6.67591
