0.00997765 0 4.49718e-05 30.3886 36.0773 -5.68866
0.0199553 0 0.000179815 30.3886 36.0469 -5.6583
0.029933 0 0.000404411 30.3886 36.0139 -5.6253
0.0399106 0 0.000718627 30.3886 35.9781 -5.58955
0.0498883 0 0.00112232 30.3886 35.9396 -5.55097
0.0598659 0 0.00161533 30.3886 35.898 -5.50947
0.0698436 0 0.00219747 30.3886 35.8535 -5.46496
0.0798212 0 0.00286856 30.3886 35.8059 -5.41734
0.0897989 0 0.00362839 30.3885 35.7551 -5.36651
0.0997765 0 0.00447674 30.3885 35.7009 -5.31238
0.109754 0 0.00541335 30.3885 35.6434 -5.25486
0.119732 0 0.00643798 30.3885 35.5824 -5.19384
0.129709 0 0.00755034 30.3885 35.5177 -5.12922
0.139687 0 0.00875012 30.3885 35.4494 -5.0609
0.149665 0 0.010037 30.3885 35.3773 -4.98879
0.159642 0 0.0114107 30.3885 35.3013 -4.91278
0.16962 0 0.0128707 30.3885 35.2213 -4.83277
0.179598 0 0.0144168 30.3885 35.1371 -4.74867
0.189575 0 0.0160485 30.3885 35.0488 -4.66036
0.199553 0 0.0177654 30.3885 34.9562 -4.56775
0.209531 0 0.019567 30.3884 34.8592 -4.47074
0.219508 0 0.0214528 30.3884 34.7577 -4.36923
0.229486 0 0.0234224 30.3884 34.6515 -4.26312
0.239464 0 0.0254751 30.3884 34.5407 -4.15232
0.249441 0 0.0276105 30.3884 34.4252 -4.03674
0.259419 0 0.0298279 30.3884 34.3047 -3.91629
0.269397 0 0.0321268 30.3884 34.1793 -3.79087
0.279374 0 0.0345064 30.3884 34.0488 -3.66041
0.289352 0 0.0369661 30.3884 33.9132 -3.52483
0.29933 0 0.0395052 30.3884 33.7724 -3.38404
0.309307 0 0.0421229 30.3884 33.6263 -3.23798
0.319285 0 0.0448184 30.3884 33.4749 -3.08658
0.329263 0 0.0475911 30.3883 33.3181 -2.92978
0.33924 0 0.0504399 30.3883 33.1559 -2.76752
0.349218 0 0.0533641 30.3883 32.9881 -2.59977
0.359196 0 0.0563628 30.3883 32.8148 -2.42648
0.369173 0 0.059435 30.3883 32.6359 -2.24762
0.379151 0 0.0625796 30.3883 32.4515 -2.06316
0.389128 0 0.0657958 30.3883 32.2614 -1.8731
0.399106 0 0.0690825 30.3883 32.0658 -1.67743
0.409084 0 0.0724386 30.3883 31.8645 -1.47617
0.419061 0 0.075863 30.3883 31.6576 -1.26932
0.429039 0 0.0793546 30.3883 31.4452 -1.05693
0.439017 0 0.0829121 30.3883 31.2274 -0.839039
0.448994 0 0.0865343 30.3883 31.004 -0.615701
0.458972 0 0.0902201 30.3883 30.7753 -0.386991
0.46895 0 0.093968 30.3883 30.5413 -0.152996
0.478927 0 0.0977769 30.3883 30.3021 0.0861811
0.488905 0 0.101645 30.3883 30.0579 0.330423
0.498883 0 0.105572 30.3883 29.8087 0.579596
0.50886 0 0.109555 30.3884 29.5548 0.833548
0.518838 0 0.113594 30.3884 29.2962 1.09211
0.528816 0 0.117687 30.3884 29.0333 1.3551
0.538793 0 0.121832 30.3884 28.7658 1.62261
0.548771 0 0.126028 30.3885 28.4941 1.89433
0.558749 0 0.130273 30.3885 28.2186 2.16983
0.568726 0 0.134566 30.3885 27.9396 2.44887
0.578704 0 0.138905 30.3885 27.6573 2.73116
0.588682 0 0.143289 30.3885 27.3721 3.01643
0.598659 0 0.147715 30.3885 27.0842 3.30438
0.608637 0 0.152184 30.3886 26.7939 3.59467
0.618615 0 0.156691 30.3886 26.5016 3.88698
0.628592 0 0.161237 30.3886 26.2076 4.18096
0.63857 0 0.165819 30.3886 25.9124 4.47624
0.648547 0 0.170436 30.3887 25.6162 4.77245
0.658525 0 0.175086 30.3887 25.3195 5.0692
0.668503 0 0.179767 30.3887 25.0226 5.3661
0.67848 0 0.184478 30.3887 24.726 5.66274
0.688458 0 0.189217 30.3888 24.43 5.95872
0.698436 0 0.193982 30.3888 24.1352 6.25361
0.708413 0 0.198773 30.3888 23.8418 6.547
0.718391 0 0.203586 30.3888 23.5504 6.83847
0.728369 0 0.208421 30.3889 23.2613 7.12759
0.738346 0 0.213276 30.3889 22.9749 7.41397
0.748324 0 0.21815 30.3889 22.6917 7.69717
0.758302 0 0.22304 30.3889 22.4121 7.97681
0.768279 0 0.227946 30.389 22.1365 8.25249
0.778257 0 0.232866 30.389 21.8652 8.52382
0.788235 0 0.237798 30.389 21.5986 8.79043
0.798212 0 0.242742 30.389 21.337 9.05198
0.80819 0 0.247695 30.3891 21.0809 9.30813
0.818168 0 0.252657 30.3891 20.8305 9.55856
0.828145 0 0.257627 30.3891 20.5861 9.80297
0.838123 0 0.262602 30.3891 20.348 10.0411
0.848101 0 0.267582 30.3891 20.1164 10.2727
0.858078 0 0.272566 30.3891 19.8916 10.4975
0.868056 0 0.277553 30.3891 19.6738 10.7154
0.878034 0 0.282541 30.3892 19.4631 10.9261
0.888011 0 0.287531 30.3892 19.2596 11.1295
0.897989 0 0.292519 30.3892 19.0636 11.3256
0.907966 0 0.297507 30.3892 18.8751 11.5141
0.917944 0 0.302493 30.3892 18.6941 11.6951
0.927922 0 0.307476 30.3892 18.5207 11.8685
0.937899 0 0.312456 30.3892 18.355 12.0342
0.947877 0 0.317432 30.3892 18.1968 12.1924
0.957855 0 0.322403 30.3892 18.0462 12.3429
0.967832 0 0.327368 30.3892 17.9032 12.486
0.97781 0 0.332328 30.3892 17.7676 12.6216
0.987788 0 0.337282 30.3891 17.6393 12.7498
0.997765 0 0.342229 30.3891 17.5184 12.8708
1.00774 0 0.347169 30.3891 17.4045 12.9846
1.01772 0 0.352101 30.3891 17.2976 13.0915
1.0277 0 0.357026 30.3891 17.1976 13.1915
1.03768 0 0.361943 30.3891 17.1043 13.2848
1.04765 0 0.366852 30.3891 17.0175 13.3716
1.05763 0 0.371752 30.3891 16.9371 13.452
1.06761 0 0.376643 30.3891 16.8629 13.5262
1.07759 0 0.381526 30.4045 16.6508 13.7536
1.08756 0 0.386399 30.4045 16.3008 14.1038
1.09754 0 0.39126 30.4046 15.9552 14.4494
1.10752 0 0.396109 30.4046 15.615 14.7897
1.1175 0 0.400942 30.4047 15.281 15.1237
1.12747 0 0.405759 30.4047 14.9543 15.4505
1.13745 0 0.410557 30.4048 14.6357 15.7691
1.14743 0 0.415336 30.4049 14.3263 16.0786
1.15741 0 0.420093 30.4049 14.027 16.378
1.16739 0 0.424828 30.405 13.7387 16.6663
1.17736 0 0.429539 30.405 13.4625 16.9426
1.18734 0 0.434224 30.4051 13.1992 17.2059
1.19732 0 0.438883 30.4052 12.9499 17.4553
1.2073 0 0.443514 30.4052 12.7154 17.6898
1.21727 0 0.448117 30.4053 12.4966 17.9087
1.22725 0 0.45269 30.4053 12.2943 18.111
1.23723 0 0.457233 30.4054 12.1093 18.2961
1.24721 0 0.461745 30.4054 11.9423 18.4631
1.25718 0 0.466226 30.4054 11.7939 18.6115
1.26716 0 0.470674 30.4055 11.6648 18.7406
1.27714 0 0.47509 30.4055 11.5555 18.85
1.28712 0 0.479474 30.4055 11.4663 18.9392
1.29709 0 0.483825 30.4055 11.3977 19.0079
1.30707 0 0.488144 30.4055 11.3498 19.0558
1.31705 0 0.49243 30.4056 11.3228 19.0827
1.32703 0 0.496684 30.4055 11.3169 19.0886
1.33701 0 0.500906 30.4055 11.332 19.0736
1.34698 0 0.505097 30.4055 11.3679 19.0377
1.35696 0 0.509258 30.4055 11.4244 18.9811
1.36694 0 0.513389 30.4055 11.5013 18.9042
1.37692 0 0.517491 30.4055 11.5982 18.8072
1.38689 0 0.521565 30.4054 11.7146 18.6908
1.39687 0 0.525612 30.4054 11.8499 18.5555
1.40685 0 0.529634 30.4053 12.0035 18.4018
1.41683 0 0.533632 30.4053 12.1748 18.2305
1.4268 0 0.537606 30.4052 12.363 18.0422
1.43678 0 0.541559 30.4052 12.5673 17.8379
1.44676 0 0.545493 30.4051 12.7869 17.6183
1.45674 0 0.549408 30.4051 13.0208 17.3843
1.46672 0 0.553306 30.405 13.2682 17.1368
1.47669 0 0.557189 30.405 13.5282 16.8768
1.48667 0 0.56106 30.4049 13.7998 16.6051
1.49665 0 0.564919 30.4048 14.082 16.3228
1.50663 0 0.568769 30.4048 14.374 16.0308
1.5166 0 0.572611 30.4047 14.6747 15.73
1.52658 0 0.576448 30.4047 14.9833 15.4214
1.53656 0 0.580281 30.3182 15.1052 15.213
1.54654 0 0.584112 30.3183 15.0368 15.2814
1.55651 0 0.58794 30.3183 14.9712 15.3471
1.56649 0 0.591766 30.3184 14.909 15.4093
1.57647 0 0.59559 30.3184 14.8509 15.4675
1.58645 0 0.599411 30.3184 14.7975 15.521
1.59642 0 0.60323 30.3185 14.7495 15.569
1.6064 0 0.607047 30.3185 14.7076 15.6109
1.61638 0 0.610862 30.3186 14.6726 15.646
1.62636 0 0.614675 30.3186 14.6451 15.6735
1.63634 0 0.618486 30.3187 14.6257 15.6929
1.64631 0 0.622296 30.3187 14.6152 15.7035
1.65629 0 0.626104 30.3187 14.6142 15.7045
1.66627 0 0.629911 30.3188 14.6232 15.6955
1.67625 0 0.633718 30.3188 14.6429 15.6759
1.68622 0 0.637525 30.37 14.5854 15.7846
1.6962 0 0.641331 30.37 14.4503 15.9198
1.70618 0 0.645137 30.3701 14.3248 16.0453
1.71616 0 0.64894 30.3701 14.2097 16.1604
1.72613 0 0.652742 30.3702 14.1056 16.2645
1.73611 0 0.656541 30.3702 14.0131 16.3571
1.74609 0 0.660338 30.3702 13.9328 16.4374
1.75607 0 0.664131 30.3703 13.8652 16.505
1.76604 0 0.667921 30.3703 13.8109 16.5594
1.77602 0 0.671707 30.3703 13.7702 16.6002
1.786 0 0.67549 30.3703 13.7435 16.6268
1.79598 0 0.679268 30.3703 13.7313 16.639
1.80596 0 0.683043 30.3704 13.7338 16.6365
1.81593 0 0.686814 30.3704 13.7514 16.619
1.82591 0 0.690581 30.3704 13.7841 16.5863
1.83589 0 0.694345 30.3704 13.8321 16.5383
1.84587 0 0.698106 30.3704 13.8955 16.4748
1.85584 0 0.701864 30.3704 13.9745 16.3959
1.86582 0 0.70562 30.3704 14.0688 16.3015
1.8758 0 0.709375 30.3704 14.1786 16.1918
1.88578 0 0.713128 30.3704 14.3036 16.0667
1.89575 0 0.716881 30.3704 14.4438 15.9266
1.90573 0 0.720634 30.3703 14.5988 15.7715
1.91571 0 0.724388 30.3703 14.7685 15.6018
1.92569 0 0.728145 30.3703 14.9526 15.4177
1.93566 0 0.731905 30.4056 15.0993 15.3063
1.94564 0 0.735668 30.4056 15.2079 15.1977
1.95562 0 0.739437 30.4056 15.3288 15.0767
1.9656 0 0.74321 30.4055 15.4614 14.9441
1.97558 0 0.74699 30.3981 15.5781 14.8201
1.98555 0 0.750778 30.3981 15.6777 14.7204
1.99553 0 0.754573 30.398 15.7856 14.6125
2.00551 0 0.758376 30.398 15.9009 14.4971
2.01549 0 0.76219 30.398 16.0229 14.375
2.02546 0 0.766014 30.3979 16.1508 14.2471
2.03544 0 0.769849 30.3979 16.2837 14.1141
2.04542 0 0.773697 30.3978 16.4209 13.9769
2.0554 0 0.777559 30.3978 16.5617 13.8361
2.06537 0 0.781435 30.3977 16.7051 13.6926
2.07535 0 0.785327 30.3977 16.8505 13.5471
2.08533 0 0.789235 30.3976 16.9972 13.4004
2.09531 0 0.793161 30.3976 17.1444 13.2532
2.10528 0 0.797106 30.3975 17.2914 13.1061
2.11526 0 0.80107 30.3975 17.4376 12.9599
2.12524 0 0.805055 30.3975 17.5823 12.8152
2.13522 0 0.809062 30.3419 17.4832 12.8588
2.1452 0 0.813092 30.342 17.1437 13.1983
2.15517 0 0.817141 30.342 16.8089 13.533
2.16515 0 0.821211 30.342 16.4796 13.8624
2.17513 0 0.825298 30.3421 16.1561 14.1859
2.18511 0 0.829403 30.3421 15.839 14.503
2.19508 0 0.833523 30.3421 15.5288 14.8133
2.20506 0 0.837659 30.3421 15.226 15.1161
2.21504 0 0.841808 30.3422 14.9309 15.4112
2.22502 0 0.845969 30.3422 14.6441 15.6981
2.23499 0 0.850143 30.3422 14.3657 15.9765
2.24497 0 0.854327 30.3422 14.0963 16.2459
2.25495 0 0.858522 30.3422 13.8359 16.5063
2.26493 0 0.862725 30.3422 13.5849 16.7573
2.27491 0 0.866938 30.3422 13.3435 16.9987
2.28488 0 0.871158 30.3422 13.1118 17.2305
2.29486 0 0.875386 30.3422 12.8898 17.4525
2.30484 0 0.87962 30.3422 12.6776 17.6647
2.31482 0 0.883861 30.3422 12.4751 17.8671
2.32479 0 0.888107 30.3422 12.2824 18.0598
2.33477 0 0.89236 30.3422 12.0992 18.2429
2.34475 0 0.896617 30.3464 11.9189 18.4274
2.35473 0 0.90088 30.3463 11.7416 18.6047
2.3647 0 0.905148 30.3463 11.5738 18.7725
2.37468 0 0.90942 30.3463 11.4153 18.931
2.38466 0 0.913697 30.3463 11.2657 19.0806
2.39464 0 0.917978 30.3462 11.1246 19.2217
2.40461 0 0.922264 30.3462 10.9917 19.3545
2.41459 0 0.926554 30.3462 10.8665 19.4796
2.42457 0 0.930849 30.3461 10.7488 19.5973
2.43455 0 0.935148 30.3461 10.638 19.7081
2.44453 0 0.939452 30.3461 10.5338 19.8123
2.4545 0 0.943761 30.3461 10.4358 19.9102
2.46448 0 0.948076 30.346 10.3436 20.0024
2.47446 0 0.952395 30.346 10.2569 20.0891
2.48444 0 0.95672 30.2835 10.0501 20.2334
2.49441 0 0.961051 30.2836 9.72443 20.5591
2.50439 0 0.965386 30.2836 9.40706 20.8766
2.51437 0 0.969724 30.2837 9.0991 21.1846
2.52435 0 0.974064 30.2838 8.80172 21.4821
2.53432 0 0.978405 30.2838 8.5161 21.7677
2.5443 0 0.982747 30.2839 8.24345 22.0405
2.55428 0 0.987089 30.284 7.98497 22.299
2.56426 0 0.991429 30.2841 7.74188 22.5422
2.57423 0 0.995768 30.2841 7.51536 22.7688
2.58421 0 1.0001 30.2842 7.30659 22.9776
2.59419 0 1.00444 30.2843 7.11672 23.1676
2.60417 0 1.00877 30.2843 6.94684 23.3375
2.61415 0 1.01309 30.2844 6.798 23.4864
2.62412 0 1.01742 30.2845 6.67118 23.6133
2.6341 0 1.02174 30.2845 6.5673 23.7172
2.64408 0 1.02605 30.2846 6.48719 23.7974
2.65406 0 1.03036 30.2846 6.43156 23.853
2.66403 0 1.03467 30.2846 6.40105 23.8836
2.67401 0 1.03897 30.2846 6.39619 23.8885
2.68399 0 1.04327 30.2847 6.41736 23.8673
2.69397 0 1.04757 30.2847 6.46484 23.8198
2.70394 0 1.05187 30.2847 6.53879 23.7459
2.71392 0 1.05617 30.2847 6.63922 23.6454
2.7239 0 1.06047 30.2847 6.76602 23.5186
2.73388 0 1.06477 30.2846 6.91893 23.3657
2.74385 0 1.06907 30.2846 7.09759 23.187
2.75383 0 1.07338 30.2846 7.30148 22.9831
2.76381 0 1.07769 30.2845 7.52998 22.7545
2.77379 0 1.082 30.2845 7.78235 22.5021
2.78377 0 1.08633 30.2844 8.05772 22.2267
2.79374 0 1.09067 30.2843 8.35516 21.9292
2.80372 0 1.09501 30.2843 8.67361 21.6107
2.8137 0 1.09938 30.2842 9.01195 21.2722
2.82368 0 1.10375 30.3676 9.25195 21.1156
2.83365 0 1.10815 30.3676 9.3905 20.9771
2.84363 0 1.11256 30.3676 9.54398 20.8236
2.85361 0 1.11698 30.3675 9.71203 20.6555
2.86359 0 1.12143 30.3675 9.89425 20.4733
2.87356 0 1.1259 30.3675 10.0902 20.2772
2.88354 0 1.13039 30.3675 10.2996 20.0678
2.89352 0 1.1349 30.3674 10.5219 19.8455
2.9035 0 1.13944 30.3674 10.7568 19.6106
2.91347 0 1.144 30.3674 11.0038 19.3636
2.92345 0 1.14859 30.3674 11.2625 19.1049
2.93343 0 1.1532 30.3673 11.5325 18.8349
2.94341 0 1.15784 30.3673 11.8133 18.554
2.95339 0 1.16252 30.3673 12.1046 18.2627
2.96336 0 1.16722 30.3673 12.4058 17.9614
2.97334 0 1.17196 30.3672 12.7166 17.6506
2.98332 0 1.17673 30.3672 13.0366 17.3306
2.9933 0 1.18154 30.3672 13.3652 17.002
3.00327 0 1.18639 30.3671 13.702 16.6651
3.01325 0 1.19127 30.3671 14.0467 16.3204
3.02323 0 1.1962 30.3671 14.3986 15.9684
3.03321 0 1.20116 30.3671 14.7575 15.6096
3.04318 0 1.20617 30.367 15.1227 15.2443
3.05316 0 1.21123 30.367 15.4939 14.8731
3.06314 0 1.21633 30.367 15.8706 14.4964
3.07312 0 1.22148 30.367 16.2522 14.1148
3.08309 0 1.22668 30.3669 16.6383 13.7286
3.09307 0 1.23193 30.3669 17.0284 13.3385
3.10305 0 1.23723 30.3669 17.4221 12.9448
3.11303 0 1.24259 30.3668 17.8187 12.5481
3.12301 0 1.24801 30.3668 18.2179 12.1489
3.13298 0 1.25348 30.3668 18.6192 11.7476
3.14296 0 1.25901 30.3668 19.0219 11.3448
3.15294 0 1.2646 30.3667 19.4258 10.9409
3.16292 0 1.27025 30.3667 19.8302 10.5365
3.17289 0 1.27597 30.3667 20.2347 10.132
3.18287 0 1.28175 30.3667 20.6388 9.72782
3.19285 0 1.2876 30.3666 21.0421 9.32451
3.20283 0 1.29351 30.4394 21.3406 9.0988
3.2128 0 1.2995 30.4394 21.532 8.90737
3.22278 0 1.30555 30.4394 21.7194 8.71997
3.23276 0 1.31168 30.4951 21.7849 8.71017
3.24274 0 1.31788 30.4951 21.7303 8.76478
3.25272 0 1.32415 30.495 21.6735 8.82159
3.26269 0 1.33049 30.495 21.6143 8.88076
3.27267 0 1.33691 30.495 21.5526 8.94242
3.28265 0 1.3434 30.495 21.4884 9.00665
3.29263 0 1.34996 30.495 21.4215 9.07349
3.3026 0 1.3566 30.472 21.271 9.20099
3.31258 0 1.36331 30.4705 21.0366 9.43388
3.32256 0 1.3701 30.4705 20.8018 9.66869
3.33254 0 1.37696 30.4705 20.5693 9.90126
3.34251 0 1.3839 30.4711 20.3186 10.1524
3.35249 0 1.39091 30.4711 20.0503 10.4208
3.36247 0 1.39799 30.4711 19.7853 10.6858
3.37245 0 1.40515 30.4711 19.5242 10.9469
3.38242 0 1.41239 30.4711 19.2673 11.2038
3.3924 0 1.4197 30.4712 19.015 11.4562
3.40238 0 1.42709 30.4712 18.7676 11.7036
3.41236 0 1.43455 30.4712 18.5257 11.9455
3.42234 0 1.44209 30.4712 18.2895 12.1817
3.43231 0 1.4497 30.4713 18.0596 12.4116
3.44229 0 1.45739 30.4713 17.8364 12.6349
3.45227 0 1.46516 30.4713 17.6204 12.851
3.46225 0 1.473 30.4713 17.4119 13.0595
3.47222 0 1.48092 30.4714 17.2114 13.26
3.4822 0 1.48892 30.4714 17.0194 13.452
3.49218 0 1.497 30.4714 16.8364 13.635
3.50216 0 1.50515 30.4715 16.6629 13.8086
3.51213 0 1.51339 30.4715 16.4992 13.9723
3.52211 0 1.52171 30.4715 16.3459 14.1256
3.53209 0 1.5301 30.4715 16.2034 14.2681
3.54207 0 1.53858 30.4716 16.0722 14.3993
3.55204 0 1.54714 30.4716 15.9527 14.5189
3.56202 0 1.55578 30.4716 15.8453 14.6263
3.572 0 1.5645 30.4717 15.7505 14.7211
3.58198 0 1.57331 30.4717 15.6686 14.8031
3.59196 0 1.58221 30.4717 15.6 14.8717
3.60193 0 1.59118 30.4717 15.545 14.9267
3.61191 0 1.60025 30.4717 15.504 14.9678
3.62189 0 1.6094 30.4717 15.4771 14.9946
3.63187 0 1.61865 30.4718 15.4648 15.007
3.64184 0 1.62798 30.4718 15.4671 15.0047
3.65182 0 1.6374 30.4718 15.4843 14.9875
3.6618 0 1.64691 30.4718 15.5164 14.9554
3.67178 0 1.65652 30.4718 15.5635 14.9083
3.68175 0 1.66622 30.4718 15.6257 14.8461
3.69173 0 1.67601 30.4718 15.7029 14.7689
3.70171 0 1.6859 30.4718 15.7951 14.6767
3.71169 0 1.69589 30.4718 15.9021 14.5697
3.72166 0 1.70598 30.4717 16.0238 14.448
3.73164 0 1.71616 30.4717 16.1599 14.3118
3.74162 0 1.72645 30.4728 16.3088 14.1641
3.7516 0 1.73683 30.4728 16.4699 14.0029
3.76158 0 1.74732 30.4728 16.6443 13.8284
3.77155 0 1.75792 30.4727 16.8317 13.641
3.78153 0 1.76861 30.4727 17.0316 13.4411
3.79151 0 1.77942 30.4727 17.2435 13.2292
3.80149 0 1.79033 30.4726 17.4668 13.0058
3.81146 0 1.80135 30.4726 17.7011 12.7715
3.82144 0 1.81248 30.474 17.9435 12.5305
3.83142 0 1.82372 30.474 18.1934 12.2806
3.8414 0 1.83508 30.4739 18.4524 12.0215
3.85137 0 1.84654 30.4739 18.7199 11.754
3.86135 0 1.85812 30.4738 18.9952 11.4786
3.87133 0 1.86982 30.4738 19.2777 11.1961
3.88131 0 1.88163 30.4737 19.5666 10.9071
3.89128 0 1.89356 30.4737 19.8613 10.6124
3.90126 0 1.9056 30.4737 20.1612 10.3125
3.91124 0 1.91777 30.4736 20.4654 10.0082
3.92122 0 1.93005 30.4736 20.7735 9.70012
3.9312 0 1.94245 30.4735 21.0846 9.38892
3.94117 0 1.95498 30.4735 21.3983 9.07523
3.95115 0 1.96762 30.4735 21.7138 8.75966
3.96113 0 1.98039 30.4734 22.0306 8.44281
3.97111 0 1.99328 30.4734 22.3482 8.12524
3.98108 0 2.0063 30.4734 22.6659 7.8075
3.99106 0 2.01944 30.4733 22.9832 7.49012
4.00104 0 2.0327 30.4733 23.2998 7.17357
4.01102 0 2.04609 30.4733 23.615 6.85833
4.02099 0 2.0596 30.4733 23.9284 6.54483
4.03097 0 2.07325 30.4733 24.2398 6.23349
4.04095 0 2.08701 30.4732 24.5486 5.92467
4.05093 0 2.10091 30.4732 24.8545 5.61874
4.0609 0 2.11493 30.4732 25.1572 5.31601
4.07088 0 2.12907 30.4732 25.4564 5.01677
4.08086 0 2.14335 30.4732 25.7519 4.72131
4.09084 0 2.15775 30.4732 26.0433 4.42985
4.10082 0 2.17228 30.4732 26.3305 4.14261
4.11079 0 2.18693 30.4732 26.6134 3.8598
4.12077 0 2.20172 30.4732 26.8916 3.58157
4.13075 0 2.21663 30.4732 27.1651 3.30808
4.14073 0 2.23167 30.4731 27.4337 3.03945
4.1507 0 2.24683 30.4731 27.6974 2.77579
4.16068 0 2.26213 30.4731 27.956 2.51719
4.17066 0 2.27755 30.478 28.2007 2.27727
4.18064 0 2.29309 30.478 28.4323 2.04574
4.19061 0 2.30877 30.478 28.6596 1.81839
4.20059 0 2.32457 30.478 28.8827 1.59528
4.21057 0 2.3405 30.478 29.1015 1.37649
4.22055 0 2.35655 30.478 29.316 1.16205
4.23053 0 2.37273 30.478 29.526 0.952002
4.2405 0 2.38904 30.478 29.7317 0.746368
4.25048 0 2.40547 30.478 29.9329 0.545163
4.26046 0 2.42203 30.478 30.1296 0.348392
4.27044 0 2.43871 30.478 30.322 0.156051
4.28041 0 2.45551 30.478 30.5099 -0.0318703
4.29039 0 2.47244 30.478 30.6934 -0.215388
4.30037 0 2.4895 30.4781 30.8726 -0.394525
4.31035 0 2.50668 30.4781 31.0474 -0.569308
4.32032 0 2.52398 30.4781 31.2178 -0.739771
4.3303 0 2.5414 30.4781 31.384 -0.905949
4.34028 0 2.55895 30.4781 31.546 -1.06788
4.35026 0 2.57661 30.4781 31.7037 -1.22561
4.36023 0 2.5944 30.4781 31.8573 -1.37918
4.37021 0 2.61231 30.4781 32.0067 -1.52864
4.38019 0 2.63034 30.4781 32.1521 -1.67404
4.39017 0 2.64849 30.4781 32.2935 -1.81543
4.40015 0 2.66676 30.4781 32.431 -1.95285
4.41012 0 2.68515 30.4781 32.5645 -2.08637
4.4201 0 2.70365 30.4781 32.6942 -2.21604
4.43008 0 2.72227 30.4781 32.82 -2.34191
4.44006 0 2.74101 30.4781 32.9422 -2.46403
4.45003 0 2.75987 30.4781 33.0606 -2.58246
4.46001 0 2.77884 30.4782 33.1754 -2.69726
4.46999 0 2.79793 30.4782 33.2866 -2.80848
4.47997 0 2.81714 30.4782 33.3943 -2.91618
4.48994 0 2.83646 30.4794 33.4957 -3.01628
4.49992 0 2.85589 30.4794 33.5906 -3.11123
4.5099 0 2.87543 30.4794 33.6821 -3.20275
4.51988 0 2.89509 30.4794 33.7703 -3.29088
4.52985 0 2.91486 30.4794 33.8551 -3.37568
4.53983 0 2.93474 30.4794 33.9366 -3.45721
4.54981 0 2.95473 30.4794 34.0149 -3.53552
4.55979 0 2.97483 30.4794 34.0901 -3.61066
4.56977 0 2.99504 30.4717 34.1509 -3.67918
4.57974 0 3.01536 30.4717 34.198 -3.72631
4.58972 0 3.03577 30.4717 34.2434 -3.77171
4.5997 0 3.05629 30.4717 34.2871 -3.81536
4.60968 0 3.0769 30.4717 34.329 -3.85728
4.61965 0 3.09762 30.4717 34.3692 -3.89747
4.62963 0 3.11843 30.4717 34.4076 -3.93593
4.63961 0 3.13934 30.4717 34.4444 -3.97268
4.64959 0 3.16036 30.4717 34.4794 -4.00772
4.65956 0 3.18146 30.4717 34.5128 -4.04106
4.66954 0 3.20267 30.4645 34.5267 -4.06224
4.67952 0 3.22397 30.4645 34.5219 -4.05742
4.6895 0 3.24536 30.4645 34.5166 -4.05211
4.69947 0 3.26685 30.4645 34.5108 -4.04634
4.70945 0 3.28844 30.4658 34.5008 -4.03494
4.71943 0 3.31012 30.4658 34.4865 -4.02068
4.72941 0 3.33189 30.4658 34.472 -4.00621
4.73939 0 3.35375 30.4652 34.4561 -3.99096
4.74936 0 3.3757 30.4652 34.4385 -3.97336
4.75934 0 3.39775 30.4652 34.4203 -3.95509
4.76932 0 3.41988 30.4671 34.3947 -3.92766
4.7793 0 3.4421 30.4671 34.362 -3.89488
4.78927 0 3.4644 30.4616 34.3173 -3.85563
4.79925 0 3.48678 30.4616 34.2595 -3.79789
4.80923 0 3.50925 30.4616 34.1987 -3.73707
4.81921 0 3.5318 30.4616 34.1346 -3.67304
4.82918 0 3.55442 30.4614 34.0651 -3.60373
4.83916 0 3.57713 30.4614 33.99 -3.52857
4.84914 0 3.59991 30.4614 33.911 -3.44962
4.85912 0 3.62277 30.4614 33.8281 -3.36671
4.86909 0 3.6457 30.4614 33.741 -3.27969
4.87907 0 3.6687 30.4613 33.6497 -3.18839
4.88905 0 3.69178 30.4613 33.554 -3.09263
4.89903 0 3.71492 30.4613 33.4536 -2.99224
4.90901 0 3.73813 30.4613 33.3484 -2.88706
4.91898 0 3.76141 30.4613 33.2382 -2.7769
4.92896 0 3.78475 30.4613 33.1228 -2.66158
4.93894 0 3.80815 30.4612 33.0022 -2.54093
4.94892 0 3.83161 30.4612 32.876 -2.41475
4.95889 0 3.85513 30.4612 32.7441 -2.28288
4.96887 0 3.8787 30.4612 32.6063 -2.14514
4.97885 0 3.90232 30.4612 32.4625 -2.00133
4.98883 0 3.92599 30.4612 32.3125 -1.8513
4.9988 0 3.94971 30.4611 32.156 -1.69485
5.00878 0 3.97348 30.4611 31.993 -1.53183
5.01876 0 3.99728 30.4611 31.8232 -1.36208
5.02874 0 4.02113 30.4611 31.6465 -1.18542
5.03872 0 4.04501 30.4611 31.4628 -1.00172
5.04869 0 4.06892 30.4611 31.2719 -0.810836
5.05867 0 4.09286 30.461 31.0737 -0.612632
5.06865 0 4.11683 30.461 30.868 -0.406992
5.07863 0 4.14082 30.461 30.6548 -0.193812
5.0886 0 4.16483 30.461 30.434 0.0269982
5.09858 0 4.18886 30.461 30.2055 0.255509
5.10856 0 4.21289 30.461 29.9692 0.491774
5.11854 0 4.23694 30.461 29.7252 0.735825
5.12851 0 4.26098 30.461 29.4733 0.987669
5.13849 0 4.28503 30.461 29.2137 1.24729
5.14847 0 4.30907 30.461 28.9463 1.51464
5.15845 0 4.33311 30.461 28.6713 1.78965
5.16842 0 4.35713 30.461 28.3888 2.0722
5.1784 0 4.38113 30.461 28.0988 2.36217
5.18838 0 4.40511 30.461 27.8016 2.65936
5.19836 0 4.42906 30.461 27.4974 2.96357
5.20834 0 4.45298 30.461 27.1865 3.27453
5.21831 0 4.47687 30.461 26.8691 3.59194
5.22829 0 4.50071 30.461 26.5456 3.91546
5.23827 0 4.52451 30.4611 26.2164 4.24471
5.24825 0 4.54825 30.4611 25.8819 4.57923
5.25822 0 4.57194 30.4611 25.5426 4.91854
5.2682 0 4.59557 30.4611 25.199 5.26211
5.27818 0 4.61913 30.4612 24.8518 5.60935
5.28816 0 4.64262 30.4612 24.5016 5.95962
5.29813 0 4.66603 30.4613 24.149 6.31225
5.30811 0 4.68936 30.4613 23.7948 6.66649
5.31809 0 4.7126 30.4614 23.4398 7.02157
5.32807 0 4.73575 30.4614 23.0847 7.37668
5.33804 0 4.7588 30.4615 22.7305 7.73094
5.34802 0 4.78175 30.4615 22.3781 8.08345
5.358 0 4.80459 30.4616 22.0283 8.43327
5.36798 0 4.82732 30.4616 21.6822 8.77945
5.37796 0 4.84993 30.4617 21.3407 9.121
5.38793 0 4.87242 30.4618 21.0049 9.4569
5.39791 0 4.89479 30.4618 20.6757 9.78613
5.40789 0 4.91702 30.4619 20.3542 10.1077
5.41787 0 4.93912 30.462 20.0414 10.4205
5.42784 0 4.96109 30.462 19.7384 10.7236
5.43782 0 4.9829 30.4621 19.4461 11.016
5.4478 0 5.00458 30.4621 19.1655 11.2967
5.45778 0 5.0261 30.4622 18.8975 11.5647
5.46775 0 5.04747 30.4623 18.6431 11.8192
5.47773 0 5.06869 30.4623 18.403 12.0593
5.48771 0 5.08975 30.4623 18.1782 12.2842
5.49769 0 5.11065 30.4624 17.9692 12.4932
5.50766 0 5.13139 30.4643 17.772 12.6923
5.51764 0 5.15196 30.4643 17.5869 12.8774
5.52762 0 5.17236 30.4643 17.4197 13.0446
5.5376 0 5.19259 30.4644 17.2706 13.1937
5.54758 0 5.21265 30.4644 17.1401 13.3243
5.55755 0 5.23253 30.4644 17.0283 13.4361
5.56753 0 5.25224 30.4644 16.9355 13.5289
5.57751 0 5.27179 30.4644 16.8617 13.6027
5.58749 0 5.29116 30.4644 16.8068 13.6576
5.59746 0 5.31035 30.4644 16.7709 13.6935
5.60744 0 5.32938 30.4643 16.7536 13.7107
5.61742 0 5.34824 30.4643 16.7547 13.7096
5.6274 0 5.36694 30.4643 16.774 13.6903
5.63737 0 5.38547 30.4643 16.8108 13.6534
5.64735 0 5.40383 30.4642 16.8648 13.5994
5.65733 0 5.42204 30.4642 16.9354 13.5288
5.66731 0 5.44008 30.4642 17.022 13.4421
5.67728 0 5.45797 30.4641 17.1239 13.3402
5.68726 0 5.47571 30.4641 17.2405 13.2236
5.69724 0 5.4933 30.464 17.371 13.0931
5.70722 0 5.51074 30.464 17.5146 12.9494
5.7172 0 5.52804 30.4639 17.6705 12.7934
5.72717 0 5.5452 30.4639 17.8381 12.6258
5.73715 0 5.56222 30.4638 18.0163 12.4475
5.74713 0 5.57911 30.4638 18.2046 12.2592
5.75711 0 5.59588 30.4637 18.4019 12.0618
5.76708 0 5.61252 30.4637 18.6076 11.856
5.77706 0 5.62903 30.4636 18.8209 11.6427
5.78704 0 5.64544 30.4636 19.0409 11.4227
5.79702 0 5.66173 30.4635 19.267 11.1966
5.80699 0 5.67791 30.4635 19.4983 10.9652
5.81697 0 5.69399 30.4634 19.7342 10.7293
5.82695 0 5.70997 30.4634 19.974 10.4894
5.83693 0 5.72586 30.4634 20.2171 10.2463
5.8469 0 5.74165 30.4633 20.4628 10.0006
5.85688 0 5.75736 30.4633 20.7105 9.7528
5.86686 0 5.77298 30.4905 20.8271 9.66343
5.87684 0 5.78853 30.4905 20.8077 9.68276
5.88682 0 5.80399 30.4905 20.7821 9.70837
5.89679 0 5.81938 30.4905 20.7503 9.74023
5.90677 0 5.83468 30.4905 20.7122 9.77829
5.91675 0 5.8499 30.4905 20.6681 9.82243
5.92673 0 5.86505 30.4905 20.6181 9.87247
5.9367 0 5.88011 30.4906 20.5624 9.92817
5.94668 0 5.8951 30.4906 20.5013 9.98928
5.95666 0 5.91001 30.4906 20.4352 10.0554
5.96664 0 5.92483 30.4518 20.2278 10.224
5.97661 0 5.93958 30.4518 19.8835 10.5684
5.98659 0 5.95423 30.4519 19.5419 10.91
5.99657 0 5.96881 30.4519 19.2038 11.2481
6.00655 0 5.98328 30.452 18.8698 11.5821
6.01653 0 5.99767 30.452 18.5408 11.9112
6.0265 0 6.01196 30.4521 18.2175 12.2346
6.03648 0 6.02614 30.4521 17.9006 12.5516
6.04646 0 6.04023 30.4522 17.5909 12.8613
6.05644 0 6.0542 30.4522 17.2891 13.1631
6.06641 0 6.06807 30.4522 16.9962 13.456
6.07639 0 6.08183 30.4523 16.7128 13.7395
6.08637 0 6.09548 30.4523 16.4398 14.0126
6.09635 0 6.109 30.4524 16.1778 14.2746
6.10632 0 6.12242 30.4524 15.9277 14.5248
6.1163 0 6.13571 30.4525 15.69 14.7624
6.12628 0 6.14888 30.4525 15.4657 14.9869
6.13626 0 6.16193 30.4526 15.2552 15.1974
6.14623 0 6.17485 30.4526 15.0592 15.3934
6.15621 0 6.18765 30.4536 14.8757 15.5779
6.16619 0 6.20032 30.4536 14.7054 15.7482
6.17617 0 6.21287 30.4536 14.5515 15.9021
6.18615 0 6.22529 30.4537 14.4143 16.0394
6.19612 0 6.23758 30.4537 14.2942 16.1595
6.2061 0 6.24974 30.4537 14.1915 16.2622
6.21608 0 6.26177 30.4537 14.1065 16.3472
6.22606 0 6.27368 30.4537 14.0393 16.4144
6.23603 0 6.28545 30.4537 13.9901 16.4636
6.24601 0 6.2971 30.4537 13.9589 16.4949
6.25599 0 6.30863 30.4537 13.9456 16.5081
6.26597 0 6.32003 30.4537 13.9503 16.5034
6.27594 0 6.3313 30.4537 13.9727 16.481
6.28592 0 6.34245 30.4537 14.0127 16.441
6.2959 0 6.35348 30.4537 14.0699 16.3837
6.30588 0 6.36439 30.4536 14.1441 16.3096
6.31585 0 6.37519 30.4536 14.2347 16.2189
6.32583 0 6.38586 30.4536 14.3415 16.112
6.33581 0 6.39643 30.4535 14.4639 15.9896
6.34579 0 6.40688 30.4535 14.6014 15.8521
6.35577 0 6.41722 30.4565 14.7459 15.7105
6.36574 0 6.42746 30.4564 14.8969 15.5596
6.37572 0 6.4376 30.4564 15.061 15.3954
6.3857 0 6.44763 30.4564 15.2376 15.2187
6.39568 0 6.45757 30.4563 15.4262 15.0301
6.40565 0 6.46741 30.4563 15.626 14.8302
6.41563 0 6.47716 30.4587 15.8336 14.6251
6.42561 0 6.48683 30.4586 16.0481 14.4106
6.43559 0 6.4964 30.4586 16.2715 14.1871
6.44556 0 6.5059 30.4585 16.5031 13.9554
6.45554 0 6.51531 30.4585 16.7423 13.7162
6.46552 0 6.52465 30.4584 16.9884 13.4701
6.4755 0 6.53392 30.4584 17.2406 13.2178
6.48547 0 6.54312 30.4584 17.4985 12.9599
6.49545 0 6.55225 30.4583 17.7613 12.6971
6.50543 0 6.56133 30.4687 17.9752 12.4936
6.51541 0 6.57034 30.4687 18.135 12.3336
6.52539 0 6.57929 30.4686 18.2892 12.1794
6.53536 0 6.58819 30.4685 18.4367 12.0319
6.54534 0 6.59704 30.4685 18.5767 11.8918
6.55532 0 6.60584 30.4684 18.7082 11.7602
6.5653 0 6.61459 30.4684 18.8306 11.6378
6.57527 0 6.62329 30.4683 18.9429 11.5254
6.58525 0 6.63194 30.4683 19.0445 11.4238
6.59523 0 6.64055 30.4682 19.1345 11.3337
6.60521 0 6.64912 30.4682 19.2125 11.2557
6.61518 0 6.65764 30.4681 19.2776 11.1905
6.62516 0 6.66612 30.4681 19.3294 11.1386
6.63514 0 6.67457 30.468 19.3674 11.1006
6.64512 0 6.68297 30.468 19.3911 11.0769
6.65509 0 6.69133 30.468 19.4002 11.0678
6.66507 0 6.69966 30.468 19.3943 11.0737
6.67505 0 6.70794 30.4679 19.3732 11.0947
6.68503 0 6.71619 30.4679 19.3369 11.131
6.69501 0 6.72439 30.4679 19.2853 11.1827
6.70498 0 6.73256 30.4679 19.2184 11.2496
6.71496 0 6.74068 30.4679 19.1364 11.3315
6.72494 0 6.74877 30.4679 19.0396 11.4283
6.73492 0 6.75681 30.5492 18.8458 11.7034
6.74489 0 6.7648 30.5492 18.555 11.9943
6.75487 0 6.77275 30.5493 18.2498 12.2995
6.76485 0 6.78064 30.5493 17.9312 12.6181
6.77483 0 6.78848 30.5494 17.6005 12.949
6.7848 0 6.79627 30.5495 17.2588 13.2907
6.79478 0 6.804 30.5496 16.9076 13.642
6.80476 0 6.81166 30.5497 16.5486 14.0011
6.81474 0 6.81926 30.5498 16.1835 14.3664
6.82472 0 6.82679 30.5499 15.8142 14.7358
6.83469 0 6.83425 30.5501 15.4428 15.1073
6.84467 0 6.84163 30.5711 15.0361 15.535
6.85465 0 6.84894 30.5712 14.6 15.9713
6.86463 0 6.85615 30.5714 14.1741 16.3972
6.8746 0 6.86329 30.5715 13.7612 16.8103
6.88458 0 6.87033 30.5717 13.3637 17.208
6.89456 0 6.87727 30.5719 12.9842 17.5877
6.90454 0 6.88412 30.572 12.6253 17.9468
6.91451 0 6.89087 30.5722 12.2893 18.2828
6.92449 0 6.89752 30.5723 11.9788 18.5935
6.93447 0 6.90405 30.5724 11.6959 18.8765
6.94445 0 6.91049 30.5726 11.4428 19.1298
6.95442 0 6.91681 30.5727 11.2213 19.3514
6.9644 0 6.92302 30.5728 11.0331 19.5396
6.97438 0 6.92911 30.5728 10.8797 19.6931
6.98436 0 6.93509 30.5729 10.7623 19.8106
6.99434 0 6.94096 30.5949 10.6532 19.9417
7.00431 0 6.94672 30.5949 10.5525 20.0424
7.01429 0 6.95236 30.5949 10.4891 20.1058
7.02427 0 6.95788 30.5949 10.463 20.1319
7.03425 0 6.9633 30.5948 10.4737 20.1212
7.04422 0 6.9686 30.5948 10.5206 20.0742
7.0542 0 6.97378 30.5947 10.6028 19.9919
7.06418 0 6.97887 30.5946 10.7192 19.8754
7.07416 0 6.98384 30.5945 10.8684 19.7261
7.08413 0 6.98871 30.5944 11.0489 19.5456
7.09411 0 6.99348 30.5943 11.2587 19.3356
7.10409 0 6.99815 30.5942 11.4962 19.098
7.11407 0 7.00272 30.594 11.7591 18.8349
7.12404 0 7.00721 30.5939 12.0455 18.5484
7.13402 0 7.0116 30.5938 12.3531 18.2407
7.144 0 7.01591 30.5936 12.6797 17.9139
7.15398 0 7.02014 30.5935 13.0231 17.5704
7.16396 0 7.02429 30.5934 13.381 17.2124
7.17393 0 7.02838 30.5932 13.7512 16.842
7.18391 0 7.03239 30.979 13.6201 17.3588
7.19389 0 7.03633 30.9791 12.978 18.0011
7.20387 0 7.0402 30.9792 12.3288 18.6504
7.21384 0 7.04398 30.9794 11.6751 19.3043
7.22382 0 7.04767 30.9795 11.0199 19.9596
7.2338 0 7.05126 30.9797 10.3665 20.6132
7.24378 0 7.05476 30.98 9.71856 21.2614
7.25375 0 7.05814 30.9802 9.07989 21.9003
7.26373 0 7.06141 30.9805 8.45469 22.5258
7.27371 0 7.06456 30.9807 7.84735 23.1334
7.28369 0 7.06758 30.981 7.26246 23.7185
7.29366 0 7.07048 30.9813 6.70471 24.2766
7.30364 0 7.07323 30.9816 6.17886 24.8027
7.31362 0 7.07584 30.9819 5.68966 25.2922
7.3236 0 7.0783 30.9821 5.24175 25.7404
7.33358 0 7.08061 30.9824 4.83959 26.1428
7.34355 0 7.08276 30.9826 4.48737 26.4953
7.35353 0 7.08475 30.9828 4.18891 26.7939
7.36351 0 7.08658 30.983 3.94758 27.0354
7.37349 0 7.08824 30.9832 3.76624 27.2169
7.38346 0 7.08973 30.9833 3.64713 27.3361
7.39344 0 7.09106 30.9833 3.59184 27.3915
7.40342 0 7.09221 30.9833 3.60127 27.3821
7.4134 0 7.09319 30.9833 3.67557 27.3077
7.42337 0 7.094 30.9832 3.81416 27.169
7.43335 0 7.09464 30.9831 4.01573 26.9673
7.44333 0 7.09512 30.9829 4.27827 26.7046
7.45331 0 7.09543 30.9827 4.59907 26.3836
7.46328 0 7.09558 30.9825 4.97483 26.0076
7.47326 0 7.09557 30.9822 5.40172 25.5805
7.48324 0 7.09541 30.9819 5.87541 25.1065
7.49322 0 7.0951 30.9816 6.39121 24.5904
7.5032 0 7.09464 30.9813 6.94413 24.0372
7.51317 0 7.09405 30.981 7.52901 23.452
7.52315 0 7.09332 30.9806 8.14053 22.8401
7.53313 0 7.09247 30.9803 8.77339 22.2069
7.54311 0 7.0915 31.0028 9.32572 21.6771
7.55308 0 7.09041 31.0025 9.7934 21.2091
7.56306 0 7.08921 31.0023 10.2692 20.733
7.57304 0 7.0879 31.002 10.7489 20.2531
7.58302 0 7.0865 31.0018 11.2282 19.7736
7.59299 0 7.085 31.0016 11.7035 19.2981
7.60297 0 7.08341 31.0015 12.1714 18.8301
7.61295 0 7.08174 31.0013 12.6288 18.3726
7.62293 0 7.07999 31.0012 13.0729 17.9283
7.6329 0 7.07816 31.0011 13.5016 17.4995
7.64288 0 7.07627 31.001 13.9128 17.0882
7.65286 0 7.07431 31.001 14.305 16.696
7.66284 0 7.07229 30.8908 14.2525 16.6384
7.67282 0 7.0702 30.8909 13.7695 17.1214
7.68279 0 7.06806 30.8911 13.2949 17.5962
7.69277 0 7.06584 30.8912 12.8305 18.0607
7.70275 0 7.06355 30.8913 12.3782 18.5131
7.71273 0 7.06117 30.8914 11.94 18.9514
7.7227 0 7.05872 30.8915 11.5179 19.3736
7.73268 0 7.05618 30.8916 11.1138 19.7778
7.74266 0 7.05355 30.8918 10.7295 20.1623
7.75264 0 7.05082 30.8919 10.3668 20.5251
7.76261 0 7.048 30.892 10.0273 20.8646
7.77259 0 7.04507 30.8921 9.71278 21.1793
7.78257 0 7.04204 30.8921 9.42459 21.4675
7.79255 0 7.0389 30.8922 9.16408 21.7281
7.80253 0 7.03565 30.8923 8.93241 21.9599
7.8125 0 7.03229 30.8923 8.73059 22.1617
7.82248 0 7.02881 30.8924 8.55944 22.3329
7.83246 0 7.02522 30.8924 8.41959 22.4728
7.84244 0 7.0215 30.8924 8.31148 22.5809
7.85241 0 7.01767 30.8924 8.23537 22.657
7.86239 0 7.01371 30.8924 8.19128 22.7011
7.87237 0 7.00963 30.8924 8.17907 22.7133
7.88235 0 7.00543 30.8923 8.19839 22.694
7.89232 0 7.00111 30.8923 8.24871 22.6436
7.9023 0 6.99667 30.8922 8.32933 22.5629
7.91228 0 6.9921 30.8922 8.43937 22.4528
7.92226 0 6.98741 30.8957 8.57025 22.3254
7.93223 0 6.9826 30.8956 8.72074 22.1748
7.94221 0 6.97768 30.8955 8.89723 21.9983
7.95219 0 6.97263 30.8954 9.09834 21.7971
7.96217 0 6.96747 30.8953 9.3226 21.5727
7.97215 0 6.9622 30.8952 9.56848 21.3267
7.98212 0 6.95681 30.8951 9.83438 21.0607
7.9921 0 6.95131 30.895 10.1187 20.7764
8.00208 0 6.9457 30.8949 10.4196 20.4753
8.01206 0 6.93999 30.8948 10.7356 20.1592
8.02203 0 6.93418 30.8947 11.0649 19.8298
8.03201 0 6.92827 30.8946 11.4059 19.4887
8.04199 0 6.92226 30.8945 11.7569 19.1376
8.05197 0 6.91615 30.8944 12.1163 18.7781
8.06194 0 6.90996 30.8943 12.4825 18.4118
8.07192 0 6.90368 30.8942 12.854 18.0402
8.0819 0 6.89731 30.8942 13.2294 17.6647
8.09188 0 6.89086 30.8941 13.6073 17.2868
8.10185 0 6.88433 30.894 13.9864 16.9077
8.11183 0 6.87773 30.894 14.3654 16.5286
8.12181 0 6.87105 30.8939 14.7431 16.1507
8.13179 0 6.86431 30.8938 15.1187 15.7752
8.14177 0 6.8575 30.8938 15.4909 15.4029
8.15174 0 6.85062 30.8938 15.859 15.0347
8.16172 0 6.84369 30.8937 16.2221 14.6716
8.1717 0 6.8367 30.8937 16.5796 14.3141
8.18168 0 6.82965 30.8937 16.9307 13.9629
8.19165 0 6.82255 30.8936 17.275 13.6186
8.20163 0 6.8154 30.8936 17.6119 13.2817
8.21161 0 6.80821 30.8936 17.9411 12.9525
8.22159 0 6.80097 30.8936 18.2623 12.6313
8.23156 0 6.79369 30.8936 18.5752 12.3184
8.24154 0 6.78637 30.8936 18.8797 12.0139
8.25152 0 6.77901 30.8936 19.1757 11.7179
8.2615 0 6.77162 30.8936 19.4631 11.4305
8.27147 0 6.76419 30.8937 19.742 11.1516
8.28145 0 6.75673 30.8937 20.0125 10.8812
8.29143 0 6.74924 30.8937 20.2747 10.619
8.30141 0 6.74173 30.8937 20.5289 10.3648
8.31139 0 6.73418 30.8938 20.7752 10.1186
8.32136 0 6.72662 30.8938 21.014 9.87982
8.33134 0 6.71903 30.8938 21.2455 9.64832
8.34132 0 6.71141 30.8938 21.4701 9.42371
8.3513 0 6.70378 30.8939 21.6883 9.2056
8.36127 0 6.69613 30.9186 21.8471 9.07151
8.37125 0 6.68846 30.9186 21.9491 8.96953
8.38123 0 6.68077 30.9187 22.0492 8.86947
8.39121 0 6.67306 30.9187 22.1481 8.77066
8.40118 0 6.66534 30.9188 22.2463 8.67245
8.41116 0 6.6576 30.9475 22.3093 8.63824
8.42114 0 6.64985 30.9476 22.341 8.60659
8.43112 0 6.64208 31.0076 22.2753 8.73228
8.44109 0 6.63429 31.0168 22.1037 8.91315
8.45107 0 6.62648 31.0168 21.9306 9.08622
8.46105 0 6.61864 31.0168 21.7659 9.25089
8.47103 0 6.61079 31.0168 21.6098 9.40704
8.48101 0 6.60291 31.0168 21.4622 9.55461
8.49098 0 6.59501 31.0168 21.3232 9.69358
8.50096 0 6.58707 31.0168 21.1928 9.82397
8.51094 0 6.57911 31.0168 21.0709 9.94584
8.52092 0 6.57111 31.0168 20.9575 10.0593
8.53089 0 6.56309 31.1299 20.6895 10.4404
8.54087 0 6.55502 31.1299 20.2578 10.8722
8.55085 0 6.54692 31.13 19.8201 11.3099
8.56083 0 6.53877 31.13 19.3771 11.7529
8.5708 0 6.53057 31.1301 18.9297 12.2004
8.58078 0 6.52232 31.1301 18.4788 12.6513
8.59076 0 6.51401 31.1302 18.0254 13.1048
8.60074 0 6.50563 31.1302 17.5705 13.5597
8.61072 0 6.49718 31.1303 17.1153 14.015
8.62069 0 6.48865 31.1304 16.661 14.4694
8.63067 0 6.48005 31.1305 16.2087 14.9217
8.64065 0 6.47136 31.1305 15.7599 15.3706
8.65063 0 6.46257 31.1306 15.3158 15.8148
8.6606 0 6.45369 31.1307 14.8779 16.2528
8.67058 0 6.44471 31.1308 14.4475 16.6833
8.68056 0 6.43562 31.1309 14.0262 17.1047
8.69054 0 6.42642 31.131 13.6153 17.5157
8.70051 0 6.4171 31.1311 13.2163 17.9147
8.71049 0 6.40765 31.1311 12.8307 18.3004
8.72047 0 6.39808 31.1312 12.46 18.6713
8.73045 0 6.38837 31.1313 12.1054 19.0259
8.74042 0 6.37853 31.1314 11.7684 19.363
8.7504 0 6.36855 31.1315 11.4502 19.6812
8.76038 0 6.35841 31.1315 11.1521 19.9794
8.77036 0 6.34813 31.1316 10.8753 20.2563
8.78034 0 6.33769 31.1317 10.6207 20.5109
8.79031 0 6.32709 31.1317 10.3894 20.7423
8.80029 0 6.31633 31.1318 10.1823 20.9495
8.81027 0 6.30541 31.1318 9.99997 21.1318
8.82025 0 6.29431 31.1318 9.84317 21.2887
8.83022 0 6.28304 31.1319 9.71236 21.4195
8.8402 0 6.2716 31.1319 9.60794 21.5239
8.85018 0 6.25998 31.1319 9.53014 21.6017
8.86016 0 6.24818 31.1319 9.47909 21.6528
8.87013 0 6.23621 31.1319 9.45478 21.6771
8.88011 0 6.22405 31.1318 9.45708 21.6748
8.89009 0 6.2117 31.1318 9.48573 21.6461
8.90007 0 6.19918 31.1318 9.54037 21.5914
8.91004 0 6.18647 31.1318 9.6205 21.5113
8.92002 0 6.17358 31.1317 9.72555 21.4062
8.93 0 6.1605 31.1317 9.85483 21.2768
8.93998 0 6.14724 31.1316 10.0076 21.124
8.94996 0 6.1338 31.1316 10.1829 20.9486
8.95993 0 6.12018 31.1315 10.38 20.7515
8.96991 0 6.10638 31.1314 10.5977 20.5337
8.97989 0 6.09239 31.1314 10.8352 20.2962
8.98987 0 6.07824 31.1313 11.0912 20.0401
8.99984 0 6.06391 31.1312 11.3647 19.7665
9.00982 0 6.0494 31.1312 11.6546 19.4765
9.0198 0 6.03473 31.1311 11.9598 19.1713
9.02978 0 6.01989 31.131 12.279 18.852
9.03975 0 6.00488 31.1309 12.6111 18.5198
9.04973 0 5.98972 31.1309 12.955 18.1759
9.05971 0 5.9744 31.1308 13.3096 17.8212
9.06969 0 5.95892 31.1308 13.6737 17.4571
9.07966 0 5.94329 31.3033 13.8735 17.4298
9.08964 0 5.92751 31.3033 13.9187 17.3846
9.09962 0 5.91158 31.3033 13.9882 17.3152
9.1096 0 5.8955 31.3033 14.0816 17.2217
9.11958 0 5.87926 31.3033 14.1988 17.1044
9.12955 0 5.86287 31.3033 14.3395 16.9638
9.13953 0 5.84632 31.3032 14.5031 16.8002
9.14951 0 5.82962 31.3032 14.6891 16.6141
9.15949 0 5.81277 31.3032 14.897 16.4062
9.16946 0 5.79577 31.3031 15.126 16.1772
9.17944 0 5.77861 31.3031 15.3753 15.9277
9.18942 0 5.76131 31.303 15.6442 15.6588
9.1994 0 5.74386 31.3029 15.9318 15.3712
9.20937 0 5.72627 31.3029 16.237 15.0659
9.21935 0 5.70853 31.3028 16.5589 14.7439
9.22933 0 5.69066 31.3028 16.8965 14.4063
9.23931 0 5.67264 31.3027 17.2485 14.0542
9.24928 0 5.6545 31.3058 17.6107 13.6951
9.25926 0 5.63622 31.3057 17.9819 13.3238
9.26924 0 5.61781 31.3056 18.3641 12.9415
9.27922 0 5.59929 31.3056 18.7562 12.5494
9.2892 0 5.58064 31.3055 19.1569 12.1486
9.29917 0 5.56187 31.3054 19.5652 11.7402
9.30915 0 5.54299 31.3054 19.9799 11.3255
9.31913 0 5.52401 31.3053 20.3998 10.9055
9.32911 0 5.50492 31.3052 20.8238 10.4814
9.33908 0 5.48573 31.3052 21.2509 10.0543
9.34906 0 5.46644 31.3051 21.68 9.62507
9.35904 0 5.44707 31.2537 22.0426 9.21112
9.36902 0 5.42761 31.2537 22.3349 8.91872
9.37899 0 5.40806 31.2536 22.6238 8.62986
9.38897 0 5.38844 31.2536 22.9086 8.34499
9.39895 0 5.36874 31.2536 23.1891 8.06452
9.40893 0 5.34896 31.2536 23.4647 7.78883
9.4189 0 5.32912 31.2536 23.7353 7.51825
9.42888 0 5.3092 31.2535 24.0005 7.25306
9.43886 0 5.28922 31.2535 24.26 6.99352
9.44884 0 5.26918 31.2535 24.5137 6.73982
9.45882 0 5.24908 31.2535 24.7614 6.49214
9.46879 0 5.22892 31.2535 25.0029 6.25061
9.47877 0 5.20871 31.2535 25.2382 6.01532
9.48875 0 5.18845 31.2535 25.4672 5.78632
9.49873 0 5.16813 31.2918 25.6464 5.64541
9.5087 0 5.14777 31.2918 25.775 5.51682
9.51868 0 5.12736 31.2918 25.8964 5.39545
9.52866 0 5.10691 31.2918 26.0107 5.28112
9.53864 0 5.08642 31.2919 26.1183 5.17359
9.54861 0 5.06589 31.2919 26.2193 5.0726
9.55859 0 5.04531 31.2919 26.314 4.97788
9.56857 0 5.0247 31.2919 26.4028 4.88912
9.57855 0 5.00405 31.292 26.486 4.806
9.58853 0 4.98336 31.292 26.5638 4.72816
9.5985 0 4.96264 31.292 26.6368 4.65526
9.60848 0 4.94189 31.292 26.7051 4.58691
9.61846 0 4.9211 31.2921 26.7693 4.52275
9.62844 0 4.90028 31.2921 26.8297 4.46236
9.63841 0 4.87942 31.2921 26.8868 4.40536
9.64839 0 4.85854 31.2922 26.9408 4.35133
9.65837 0 4.83763 31.2897 26.9749 4.3148
9.66835 0 4.81668 31.2898 26.9917 4.29808
9.67832 0 4.79571 31.2898 27.0104 4.27941
9.6883 0 4.7747 31.2898 27.0312 4.25857
9.69828 0 4.75367 31.2898 27.0545 4.23532
9.70826 0 4.73261 31.2898 27.0804 4.20944
9.71823 0 4.71151 31.2898 27.1091 4.18072
9.72821 0 4.69039 31.2898 27.1409 4.14895
9.73819 0 4.66924 31.2899 27.1759 4.11394
9.74817 0 4.64806 31.2899 27.2143 4.07553
9.75815 0 4.62684 31.2899 27.2563 4.03353
9.76812 0 4.60561 31.2816 27.2854 3.99614
9.7781 0 4.58434 31.2816 27.3027 3.97886
9.78808 0 4.56304 31.2816 27.3258 3.95578
9.79806 0 4.54172 31.2816 27.3547 3.92687
9.80803 0 4.52036 31.2816 27.3895 3.8921
9.81801 0 4.49898 31.2816 27.4301 3.85145
9.82799 0 4.47758 31.2816 27.4766 3.80494
9.83797 0 4.45614 31.2816 27.529 3.75259
9.84794 0 4.43468 31.2816 27.5871 3.69445
9.85792 0 4.41319 31.2816 27.651 3.63059
9.8679 0 4.39167 31.2815 27.7205 3.56107
9.87788 0 4.37013 31.2815 27.7955 3.48602
9.88785 0 4.34857 31.2815 27.876 3.40553
9.89783 0 4.32698 31.2815 27.9618 3.31975
9.90781 0 4.30537 31.2815 28.0527 3.22883
9.91779 0 4.28374 31.2815 28.1486 3.13293
9.92777 0 4.26208 31.2815 28.2493 3.03223
9.93774 0 4.24041 31.2815 28.3545 2.92693
9.94772 0 4.21872 31.2815 28.4642 2.81721
9.9577 0 4.19701 31.2845 28.5733 2.71113
9.96768 0 4.1753 31.2844 28.6818 2.60267
9.97765 0 4.15358 31.2844 28.7943 2.49013
