0.00997765 0 4.62211e-05 31.3914 37.0797 -5.68826
0.0199553 0 0.000184811 31.3914 37.0488 -5.65743
0.029933 0 0.000415649 31.3914 37.0153 -5.62387
0.0399106 0 0.000738602 31.3914 36.9789 -5.58749
0.0498883 0 0.00115352 31.3914 36.9396 -5.5482
0.0598659 0 0.00166024 31.3914 36.8973 -5.50589
0.0698436 0 0.00225858 31.3914 36.8518 -5.46048
0.0798212 0 0.00294835 31.3914 36.8032 -5.41186
0.0897989 0 0.00372933 31.3913 36.7513 -5.35993
0.0997765 0 0.0046013 31.3913 36.6959 -5.3046
0.109754 0 0.005564 31.3913 36.6371 -5.24576
0.119732 0 0.00661717 31.3913 36.5746 -5.1833
0.129709 0 0.00776052 31.3913 36.5084 -5.11713
0.139687 0 0.00899374 31.3913 36.4384 -5.04714
0.149665 0 0.0103165 31.3913 36.3645 -4.97321
0.159642 0 0.0117285 31.3913 36.2865 -4.89526
0.16962 0 0.0132292 31.3913 36.2044 -4.81316
0.179598 0 0.0148184 31.3913 36.1181 -4.72681
0.189575 0 0.0164957 31.3913 36.0274 -4.63612
0.199553 0 0.0182604 31.3912 35.9322 -4.54096
0.209531 0 0.0201123 31.3912 35.8325 -4.44124
0.219508 0 0.0220507 31.3912 35.7281 -4.33686
0.229486 0 0.0240752 31.3912 35.6189 -4.22771
0.239464 0 0.0261852 31.3912 35.5049 -4.11369
0.249441 0 0.0283801 31.3912 35.3859 -3.99471
0.259419 0 0.0306594 31.3912 35.2619 -3.87066
0.269397 0 0.0330224 31.3912 35.1326 -3.74146
0.279374 0 0.0354683 31.3912 34.9982 -3.60702
0.289352 0 0.0379966 31.3912 34.8584 -3.46726
0.29933 0 0.0406064 31.3912 34.7132 -3.32209
0.309307 0 0.0432971 31.3912 34.5626 -3.17144
0.319285 0 0.0460677 31.3911 34.4064 -3.01524
0.329263 0 0.0489176 31.3911 34.2446 -2.85343
0.33924 0 0.0518457 31.3911 34.0771 -2.68595
0.349218 0 0.0548513 31.3911 33.9039 -2.51275
0.359196 0 0.0579333 31.3911 33.7249 -2.33379
0.369173 0 0.0610908 31.3911 33.5402 -2.14904
0.379151 0 0.0643228 31.3911 33.3496 -1.95848
0.389128 0 0.0676283 31.3911 33.1532 -1.7621
0.399106 0 0.0710061 31.3911 32.951 -1.55988
0.409084 0 0.0744552 31.3911 32.743 -1.35185
0.419061 0 0.0779744 31.3911 32.5291 -1.13803
0.429039 0 0.0815625 31.3911 32.3096 -0.918448
0.439017 0 0.0852183 31.3911 32.0843 -0.693156
0.448994 0 0.0889405 31.3911 31.8533 -0.462218
0.458972 0 0.0927279 31.3911 31.6168 -0.225711
0.46895 0 0.0965791 31.3911 31.3748 0.0162685
0.478927 0 0.100493 31.3911 31.1275 0.263612
0.488905 0 0.104467 31.3911 30.8749 0.516191
0.498883 0 0.108502 31.3911 30.6173 0.773861
0.50886 0 0.112594 31.3911 30.3547 1.03646
0.518838 0 0.116743 31.3912 30.0873 1.30381
0.528816 0 0.120948 31.3912 29.8155 1.5757
0.538793 0 0.125206 31.3911 29.539 1.85212
0.548771 0 0.129516 31.3911 29.2582 2.13295
0.558749 0 0.133876 31.3912 28.9735 2.41764
0.568726 0 0.138286 31.3912 28.6852 2.70593
0.578704 0 0.142742 31.3912 28.3937 2.99751
0.588682 0 0.147244 31.3912 28.0991 3.29209
0.598659 0 0.15179 31.3912 27.8019 3.58934
0.608637 0 0.156378 31.3913 27.5023 3.88891
0.618615 0 0.161007 31.3913 27.2008 4.19046
0.628592 0 0.165674 31.3913 26.8977 4.4936
0.63857 0 0.170379 31.3913 26.5934 4.79796
0.648547 0 0.175119 31.3913 26.2882 5.10313
0.658525 0 0.179892 31.3914 25.9827 5.40871
0.668503 0 0.184698 31.3914 25.6771 5.71427
0.67848 0 0.189534 31.3914 25.372 6.01939
0.688458 0 0.194398 31.3915 25.0678 6.32363
0.698436 0 0.199289 31.3915 24.7649 6.62656
0.708413 0 0.204205 31.3915 24.4638 6.92774
0.718391 0 0.209145 31.3915 24.1648 7.22672
0.728369 0 0.214107 31.3916 23.8685 7.52307
0.738346 0 0.219089 31.3916 23.5752 7.81635
0.748324 0 0.22409 31.3916 23.2855 8.10614
0.758302 0 0.229108 31.3916 22.9996 8.39202
0.768279 0 0.234141 31.3917 22.7181 8.67358
0.778257 0 0.239189 31.3917 22.4413 8.95042
0.788235 0 0.244249 31.3917 22.1695 9.22218
0.798212 0 0.249321 31.3917 21.9033 9.48847
0.80819 0 0.254403 31.3918 21.6428 9.74898
0.818168 0 0.259493 31.3918 21.3884 10.0034
0.828145 0 0.264591 31.3918 21.1405 10.2513
0.838123 0 0.269695 31.3918 20.8992 10.4926
0.848101 0 0.274804 31.3918 20.6648 10.727
0.858078 0 0.279917 31.3918 20.4376 10.9542
0.868056 0 0.285033 31.3919 20.2178 11.1741
0.878034 0 0.29015 31.3919 20.0054 11.3865
0.888011 0 0.295268 31.3919 19.8007 11.5912
0.897989 0 0.300386 31.3919 19.6037 11.7881
0.907966 0 0.305504 31.3919 19.4146 11.9773
0.917944 0 0.310619 31.3919 19.2333 12.1586
0.927922 0 0.315732 31.3919 19.0599 12.3319
0.937899 0 0.320842 31.3919 18.8945 12.4974
0.947877 0 0.325947 31.3919 18.7369 12.655
0.957855 0 0.331049 31.3919 18.5871 12.8048
0.967832 0 0.336145 31.3919 18.445 12.9468
0.97781 0 0.341236 31.3919 18.3106 13.0812
0.987788 0 0.346321 31.3918 18.1838 13.208
0.997765 0 0.351399 31.3918 18.0644 13.3275
1.00774 0 0.356471 31.3918 17.9522 13.4396
1.01772 0 0.361536 31.3918 17.8472 13.5446
1.0277 0 0.366593 31.3918 17.7492 13.6426
1.03768 0 0.371643 31.3918 17.6579 13.7339
1.04765 0 0.376685 31.3918 17.5733 13.8185
1.05763 0 0.381719 31.3918 17.4951 13.8967
1.06761 0 0.386745 31.2814 17.2775 14.0039
1.07759 0 0.391762 31.2815 16.9202 14.3613
1.08756 0 0.396769 31.2816 16.5674 14.7141
1.09754 0 0.401763 31.2816 16.2201 15.0615
1.10752 0 0.406744 31.2817 15.8792 15.4025
1.1175 0 0.411709 31.2817 15.5456 15.7361
1.12747 0 0.416656 31.2818 15.2203 16.0615
1.13745 0 0.421585 31.2818 14.9043 16.3775
1.14743 0 0.426493 31.2819 14.5986 16.6833
1.15741 0 0.43138 31.282 14.3042 16.9778
1.16739 0 0.436243 31.282 14.0221 17.26
1.17736 0 0.441082 31.2821 13.7531 17.5289
1.18734 0 0.445896 31.2821 13.4984 17.7837
1.19732 0 0.450682 31.2822 13.2588 18.0234
1.2073 0 0.455441 31.2823 13.0352 18.2471
1.21727 0 0.460171 31.2823 12.8284 18.4539
1.22725 0 0.464872 31.2824 12.6392 18.6432
1.23723 0 0.469543 31.2824 12.4684 18.814
1.24721 0 0.474183 31.2824 12.3166 18.9659
1.25718 0 0.478791 31.2825 12.1844 19.0981
1.26716 0 0.483369 31.2825 12.0723 19.2102
1.27714 0 0.487915 31.2825 11.9808 19.3017
1.28712 0 0.492429 31.2825 11.9102 19.3723
1.29709 0 0.496911 31.2825 11.8608 19.4217
1.30707 0 0.501362 31.2825 11.8327 19.4498
1.31705 0 0.505781 31.2825 11.826 19.4566
1.32703 0 0.51017 31.2825 11.8406 19.4419
1.33701 0 0.514529 31.2825 11.8765 19.406
1.34698 0 0.518858 31.2825 11.9334 19.3491
1.35696 0 0.523158 31.2825 12.011 19.2714
1.36694 0 0.527431 31.2824 12.1089 19.1735
1.37692 0 0.531677 31.2824 12.2267 19.0557
1.38689 0 0.535897 31.2824 12.3637 18.9187
1.39687 0 0.540092 31.2823 12.5193 18.763
1.40685 0 0.544264 31.2823 12.6929 18.5894
1.41683 0 0.548415 31.2822 12.8836 18.3987
1.4268 0 0.552546 31.2822 13.0906 18.1915
1.43678 0 0.556657 31.2821 13.3132 17.9689
1.44676 0 0.560752 31.2821 13.5503 17.7317
1.45674 0 0.564831 31.282 13.8011 17.4809
1.46672 0 0.568897 31.2819 14.0647 17.2173
1.47669 0 0.572951 31.2819 14.34 16.9419
1.48667 0 0.576995 31.2818 14.6261 16.6557
1.49665 0 0.581031 31.2818 14.9221 16.3597
1.50663 0 0.585061 31.2817 15.2269 16.0548
1.5166 0 0.589087 31.2817 15.5397 15.7419
1.52658 0 0.59311 31.3618 15.6619 15.6999
1.53656 0 0.597133 31.3619 15.5899 15.772
1.54654 0 0.601154 31.3619 15.5208 15.8411
1.55651 0 0.605173 31.362 15.4555 15.9065
1.56649 0 0.609191 31.362 15.3944 15.9676
1.57647 0 0.613208 31.362 15.3385 16.0236
1.58645 0 0.617224 31.3621 15.2883 16.0738
1.59642 0 0.621239 31.3621 15.2447 16.1174
1.6064 0 0.625253 31.3622 15.2084 16.1538
1.61638 0 0.629266 31.3622 15.18 16.1822
1.62636 0 0.633278 31.3623 15.1604 16.2019
1.63634 0 0.63729 31.3623 15.1501 16.2122
1.64631 0 0.641302 31.3624 15.15 16.2124
1.65629 0 0.645315 31.3624 15.1605 16.2019
1.66627 0 0.649328 31.3624 15.1824 16.1801
1.67625 0 0.653342 31.3735 15.1247 16.2489
1.68622 0 0.657358 31.3736 14.9871 16.3865
1.6962 0 0.661374 31.3736 14.8597 16.5139
1.70618 0 0.66539 31.3737 14.7432 16.6304
1.71616 0 0.669405 31.3737 14.6383 16.7354
1.72613 0 0.67342 31.3737 14.5455 16.8282
1.73611 0 0.677433 31.3738 14.4655 16.9083
1.74609 0 0.681445 31.3738 14.3988 16.975
1.75607 0 0.685455 31.3738 14.3458 17.028
1.76604 0 0.689463 31.3738 14.3072 17.0667
1.77602 0 0.693469 31.3739 14.2831 17.0907
1.786 0 0.697473 31.3739 14.2741 17.0998
1.79598 0 0.701474 31.3739 14.2804 17.0935
1.80596 0 0.705474 31.3739 14.3022 17.0717
1.81593 0 0.709472 31.3739 14.3397 17.0343
1.82591 0 0.713468 31.3739 14.393 16.9809
1.83589 0 0.717464 31.3739 14.4623 16.9117
1.84587 0 0.721458 31.3739 14.5474 16.8265
1.85584 0 0.725452 31.3739 14.6485 16.7254
1.86582 0 0.729446 31.3739 14.7654 16.6085
1.8758 0 0.733442 31.3739 14.898 16.4759
1.88578 0 0.737439 31.3739 15.046 16.3279
1.89575 0 0.741438 31.3739 15.2093 16.1646
1.90573 0 0.745441 31.3738 15.3876 15.9863
1.91571 0 0.749448 31.3738 15.5805 15.7934
1.92569 0 0.75346 31.3665 15.7365 15.6301
1.93566 0 0.757479 31.3665 15.8548 15.5117
1.94564 0 0.761505 31.3664 15.9856 15.3808
1.95562 0 0.765538 31.3664 16.1282 15.2382
1.9656 0 0.76958 31.3423 16.2553 15.0869
1.97558 0 0.773632 31.3422 16.3656 14.9766
1.98555 0 0.777695 31.3422 16.4843 14.8579
1.99553 0 0.781768 31.3421 16.6105 14.7316
2.00551 0 0.785854 31.3421 16.7435 14.5986
2.01549 0 0.789954 31.342 16.8824 14.4596
2.02546 0 0.794067 31.342 17.0265 14.3155
2.03544 0 0.798197 31.3419 17.1748 14.1672
2.04542 0 0.802342 31.3419 17.3265 14.0153
2.0554 0 0.806505 31.3418 17.481 13.8608
2.06537 0 0.810686 31.3418 17.6374 13.7044
2.07535 0 0.814888 31.3418 17.795 13.5468
2.08533 0 0.81911 31.3417 17.953 13.3887
2.09531 0 0.823354 31.3417 18.1107 13.231
2.10528 0 0.827621 31.3416 18.2674 13.0742
2.11526 0 0.831912 31.274 18.3097 12.9643
2.12524 0 0.836227 31.2315 18.1019 13.1296
2.13522 0 0.840568 31.2315 17.7614 13.4702
2.1452 0 0.844932 31.2316 17.4261 13.8055
2.15517 0 0.849318 31.2316 17.0967 14.1349
2.16515 0 0.853724 31.2316 16.7736 14.458
2.17513 0 0.858151 31.2317 16.4575 14.7742
2.18511 0 0.862596 31.2317 16.1488 15.0829
2.19508 0 0.867059 31.2317 15.8481 15.3837
2.20506 0 0.871538 31.2317 15.5557 15.6761
2.21504 0 0.876033 31.2318 15.2721 15.9597
2.22502 0 0.880542 31.2318 14.9976 16.2341
2.23499 0 0.885066 31.2318 14.7327 16.4991
2.24497 0 0.889603 31.2318 14.4775 16.7543
2.25495 0 0.894152 31.2318 14.2323 16.9995
2.26493 0 0.898714 31.2318 13.9973 17.2345
2.27491 0 0.903286 31.2318 13.7726 17.4592
2.28488 0 0.90787 31.2318 13.5582 17.6736
2.29486 0 0.912464 31.2318 13.3543 17.8775
2.30484 0 0.917068 31.2318 13.1607 18.0711
2.31482 0 0.921682 31.2318 12.9774 18.2544
2.32479 0 0.926305 31.2318 12.8042 18.4276
2.33477 0 0.930938 31.2317 12.6409 18.5909
2.34475 0 0.93558 31.2317 12.4873 18.7444
2.35473 0 0.940232 31.2317 12.3432 18.8885
2.3647 0 0.944892 31.2288 12.2018 19.027
2.37468 0 0.949562 31.2288 12.0632 19.1656
2.38466 0 0.954242 31.2288 11.9335 19.2953
2.39464 0 0.958931 31.2287 11.8123 19.4164
2.40461 0 0.963629 31.2287 11.6993 19.5294
2.41459 0 0.968337 31.2287 11.5939 19.6348
2.42457 0 0.973055 31.2286 11.4957 19.7329
2.43455 0 0.977784 31.2286 11.4043 19.8243
2.44453 0 0.982523 31.2286 11.3192 19.9094
2.4545 0 0.987273 31.2285 11.24 19.9886
2.46448 0 0.992034 31.2285 11.1663 20.0622
2.47446 0 0.996807 31.2285 11.0979 20.1306
2.48444 0 1.00159 31.3638 10.9 20.4638
2.49441 0 1.00639 31.3639 10.5743 20.7895
2.50439 0 1.01119 31.3639 10.2575 21.1065
2.51437 0 1.01601 31.364 9.95058 21.4134
2.52435 0 1.02083 31.3641 9.65487 21.7092
2.53432 0 1.02567 31.3641 9.37159 21.9926
2.5443 0 1.03051 31.3642 9.10198 22.2622
2.55428 0 1.03535 31.3643 8.84731 22.517
2.56426 0 1.0402 31.3644 8.60882 22.7555
2.57423 0 1.04506 31.3644 8.38775 22.9767
2.58421 0 1.04992 31.3645 8.18531 23.1792
2.59419 0 1.05478 31.3646 8.00266 23.3619
2.60417 0 1.05965 31.3647 7.84092 23.5237
2.61415 0 1.06452 31.3647 7.70116 23.6636
2.62412 0 1.0694 31.3648 7.58437 23.7804
2.6341 0 1.07427 31.3648 7.49144 23.8734
2.64408 0 1.07916 31.3649 7.4232 23.9417
2.65406 0 1.08404 31.3649 7.38035 23.9846
2.66403 0 1.08894 31.3649 7.36349 24.0014
2.67401 0 1.09383 31.365 7.37312 23.9918
2.68399 0 1.09873 31.365 7.40957 23.9554
2.69397 0 1.10364 31.365 7.47308 23.8919
2.70394 0 1.10856 31.365 7.56374 23.8012
2.71392 0 1.11348 31.365 7.68149 23.6835
2.7239 0 1.11841 31.3649 7.82616 23.5388
2.73388 0 1.12336 31.3649 7.99742 23.3675
2.74385 0 1.12831 31.3649 8.19482 23.1701
2.75383 0 1.13328 31.3648 8.41776 22.9471
2.76381 0 1.13826 31.3648 8.66555 22.6992
2.77379 0 1.14326 31.3647 8.93734 22.4274
2.78377 0 1.14828 31.3647 9.23222 22.1324
2.79374 0 1.15331 31.3646 9.54914 21.8154
2.80372 0 1.15837 31.3645 9.88698 21.4775
2.8137 0 1.16345 31.3644 10.2445 21.1199
2.82368 0 1.16855 31.3644 10.6205 20.7438
2.83365 0 1.17369 31.3643 11.0137 20.3506
2.84363 0 1.17885 31.3362 11.3017 20.0345
2.85361 0 1.18404 31.3361 11.4818 19.8543
2.86359 0 1.18926 31.3361 11.6748 19.6613
2.87356 0 1.19452 31.3361 11.8803 19.4558
2.88354 0 1.19981 31.3361 12.0978 19.2383
2.89352 0 1.20514 31.336 12.3268 19.0092
2.9035 0 1.2105 31.336 12.567 18.769
2.91347 0 1.2159 31.336 12.8179 18.5181
2.92345 0 1.22134 31.336 13.0791 18.2568
2.93343 0 1.22682 31.3359 13.3503 17.9856
2.94341 0 1.23233 31.3359 13.631 17.7049
2.95339 0 1.2379 31.3359 13.9208 17.4151
2.96336 0 1.2435 31.3359 14.2194 17.1165
2.97334 0 1.24916 31.3359 14.5263 16.8095
2.98332 0 1.25485 31.3358 14.8412 16.4946
2.9933 0 1.2606 31.3358 15.1637 16.1721
3.00327 0 1.2664 31.3358 15.4934 15.8424
3.01325 0 1.27224 31.3358 15.8299 15.5059
3.02323 0 1.27814 31.3357 16.1728 15.1629
3.03321 0 1.28409 31.3357 16.5218 14.8139
3.04318 0 1.2901 31.3357 16.8764 14.4593
3.05316 0 1.29617 31.3357 17.2363 14.0994
3.06314 0 1.30229 31.3357 17.6011 13.7346
3.07312 0 1.30847 31.3356 17.9703 13.3654
3.08309 0 1.31471 31.3356 18.3435 12.9921
3.09307 0 1.32102 31.3356 18.7203 12.6153
3.10305 0 1.32739 31.3356 19.1003 12.2353
3.11303 0 1.33382 31.3355 19.4831 11.8525
3.12301 0 1.34032 31.3355 19.8682 11.4673
3.13298 0 1.34689 31.3355 20.2552 11.0803
3.14296 0 1.35353 31.3355 20.6437 10.6918
3.15294 0 1.36024 31.3354 21.0332 10.3023
3.16292 0 1.36702 31.3354 21.4232 9.91218
3.17289 0 1.37388 31.3354 21.8135 9.52192
3.18287 0 1.38081 31.3354 22.2034 9.13195
3.19285 0 1.38781 31.3353 22.5927 8.74269
3.20283 0 1.3949 31.3353 22.9808 8.35455
3.2128 0 1.40206 31.405 23.2699 8.1351
3.22278 0 1.4093 31.4192 23.3465 8.07272
3.23276 0 1.41662 31.4192 23.3101 8.10911
3.24274 0 1.42403 31.4192 23.2728 8.14643
3.25272 0 1.43151 31.4192 23.2343 8.18486
3.26269 0 1.43908 31.4192 23.1946 8.22457
3.27267 0 1.44673 31.4192 23.1535 8.26567
3.28265 0 1.45447 31.4192 23.1109 8.30827
3.29263 0 1.46229 31.4192 23.0667 8.35243
3.3026 0 1.47019 31.4192 23.021 8.39815
3.31258 0 1.47818 31.4192 22.9737 8.44542
3.32256 0 1.48626 31.4192 22.925 8.49419
3.33254 0 1.49442 31.4192 22.8748 8.54436
3.34251 0 1.50267 31.4192 22.8234 8.59578
3.35249 0 1.51101 31.4133 22.7537 8.65956
3.36247 0 1.51943 31.3863 22.5971 8.7892
3.37245 0 1.52795 31.3863 22.3732 9.01317
3.38242 0 1.53655 31.3864 22.1532 9.23313
3.3924 0 1.54524 31.3864 21.9377 9.44867
3.40238 0 1.55403 31.3864 21.727 9.65938
3.41236 0 1.5629 31.3864 21.5216 9.86485
3.42234 0 1.57187 31.3869 21.3198 10.0671
3.43231 0 1.58093 31.3869 21.1222 10.2647
3.44229 0 1.59008 31.387 20.9315 10.4555
3.45227 0 1.59932 31.387 20.7479 10.6391
3.46225 0 1.60865 31.387 20.5719 10.8151
3.47222 0 1.61808 31.3871 20.4041 10.983
3.4822 0 1.62761 31.3871 20.2447 11.1424
3.49218 0 1.63722 31.3871 20.0942 11.2929
3.50216 0 1.64694 31.3871 19.953 11.4341
3.51213 0 1.65675 31.3872 19.8215 11.5656
3.52211 0 1.66665 31.3872 19.7002 11.687
3.53209 0 1.67666 31.3872 19.5892 11.798
3.54207 0 1.68676 31.3872 19.4891 11.8981
3.55204 0 1.69697 31.3872 19.4002 11.9871
3.56202 0 1.70727 31.3873 19.3227 12.0646
3.572 0 1.71767 31.3873 19.257 12.1303
3.58198 0 1.72818 31.3873 19.2033 12.184
3.59196 0 1.73879 31.3873 19.1619 12.2254
3.60193 0 1.7495 31.3873 19.1329 12.2544
3.61191 0 1.76032 31.3873 19.1166 12.2707
3.62189 0 1.77124 31.3873 19.1131 12.2742
3.63187 0 1.78227 31.3873 19.1225 12.2648
3.64184 0 1.79341 31.3873 19.1449 12.2425
3.65182 0 1.80466 31.3873 19.1803 12.207
3.6618 0 1.81602 31.3873 19.2287 12.1586
3.67178 0 1.82748 31.3873 19.2901 12.0972
3.68175 0 1.83906 31.3873 19.3644 12.0229
3.69173 0 1.85076 31.3873 19.4515 11.9358
3.70171 0 1.86256 31.3873 19.5513 11.836
3.71169 0 1.87448 31.3873 19.6634 11.7239
3.72166 0 1.88652 31.3873 19.7878 11.5995
3.73164 0 1.89868 31.3872 19.9241 11.4631
3.74162 0 1.91095 31.3872 20.072 11.3152
3.7516 0 1.92334 31.3872 20.2313 11.1559
3.76158 0 1.93586 31.3872 20.4014 10.9857
3.77155 0 1.94849 31.3871 20.5821 10.805
3.78153 0 1.96125 31.389 20.7705 10.6185
3.79151 0 1.97413 31.389 20.966 10.423
3.80149 0 1.98713 31.3889 21.1708 10.2182
3.81146 0 2.00026 31.3889 21.3843 10.0046
3.82144 0 2.01352 31.3889 21.6059 9.78294
3.83142 0 2.0269 31.3888 21.8353 9.55356
3.8414 0 2.04041 31.3888 22.0717 9.31706
3.85137 0 2.05405 31.3888 22.3148 9.07399
3.86135 0 2.06782 31.3887 22.5638 8.8249
3.87133 0 2.08172 31.3887 22.8183 8.57037
3.88131 0 2.09575 31.3887 23.0777 8.31096
3.89128 0 2.10991 31.3886 23.3414 8.04722
3.90126 0 2.1242 31.3886 23.6089 7.77971
3.91124 0 2.13862 31.3885 23.8796 7.50898
3.92122 0 2.15318 31.3885 24.1529 7.23558
3.9312 0 2.16787 31.3885 24.4285 6.96001
3.94117 0 2.1827 31.3885 24.7056 6.68281
3.95115 0 2.19766 31.3884 24.984 6.40447
3.96113 0 2.21276 31.3886 25.2621 6.12651
3.97111 0 2.22799 31.3886 25.5396 5.84898
3.98108 0 2.24335 31.3886 25.8169 5.5717
3.99106 0 2.25885 31.3885 26.0935 5.29509
4.00104 0 2.27449 31.3885 26.369 5.01955
4.01102 0 2.29027 31.3885 26.643 4.74547
4.02099 0 2.30618 31.3885 26.9153 4.47319
4.03097 0 2.32223 31.3885 27.1854 4.20304
4.04095 0 2.33841 31.3884 27.4531 3.93534
4.05093 0 2.35473 31.3884 27.7181 3.67038
4.0609 0 2.37119 31.3884 27.98 3.40843
4.07088 0 2.38778 31.3884 28.2387 3.14972
4.08086 0 2.40451 31.3884 28.4939 2.8945
4.09084 0 2.42137 31.3884 28.7454 2.64295
4.10082 0 2.43837 31.3884 28.9931 2.39527
4.11079 0 2.45551 31.3884 29.2368 2.15163
4.12077 0 2.47278 31.3884 29.4762 1.91216
4.13075 0 2.49019 31.3884 29.7114 1.677
4.14073 0 2.50774 31.3884 29.9421 1.44626
4.1507 0 2.52541 31.3884 30.1683 1.22004
4.16068 0 2.54323 31.3884 30.3899 0.998423
4.17066 0 2.56117 31.3884 30.6069 0.781471
4.18064 0 2.57925 31.3884 30.8191 0.56924
4.19061 0 2.59747 31.3884 31.0266 0.361771
4.20059 0 2.61581 31.3884 31.2293 0.159094
4.21057 0 2.63429 31.3884 31.4271 -0.0387725
4.22055 0 2.6529 31.3884 31.6202 -0.231821
4.23053 0 2.67164 31.3884 31.8084 -0.420052
4.2405 0 2.69051 31.3884 31.9919 -0.603475
4.25048 0 2.70952 31.3884 32.1705 -0.782108
4.26046 0 2.72865 31.3884 32.3444 -0.955975
4.27044 0 2.74791 31.3884 32.5135 -1.12511
4.28041 0 2.7673 31.3884 32.6779 -1.28954
4.29039 0 2.78682 31.3884 32.8377 -1.44932
4.30037 0 2.80646 31.389 32.9922 -1.6032
4.31035 0 2.82623 31.389 33.1414 -1.75239
4.32032 0 2.84613 31.389 33.2861 -1.89707
4.3303 0 2.86615 31.389 33.4263 -2.03728
4.34028 0 2.8863 31.389 33.5621 -2.17309
4.35026 0 2.90658 31.389 33.6936 -2.30456
4.36023 0 2.92697 31.389 33.8208 -2.43175
4.37021 0 2.94749 31.389 33.9438 -2.55472
4.38019 0 2.96813 31.3891 34.0626 -2.67354
4.39017 0 2.98889 31.3891 34.1773 -2.78828
4.40015 0 3.00978 31.3891 34.2881 -2.89901
4.41012 0 3.03078 31.3891 34.3949 -3.0058
4.4201 0 3.0519 31.3891 34.4978 -3.10871
4.43008 0 3.07314 31.3891 34.5969 -3.20783
4.44006 0 3.0945 31.3892 34.6906 -3.3014
4.45003 0 3.11598 31.3892 34.7789 -3.38973
4.46001 0 3.13757 31.3892 34.8636 -3.47442
4.46999 0 3.15928 31.3892 34.9448 -3.55555
4.47997 0 3.18111 31.3892 35.0224 -3.63319
4.48994 0 3.20304 31.3783 35.0747 -3.69646
4.49992 0 3.22508 31.3783 35.1023 -3.72401
4.5099 0 3.24722 31.3783 35.1276 -3.74934
4.51988 0 3.26946 31.3783 35.1507 -3.77246
4.52985 0 3.2918 31.3783 35.1717 -3.7934
4.53983 0 3.31423 31.3841 35.1717 -3.7876
4.54981 0 3.33674 31.3841 35.1509 -3.76687
4.55979 0 3.35934 31.384 35.1285 -3.74442
4.56977 0 3.38203 31.384 35.1043 -3.72022
4.57974 0 3.40479 31.384 35.0783 -3.69425
4.58972 0 3.42763 31.384 35.0505 -3.66647
4.5997 0 3.45055 31.384 35.0209 -3.63686
4.60968 0 3.47355 31.384 34.9894 -3.60541
4.61965 0 3.49662 31.384 34.9561 -3.57209
4.62963 0 3.51977 31.384 34.9209 -3.53691
4.63961 0 3.54299 31.384 34.8839 -3.49984
4.64959 0 3.56629 31.384 34.8449 -3.46089
4.65956 0 3.58966 31.384 34.8041 -3.42005
4.66954 0 3.6131 31.384 34.7614 -3.37733
4.67952 0 3.63661 31.384 34.7168 -3.33272
4.6895 0 3.66018 31.384 34.6703 -3.28625
4.69947 0 3.68382 31.384 34.622 -3.23793
4.70945 0 3.70753 31.384 34.5718 -3.18777
4.71943 0 3.7313 31.384 34.5198 -3.13579
4.72941 0 3.75514 31.384 34.4661 -3.08203
4.73939 0 3.77904 31.384 34.4106 -3.02651
4.74936 0 3.80299 31.3841 34.3533 -2.96926
4.75934 0 3.82701 31.3841 34.2944 -2.91032
4.76932 0 3.85108 31.3841 34.2338 -2.84974
4.7793 0 3.87521 31.3841 34.1716 -2.78755
4.78927 0 3.8994 31.3841 34.1079 -2.72382
4.79925 0 3.92364 31.3841 34.0427 -2.65859
4.80923 0 3.94793 31.3841 33.976 -2.59192
4.81921 0 3.97227 31.3841 33.908 -2.52388
4.82918 0 3.99666 31.3841 33.8386 -2.45452
4.83916 0 4.0211 31.3841 33.768 -2.38392
4.84914 0 4.04558 31.3841 33.6962 -2.31216
4.85912 0 4.07012 31.3841 33.6234 -2.2393
4.86909 0 4.09469 31.3841 33.5495 -2.16543
4.87907 0 4.11931 31.3853 33.473 -2.08776
4.88905 0 4.14397 31.3853 33.3939 -2.00868
4.89903 0 4.16867 31.3853 33.3141 -1.92884
4.90901 0 4.19341 31.3853 33.2336 -1.84834
4.91898 0 4.21819 31.3853 33.1525 -1.76727
4.92896 0 4.24301 31.3853 33.071 -1.68573
4.93894 0 4.26786 31.3853 32.9891 -1.60383
4.94892 0 4.29274 31.3853 32.907 -1.52165
4.95889 0 4.31766 31.3853 32.8246 -1.43932
4.96887 0 4.34261 31.3853 32.7422 -1.35693
4.97885 0 4.36758 31.3853 32.6599 -1.27459
4.98883 0 4.39259 31.3853 32.5777 -1.19241
4.9988 0 4.41763 31.3853 32.4958 -1.1105
5.00878 0 4.44269 31.3853 32.4143 -1.02897
5.01876 0 4.46778 31.3854 32.3333 -0.947931
5.02874 0 4.4929 31.3854 32.2529 -0.867503
5.03872 0 4.51804 31.385 32.1714 -0.786405
5.04869 0 4.5432 31.385 32.0893 -0.70425
5.05867 0 4.56838 31.385 32.0084 -0.623409
5.06865 0 4.59359 31.385 31.929 -0.543987
5.07863 0 4.61882 31.3851 31.8511 -0.466086
5.0886 0 4.64406 31.3845 31.7686 -0.384082
5.09858 0 4.66933 31.3845 31.6812 -0.296675
5.10856 0 4.69461 31.3462 31.5528 -0.206625
5.11854 0 4.71992 31.3462 31.3811 -0.0348689
5.12851 0 4.74523 31.3462 31.2058 0.140381
5.13849 0 4.77056 31.3462 31.0271 0.319097
5.14847 0 4.79591 31.3462 30.845 0.501244
5.15845 0 4.82126 31.3462 30.6594 0.686777
5.16842 0 4.84662 31.3585 30.4404 0.918096
5.1784 0 4.87198 31.3585 30.1865 1.17198
5.18838 0 4.89734 31.3585 29.9264 1.43205
5.19836 0 4.92271 31.3576 29.658 1.69962
5.20834 0 4.94806 31.3576 29.3812 1.97637
5.21831 0 4.97341 31.3576 29.0986 2.25902
5.22829 0 4.99874 31.3576 28.8102 2.54741
5.23827 0 5.02406 31.3581 28.5149 2.84317
5.24825 0 5.04936 31.3581 28.2129 3.14515
5.25822 0 5.07463 31.3581 27.9059 3.45221
5.2682 0 5.09988 31.3581 27.5941 3.76405
5.27818 0 5.12509 31.3581 27.2778 4.08037
5.28816 0 5.15027 31.3582 26.9573 4.40082
5.29813 0 5.17541 31.3582 26.6331 4.72504
5.30811 0 5.20051 31.3582 26.3056 5.05261
5.31809 0 5.22556 31.3582 25.9751 5.38309
5.32807 0 5.25056 31.3583 25.6423 5.71599
5.33804 0 5.27551 31.3583 25.3075 6.05083
5.34802 0 5.3004 31.3583 24.9713 6.38703
5.358 0 5.32524 31.3584 24.6343 6.72404
5.36798 0 5.35001 31.3584 24.2972 7.06123
5.37796 0 5.37471 31.3584 23.9605 7.39796
5.38793 0 5.39934 31.3585 23.6249 7.73355
5.39791 0 5.42389 31.3585 23.2912 8.06731
5.40789 0 5.44837 31.3586 22.9601 8.3985
5.41787 0 5.47277 31.3586 22.6323 8.72637
5.42784 0 5.49709 31.3587 22.3085 9.05013
5.43782 0 5.52132 31.3587 21.9897 9.36898
5.4478 0 5.54546 31.3588 21.6767 9.68212
5.45778 0 5.5695 31.3588 21.3701 9.98872
5.46775 0 5.59346 31.3589 21.0709 10.2879
5.47773 0 5.61731 31.3589 20.78 10.579
5.48771 0 5.64107 31.359 20.4981 10.8609
5.49769 0 5.66472 31.3589 20.2235 11.1354
5.50766 0 5.68827 31.3589 19.9571 11.4018
5.51764 0 5.71172 31.359 19.7023 11.6567
5.52762 0 5.73506 31.359 19.4598 11.8992
5.5376 0 5.75829 31.3591 19.2305 12.1286
5.54758 0 5.78141 31.3591 19.0149 12.3442
5.55755 0 5.80442 31.3592 18.8139 12.5453
5.56753 0 5.82732 31.3592 18.628 12.7312
5.57751 0 5.8501 31.3592 18.4579 12.9014
5.58749 0 5.87277 31.3593 18.3041 13.0552
5.59746 0 5.89533 31.3593 18.167 13.1923
5.60744 0 5.91778 31.3593 18.0472 13.3122
5.61742 0 5.94012 31.3593 17.9449 13.4145
5.6274 0 5.96234 31.3594 17.8604 13.499
5.63737 0 5.98445 31.3594 17.794 13.5654
5.64735 0 6.00646 31.3594 17.7458 13.6136
5.65733 0 6.02835 31.3594 17.7158 13.6436
5.66731 0 6.05014 31.3594 17.7041 13.6553
5.67728 0 6.07182 31.3594 17.7105 13.6489
5.68726 0 6.0934 31.3593 17.7349 13.6244
5.69724 0 6.11487 31.3593 17.7772 13.5822
5.70722 0 6.13625 31.3593 17.8369 13.5224
5.7172 0 6.15753 31.3593 17.9137 13.4456
5.72717 0 6.17871 31.3592 18.0072 13.3521
5.73715 0 6.1998 31.3592 18.1169 13.2424
5.74713 0 6.22081 31.3594 18.2396 13.1197
5.75711 0 6.24172 31.3396 18.2471 13.0925
5.76708 0 6.26256 31.3396 18.1367 13.2029
5.77706 0 6.28331 31.3396 18.033 13.3066
5.78704 0 6.30398 31.3396 17.9361 13.4035
5.79702 0 6.32456 31.3396 17.846 13.4937
5.80699 0 6.34506 31.3396 17.7627 13.5769
5.81697 0 6.36548 31.3396 17.6865 13.6532
5.82695 0 6.38581 31.3396 17.6172 13.7224
5.83693 0 6.40607 31.3396 17.5551 13.7845
5.8469 0 6.42624 31.3397 17.5002 13.8395
5.85688 0 6.44633 31.3397 17.4526 13.8871
5.86686 0 6.46635 31.3397 17.4124 13.9272
5.87684 0 6.48628 31.3397 17.3798 13.9599
5.88682 0 6.50614 31.3397 17.3548 13.9848
5.89679 0 6.52592 31.3397 17.3377 14.002
5.90677 0 6.54562 31.3397 17.3284 14.0113
5.91675 0 6.56525 31.3397 17.3271 14.0126
5.92673 0 6.5848 31.3397 17.3339 14.0058
5.9367 0 6.60429 31.3397 17.3489 13.9908
5.94668 0 6.6237 31.3394 17.3689 13.9705
5.95666 0 6.64304 31.3394 17.3932 13.9461
5.96664 0 6.66232 31.3394 17.4251 13.9143
5.97661 0 6.68153 31.3394 17.4643 13.875
5.98659 0 6.70068 31.3394 17.511 13.8284
5.99657 0 6.71976 31.3394 17.565 13.7743
6.00655 0 6.73879 31.3394 17.6263 13.713
6.01653 0 6.75775 31.3394 17.6948 13.6446
6.0265 0 6.77666 31.3394 17.7702 13.5691
6.03648 0 6.79551 31.3393 17.8526 13.4868
6.04646 0 6.81431 31.3234 17.8387 13.4847
6.05644 0 6.83306 31.3236 17.7305 13.5932
6.06641 0 6.85176 31.3236 17.6333 13.6903
6.07639 0 6.87042 31.3236 17.5496 13.774
6.08637 0 6.88902 31.3236 17.4794 13.8443
6.09635 0 6.90758 31.3236 17.4224 13.9012
6.10632 0 6.92609 31.3236 17.3788 13.9448
6.1163 0 6.94456 31.3236 17.3483 13.9752
6.12628 0 6.96299 31.3236 17.3309 13.9927
6.13626 0 6.98138 31.3236 17.3262 13.9973
6.14623 0 6.99973 31.3236 17.3342 13.9894
6.15621 0 7.01804 31.3235 17.3544 13.9691
6.16619 0 7.03632 31.3235 17.3867 13.9368
6.17617 0 7.05457 31.3235 17.4307 13.8928
6.18615 0 7.07279 31.3235 17.4862 13.8373
6.19612 0 7.09098 31.3235 17.5527 13.7708
6.2061 0 7.10915 31.3234 17.6299 13.6935
6.21608 0 7.12729 31.3234 17.7175 13.6059
6.22606 0 7.14542 31.3234 17.8151 13.5083
6.23603 0 7.16353 31.3234 17.9223 13.401
6.24601 0 7.18162 31.3233 18.0388 13.2846
6.25599 0 7.19971 31.3233 18.1641 13.1593
6.26597 0 7.21778 31.3233 18.2978 13.0255
6.27594 0 7.23585 31.3233 18.4397 12.8836
6.28592 0 7.25391 31.3251 18.5599 12.7652
6.2959 0 7.27197 31.325 18.6558 12.6692
6.30588 0 7.29003 31.325 18.7543 12.5707
6.31585 0 7.3081 31.325 18.8548 12.4701
6.32583 0 7.32617 31.3249 18.9569 12.368
6.33581 0 7.34425 31.3249 19.06 12.2648
6.34579 0 7.36234 31.3248 19.1637 12.1611
6.35577 0 7.38045 31.2311 19.1684 12.0626
6.36574 0 7.39856 31.2311 19.0822 12.1489
6.37572 0 7.41669 31.2311 19.0081 12.223
6.3857 0 7.43484 31.2311 18.9461 12.2849
6.39568 0 7.453 31.231 18.8962 12.3349
6.40565 0 7.47118 31.231 18.8581 12.3729
6.41563 0 7.48938 31.231 18.8317 12.3993
6.42561 0 7.5076 31.231 18.8167 12.4142
6.43559 0 7.52583 31.231 18.813 12.418
6.44556 0 7.54409 31.2309 18.82 12.4109
6.45554 0 7.56237 31.2309 18.8376 12.3933
6.46552 0 7.58067 31.2309 18.8654 12.3655
6.4755 0 7.599 31.2308 18.9029 12.3279
6.48547 0 7.61735 31.2308 18.9498 12.281
6.49545 0 7.63573 31.2308 19.0056 12.2252
6.50543 0 7.65413 31.2308 19.07 12.1608
6.51541 0 7.67257 31.2307 19.1424 12.0884
6.52539 0 7.69103 31.2307 19.2224 12.0083
6.53536 0 7.70953 31.2307 19.3096 11.9211
6.54534 0 7.72805 31.2306 19.4036 11.827
6.55532 0 7.74662 31.2306 19.5039 11.7267
6.5653 0 7.76521 31.171 19.4987 11.6723
6.57527 0 7.78385 31.171 19.3812 11.7898
6.58525 0 7.80252 31.171 19.2603 11.9108
6.59523 0 7.82123 31.1711 19.1363 12.0347
6.60521 0 7.83997 31.1711 19.0096 12.1615
6.61518 0 7.85876 31.1711 18.8806 12.2905
6.62516 0 7.87758 31.1711 18.7497 12.4214
6.63514 0 7.89645 31.1712 18.6175 12.5537
6.64512 0 7.91536 31.1712 18.4845 12.6867
6.65509 0 7.93431 31.1713 18.3513 12.82
6.66507 0 7.95331 31.1713 18.2185 12.9528
6.67505 0 7.97235 31.1713 18.0869 13.0844
6.68503 0 7.99143 31.1736 17.955 13.2187
6.69501 0 8.01057 31.1737 17.8233 13.3503
6.70498 0 8.02974 31.1737 17.6952 13.4786
6.71496 0 8.04897 31.1738 17.5712 13.6025
6.72494 0 8.06825 31.1738 17.4525 13.7214
6.73492 0 8.08758 31.1739 17.3396 13.8343
6.74489 0 8.10696 31.1739 17.2336 13.9403
6.75487 0 8.12639 31.174 17.1353 14.0387
6.76485 0 8.14588 31.1762 17.0092 14.167
6.77483 0 8.16542 31.1763 16.8574 14.3189
6.7848 0 8.18502 31.1763 16.7182 14.4581
6.79478 0 8.20468 31.1764 16.5924 14.584
6.80476 0 8.22439 31.1764 16.4807 14.6957
6.81474 0 8.24417 31.1683 16.3618 14.8065
6.82472 0 8.26401 31.1683 16.237 14.9313
6.83469 0 8.28391 31.1684 16.1298 15.0385
6.84467 0 8.30388 31.1684 16.0408 15.1276
6.85465 0 8.32391 31.1684 15.9702 15.1982
6.86463 0 8.34402 31.1684 15.9187 15.2498
6.8746 0 8.36419 31.1684 15.8863 15.2821
6.88458 0 8.38443 31.1684 15.8734 15.295
6.89456 0 8.40475 31.1685 15.8802 15.2883
6.90454 0 8.42515 31.1685 15.9066 15.2618
6.91451 0 8.44562 31.1684 15.9527 15.2157
6.92449 0 8.46617 31.1684 16.0184 15.1501
6.93447 0 8.48681 31.1684 16.1034 15.0651
6.94445 0 8.50752 31.1684 16.2075 14.9609
6.95442 0 8.52833 31.1684 16.3303 14.8381
6.9644 0 8.54922 31.1683 16.4715 14.6969
6.97438 0 8.5702 31.1683 16.6305 14.5378
6.98436 0 8.59128 31.1683 16.8067 14.3616
6.99434 0 8.61245 31.1682 16.9996 14.1686
7.00431 0 8.63371 31.1682 17.2084 13.9598
7.01429 0 8.65508 31.1681 17.4323 13.7358
7.02427 0 8.67654 31.1681 17.6707 13.4974
7.03425 0 8.69811 31.168 17.9227 13.2453
7.04422 0 8.71978 31.1785 18.0019 13.1766
7.0542 0 8.74156 31.1785 17.9086 13.27
7.06418 0 8.76345 31.1786 17.826 13.3526
7.07416 0 8.78544 31.1786 17.7544 13.4242
7.08413 0 8.80755 31.1786 17.6942 13.4844
7.09411 0 8.82976 31.1786 17.6459 13.5327
7.10409 0 8.85209 31.1787 17.6098 13.5689
7.11407 0 8.87453 31.1787 17.5863 13.5923
7.12404 0 8.89709 31.1787 17.576 13.6027
7.13402 0 8.91976 31.1787 17.5793 13.5994
7.144 0 8.94255 31.1788 17.5967 13.5821
7.15398 0 8.96545 31.1788 17.6287 13.5501
7.16396 0 8.98848 31.1788 17.6757 13.5032
7.17393 0 9.01163 31.1789 17.7381 13.4407
7.18391 0 9.0349 31.1789 17.8165 13.3624
7.19389 0 9.05829 31.1789 17.9111 13.2678
7.20387 0 9.08181 31.1789 18.0223 13.1566
7.21384 0 9.10545 31.179 18.1504 13.0286
7.22382 0 9.12923 31.179 18.2955 12.8834
7.2338 0 9.15313 31.179 18.4579 12.7211
7.24378 0 9.17716 31.179 18.6374 12.5415
7.25375 0 9.20133 31.1571 18.8018 12.3552
7.26373 0 9.22562 31.1571 18.9478 12.2092
7.27371 0 9.25006 31.157 19.1073 12.0498
7.28369 0 9.27463 31.157 19.2801 11.8769
7.29366 0 9.29934 31.157 19.4661 11.6909
7.30364 0 9.32418 31.2259 19.5651 11.6608
7.31362 0 9.34917 31.2258 19.5796 11.6463
7.3236 0 9.3743 31.2258 19.6118 11.614
7.33358 0 9.39958 31.2258 19.6614 11.5644
7.34355 0 9.42501 31.2258 19.728 11.4977
7.35353 0 9.45059 31.2257 19.811 11.4147
7.36351 0 9.47631 31.2257 19.9098 11.3159
7.37349 0 9.5022 31.2256 20.0237 11.2019
7.38346 0 9.52824 31.2256 20.1521 11.0735
7.39344 0 9.55444 31.2255 20.2941 10.9315
7.40342 0 9.5808 31.2255 20.4489 10.7766
7.4134 0 9.60732 31.2254 20.6157 10.6097
7.42337 0 9.63401 31.2254 20.7937 10.4316
7.43335 0 9.66086 31.2253 20.982 10.2433
7.44333 0 9.68788 31.2253 21.1797 10.0456
7.45331 0 9.71507 31.2252 21.3859 9.83927
7.46328 0 9.74243 31.2296 21.5948 9.63478
7.47326 0 9.76996 31.2295 21.8054 9.42414
7.48324 0 9.79766 31.2295 22.022 9.20745
7.49322 0 9.82554 31.2294 22.2439 8.98552
7.5032 0 9.8536 31.2294 22.4703 8.7591
7.51317 0 9.88183 31.2293 22.7004 8.52893
7.52315 0 9.91024 31.2171 22.7763 8.44083
7.53313 0 9.93883 31.2171 22.7029 8.51429
7.54311 0 9.9676 31.2172 22.642 8.57512
7.55308 0 9.99656 31.2172 22.5942 8.623
7.56306 0 10.0257 31.222 22.5456 8.6764
7.57304 0 10.055 31.222 22.4979 8.72409
7.58302 0 10.0845 31.222 22.4658 8.75621
7.59299 0 10.1143 31.222 22.4493 8.77265
7.60297 0 10.1442 31.222 22.4486 8.77336
7.61295 0 10.1743 31.222 22.4636 8.75835
7.62293 0 10.2046 31.222 22.4943 8.72771
7.6329 0 10.2351 31.222 22.5404 8.68159
7.64288 0 10.2658 31.2219 22.6017 8.6202
7.65286 0 10.2967 31.2219 22.6781 8.54381
7.66284 0 10.3278 31.2219 22.7691 8.45275
7.67282 0 10.3591 31.2219 22.8745 8.3474
7.68279 0 10.3906 31.2218 22.9936 8.22821
7.69277 0 10.4223 31.2218 23.1261 8.09567
7.70275 0 10.4543 31.2218 23.2715 7.95029
7.71273 0 10.4864 31.2217 23.429 7.79267
7.7227 0 10.5188 31.2217 23.5983 7.6234
7.73268 0 10.5513 31.2216 23.7785 7.44313
7.74266 0 10.5841 31.2216 23.9691 7.25253
7.75264 0 10.6171 31.2215 24.1693 7.05228
7.76261 0 10.6503 31.2215 24.3784 6.84309
7.77259 0 10.6837 31.2215 24.5958 6.62567
7.78257 0 10.7174 31.2214 24.8206 6.40076
7.79255 0 10.7512 31.2214 25.0523 6.16908
7.80253 0 10.7853 31.2213 25.2899 5.93136
7.8125 0 10.8196 31.2213 25.5329 5.68832
7.82248 0 10.8541 31.2212 25.7805 5.44068
7.83246 0 10.8888 31.2212 26.0321 5.18912
7.84244 0 10.9237 31.2211 26.2868 4.93434
7.85241 0 10.9588 31.2211 26.5441 4.677
7.86239 0 10.9941 31.2211 26.8033 4.41775
7.87237 0 11.0297 31.221 27.0638 4.1572
7.88235 0 11.0654 31.221 27.325 3.89596
7.89232 0 11.1014 31.221 27.5864 3.63459
7.9023 0 11.1376 31.2209 27.8473 3.37363
7.91228 0 11.174 31.2209 28.1073 3.1136
7.92226 0 11.2105 31.2209 28.3659 2.85497
7.93223 0 11.2473 31.2208 28.6226 2.5982
7.94221 0 11.2843 31.2208 28.8771 2.34371
7.95219 0 11.3215 31.2208 29.1289 2.09189
7.96217 0 11.3588 31.2208 29.3777 1.84311
7.97215 0 11.3964 31.2208 29.6231 1.59769
7.98212 0 11.4342 31.2208 29.8648 1.35595
7.9921 0 11.4721 31.2207 30.1026 1.11814
8.00208 0 11.5103 31.2207 30.3362 0.884531
8.01206 0 11.5486 31.2207 30.5654 0.655332
8.02203 0 11.5872 31.2207 30.79 0.430742
8.03201 0 11.6259 31.2207 31.0098 0.210932
8.04199 0 11.6648 31.2207 31.2247 -0.00395072
8.05197 0 11.7038 31.2207 31.4345 -0.213781
8.06194 0 11.7431 31.2207 31.6392 -0.418453
8.07192 0 11.7825 31.2207 31.8386 -0.617882
8.0819 0 11.8221 31.2207 32.0327 -0.812003
8.09188 0 11.8619 31.2207 32.2215 -1.00077
8.10185 0 11.9018 31.2207 32.4049 -1.18414
8.11183 0 11.942 31.2207 32.5828 -1.3621
8.12181 0 11.9823 31.2207 32.7554 -1.53466
8.13179 0 12.0227 31.2207 32.9225 -1.70181
8.14177 0 12.0633 31.2233 33.0654 -1.84217
8.15174 0 12.1041 31.2226 33.1764 -1.9538
8.16172 0 12.145 31.2226 33.276 -2.0534
8.1717 0 12.1861 31.2226 33.3734 -2.15084
8.18168 0 12.2274 31.2226 33.4687 -2.24611
8.19165 0 12.2688 31.2226 33.5618 -2.3392
8.20163 0 12.3103 31.2226 33.6527 -2.43012
8.21161 0 12.352 31.2226 33.7415 -2.51886
8.22159 0 12.3939 31.2226 33.828 -2.60544
8.23156 0 12.4359 31.2226 33.9125 -2.68986
8.24154 0 12.4781 31.2226 33.9947 -2.77213
8.25152 0 12.5204 31.2226 34.0749 -2.85226
8.2615 0 12.5629 31.2226 34.1529 -2.93028
8.27147 0 12.6055 31.2226 34.2288 -3.00619
8.28145 0 12.6482 31.2226 34.3026 -3.08002
8.29143 0 12.6912 31.2226 34.3744 -3.1518
8.30141 0 12.7342 31.2226 34.4442 -3.22153
8.31139 0 12.7774 31.2226 34.5119 -3.28926
8.32136 0 12.8207 31.2226 34.5776 -3.355
8.33134 0 12.8642 31.2226 34.6414 -3.41877
8.34132 0 12.9078 31.2226 34.7033 -3.48062
8.3513 0 12.9516 31.2226 34.7632 -3.54057
8.36127 0 12.9955 31.2226 34.8213 -3.59866
8.37125 0 13.0395 31.2226 34.8775 -3.6549
8.38123 0 13.0836 31.221 34.9232 -3.70226
8.39121 0 13.1279 31.221 34.9586 -3.73766
8.40118 0 13.1723 31.221 34.9927 -3.77174
8.41116 0 13.2168 31.221 35.0255 -3.80453
8.42114 0 13.2615 31.221 35.0571 -3.83606
8.43112 0 13.3062 31.221 35.0873 -3.86636
8.44109 0 13.3511 31.221 35.1164 -3.89544
8.45107 0 13.3961 31.221 35.1443 -3.92334
8.46105 0 13.4411 31.221 35.1711 -3.95009
8.47103 0 13.4863 31.221 35.1967 -3.97571
8.48101 0 13.5316 31.221 35.2212 -4.00023
8.49098 0 13.5771 31.221 35.2447 -4.02369
8.50096 0 13.6226 31.2167 35.2586 -4.04184
8.51094 0 13.6682 31.2167 35.2631 -4.04633
8.52092 0 13.7139 31.2167 35.2669 -4.05011
8.53089 0 13.7597 31.227 35.2558 -4.02875
8.54087 0 13.8056 31.2261 35.228 -4.0019
8.55085 0 13.8516 31.2261 35.1975 -3.97133
8.56083 0 13.8976 31.2261 35.1652 -3.93911
8.5708 0 13.9437 31.2261 35.1313 -3.90515
8.58078 0 13.9899 31.2261 35.0955 -3.86939
8.59076 0 14.0361 31.2261 35.0578 -3.83173
8.60074 0 14.0824 31.2256 35.0068 -3.78126
8.61072 0 14.1288 31.2256 34.9422 -3.71666
8.62069 0 14.1753 31.2256 34.8751 -3.6495
8.63067 0 14.2218 31.2256 34.8053 -3.57973
8.64065 0 14.2683 31.2256 34.7328 -3.50728
8.65063 0 14.315 31.2256 34.6576 -3.43207
8.6606 0 14.3616 31.2256 34.5796 -3.35405
8.67058 0 14.4084 31.2255 34.4987 -3.27313
8.68056 0 14.4552 31.2255 34.4148 -3.18927
8.69054 0 14.502 31.2255 34.3279 -3.10239
8.70051 0 14.5489 31.2255 34.238 -3.01243
8.71049 0 14.5958 31.2255 34.1449 -2.91933
8.72047 0 14.6428 31.2255 34.0486 -2.82304
8.73045 0 14.6898 31.2255 33.949 -2.72348
8.74042 0 14.7368 31.2255 33.8461 -2.62061
8.7504 0 14.7839 31.2255 33.7399 -2.51437
8.76038 0 14.831 31.2255 33.6302 -2.40472
8.77036 0 14.8782 31.2255 33.5171 -2.29162
8.78034 0 14.9253 31.2255 33.4005 -2.17501
8.79031 0 14.9725 31.2255 33.2804 -2.05488
8.80029 0 15.0198 31.2309 33.1477 -1.91681
8.81027 0 15.067 31.2309 33.0021 -1.77121
8.82025 0 15.1142 31.2309 32.8521 -1.62122
8.83022 0 15.1615 31.2309 32.6977 -1.46684
8.8402 0 15.2088 31.2309 32.539 -1.30811
8.85018 0 15.256 31.2309 32.3759 -1.14506
8.86016 0 15.3033 31.2309 32.2086 -0.97774
8.87013 0 15.3506 31.2309 32.0371 -0.806214
8.88011 0 15.3978 31.2309 31.8614 -0.630564
8.89009 0 15.4451 31.2309 31.6818 -0.450885
8.90007 0 15.4923 31.2309 31.4982 -0.267291
8.91004 0 15.5395 31.2309 31.3108 -0.0799114
8.92002 0 15.5867 31.2309 31.1198 0.111104
8.93 0 15.6338 31.2309 30.9253 0.305588
8.93998 0 15.681 31.2309 30.7276 0.503353
8.94996 0 15.728 31.2309 30.5267 0.704191
8.95993 0 15.7751 31.2309 30.3231 0.907872
8.96991 0 15.8221 31.231 30.1168 1.11415
8.97989 0 15.869 31.231 29.9082 1.32275
8.98987 0 15.9159 31.231 29.6976 1.53337
8.99984 0 15.9628 31.231 29.4853 1.74572
9.00982 0 16.0096 31.231 29.2716 1.95944
9.0198 0 16.0563 31.2314 29.0518 2.17958
9.02978 0 16.1029 31.2314 28.8262 2.40514
9.03975 0 16.1494 31.2314 28.6006 2.63083
9.04973 0 16.1959 31.2314 28.3752 2.85621
9.05971 0 16.2423 31.2315 28.1506 3.08085
9.06969 0 16.2885 31.2283 27.9134 3.31492
9.07966 0 16.3347 31.2283 27.6635 3.56481
9.08964 0 16.3808 31.2284 27.4146 3.81377
9.09962 0 16.4267 31.2284 27.1671 4.06129
9.1096 0 16.4726 31.2284 26.9216 4.30684
9.11958 0 16.5183 31.2285 26.6784 4.55009
9.12955 0 16.5639 31.2285 26.4382 4.79034
9.13953 0 16.6094 31.2286 26.2017 5.0269
9.14951 0 16.6548 31.2286 25.9694 5.25921
9.15949 0 16.7 31.2286 25.7419 5.48672
9.16946 0 16.7451 31.2287 25.5198 5.70887
9.17944 0 16.79 31.2287 25.3036 5.92511
9.18942 0 16.8348 31.2287 25.0938 6.1349
9.1994 0 16.8795 31.2288 24.8911 6.33771
9.20937 0 16.924 31.2288 24.6958 6.53304
9.21935 0 16.9684 31.2288 24.5082 6.72061
9.22933 0 17.0126 31.2289 24.3288 6.90002
9.23931 0 17.0567 31.2289 24.1582 7.07068
9.24928 0 17.1006 31.2289 23.9968 7.23216
9.25926 0 17.1444 31.2289 23.8449 7.38408
9.26924 0 17.188 31.229 23.7029 7.52609
9.27922 0 17.2314 31.229 23.5711 7.65786
9.2892 0 17.2747 31.229 23.4499 7.7791
9.29917 0 17.3178 31.229 23.3394 7.88957
9.30915 0 17.3608 31.229 23.24 7.98904
9.31913 0 17.4036 31.229 23.1517 8.07734
9.32911 0 17.4462 31.229 23.0747 8.15433
9.33908 0 17.4887 31.229 23.0091 8.21992
9.34906 0 17.531 31.229 22.955 8.27403
9.35904 0 17.5732 31.229 22.9124 8.31665
9.36902 0 17.6152 31.229 22.8812 8.34778
9.37899 0 17.657 31.229 22.8615 8.36748
9.38897 0 17.6987 31.229 22.8532 8.37581
9.39895 0 17.7402 31.229 22.8561 8.3729
9.40893 0 17.7816 31.229 22.8701 8.35888
9.4189 0 17.8228 31.229 22.8951 8.33393
9.42888 0 17.8639 31.229 22.9307 8.29824
9.43886 0 17.9048 31.229 22.9769 8.25202
9.44884 0 17.9455 31.2289 23.0334 8.19553
9.45882 0 17.9862 31.2289 23.0999 8.12901
9.46879 0 18.0266 31.2289 23.1762 8.05274
9.47877 0 18.067 31.2289 23.2619 7.96702
9.48875 0 18.1072 31.2289 23.3567 7.87214
9.49873 0 18.1472 31.2288 23.4604 7.76843
9.5087 0 18.1872 31.2288 23.5726 7.65619
9.51868 0 18.227 31.2288 23.693 7.53576
9.52866 0 18.2667 31.2274 23.7768 7.45063
9.53864 0 18.3062 31.2274 23.8198 7.40761
9.54861 0 18.3457 31.2274 23.8646 7.3628
9.55859 0 18.385 31.2273 23.9108 7.3165
9.56857 0 18.4242 31.2273 23.9583 7.26905
9.57855 0 18.4633 31.2273 24.0066 7.22073
9.58853 0 18.5023 31.1993 23.9903 7.209
9.5985 0 18.5412 31.1994 23.9087 7.29064
9.60848 0 18.5799 31.3469 23.6755 7.67139
9.61846 0 18.6186 31.3594 23.2762 8.08316
9.62844 0 18.6571 31.3594 22.8611 8.49828
9.63841 0 18.6955 31.3595 22.4472 8.91225
9.64839 0 18.7338 31.3595 22.0355 9.32404
9.65837 0 18.7719 31.3596 21.6271 9.73255
9.66835 0 18.8099 31.3597 21.223 10.1367
9.67832 0 18.8478 31.3586 20.8186 10.5399
9.6883 0 18.8855 31.3586 20.4154 10.9433
9.69828 0 18.9231 31.3587 20.0205 11.3383
9.70826 0 18.9606 31.3588 19.6351 11.7237
9.71823 0 18.9978 31.3589 19.2606 12.0983
9.72821 0 19.035 31.3589 18.8982 12.4607
9.73819 0 19.0719 31.359 18.5492 12.8098
9.74817 0 19.1087 31.3591 18.2148 13.1443
9.75815 0 19.1454 31.3592 17.8962 13.463
9.76812 0 19.1818 31.3592 17.5946 13.7646
9.7781 0 19.2181 31.3593 17.3112 14.0481
9.78808 0 19.2543 31.3594 17.047 14.3124
9.79806 0 19.2903 31.3594 16.803 14.5564
9.80803 0 19.3261 31.3595 16.5802 14.7793
9.81801 0 19.3617 31.3595 16.3795 14.98
9.82799 0 19.3972 31.3596 16.2017 15.1579
9.83797 0 19.4325 31.3596 16.0473 15.3123
9.84794 0 19.4676 31.3597 15.9172 15.4424
9.85792 0 19.5026 31.3597 15.8117 15.548
9.8679 0 19.5374 31.3597 15.7313 15.6284
9.87788 0 19.5721 31.3597 15.6762 15.6835
9.88785 0 19.6066 31.2663 15.5393 15.727
9.89783 0 19.641 31.2663 15.3142 15.9521
9.90781 0 19.6752 31.2664 15.1056 16.1608
9.91779 0 19.7092 31.2664 14.9141 16.3523
9.92777 0 19.7431 31.2664 14.7402 16.5262
9.93774 0 19.7768 31.2665 14.5845 16.6819
9.94772 0 19.8104 31.2665 14.4474 16.8191
9.9577 0 19.8439 31.2665 14.3292 16.9373
9.96768 0 19.8772 31.2665 14.2303 17.0362
9.97765 0 19.9103 31.2665 14.1508 17.1158
