0.00997765 0 4.34911e-05 29.2031 34.8853 -5.68218
0.0199553 0 0.000173874 29.2031 34.8468 -5.64371
0.029933 0 0.000390996 29.2031 34.8039 -5.6008
0.0399106 0 0.000694684 29.2031 34.7563 -5.55322
0.0498883 0 0.00108474 29.2031 34.7038 -5.50071
0.0598659 0 0.00156093 29.203 34.6461 -5.44302
0.0698436 0 0.00212301 29.203 34.5829 -5.37989
0.0798212 0 0.0027707 29.203 34.514 -5.31102
0.0897989 0 0.00350368 29.203 34.4391 -5.23612
0.0997765 0 0.00432161 29.2029 34.3578 -5.1549
0.109754 0 0.0052241 29.2029 34.2699 -5.06703
0.119732 0 0.00621073 29.2029 34.1751 -4.97219
0.129709 0 0.00728104 29.2028 34.0729 -4.87003
0.139687 0 0.00843454 29.2028 33.963 -4.7602
0.149665 0 0.00967067 29.2028 33.8451 -4.64234
0.159642 0 0.0109888 29.2027 33.7188 -4.51606
0.16962 0 0.0123884 29.2027 33.5837 -4.38098
0.179598 0 0.0138686 29.2027 33.4394 -4.23669
0.189575 0 0.0154288 29.2026 33.2854 -4.08279
0.199553 0 0.0170681 29.2026 33.1214 -3.91884
0.209531 0 0.0187857 29.2026 32.947 -3.74442
0.219508 0 0.0205805 29.2025 32.7616 -3.55908
0.229486 0 0.0224516 29.2025 32.5648 -3.36237
0.239464 0 0.0243979 29.2024 32.3563 -3.15384
0.249441 0 0.0264182 29.2024 32.1354 -2.93302
0.259419 0 0.0285113 29.2023 31.9018 -2.69945
0.269397 0 0.0306758 29.2023 31.655 -2.45266
0.279374 0 0.0329103 29.2023 31.3944 -2.19219
0.289352 0 0.0352133 29.2022 31.1198 -1.91757
0.29933 0 0.0375832 29.2022 30.8305 -1.62834
0.309307 0 0.0400182 29.2021 30.5262 -1.32407
0.319285 0 0.0425166 29.2021 30.2064 -1.00431
0.329263 0 0.0450764 29.202 29.8707 -0.668655
0.33924 0 0.0476955 29.202 29.5187 -0.316712
0.349218 0 0.0503718 29.2019 29.1501 0.0518828
0.359196 0 0.0531029 29.2019 28.7644 0.437462
0.369173 0 0.0558866 29.2019 28.3616 0.840317
0.379151 0 0.0587201 29.2018 27.9411 1.26069
0.389128 0 0.0616009 29.2018 27.503 1.69879
0.399106 0 0.064526 29.2018 27.047 2.15473
0.409084 0 0.0674927 29.2018 26.5732 2.62859
0.419061 0 0.0704977 29.2017 26.0814 3.12035
0.429039 0 0.0735378 29.2017 25.5718 3.62992
0.439017 0 0.0766096 29.2017 25.0446 4.15711
0.448994 0 0.0797096 29.2017 24.5001 4.70163
0.458972 0 0.0828342 29.2017 23.9387 5.26306
0.46895 0 0.0859795 29.2018 23.3609 5.84088
0.478927 0 0.0891415 29.2018 22.7673 6.43444
0.488905 0 0.0923162 29.2018 22.1589 7.04292
0.498883 0 0.0954994 29.2019 21.5365 7.6654
0.50886 0 0.0986867 29.2019 20.9012 8.30075
0.518838 0 0.101874 29.202 20.2543 8.94773
0.528816 0 0.105056 29.2021 19.5972 9.60489
0.538793 0 0.108228 29.2022 18.9315 10.2706
0.548771 0 0.111386 29.2023 18.2591 10.9432
0.558749 0 0.114525 29.2024 17.5818 11.6206
0.568726 0 0.11764 29.2025 16.9018 12.3007
0.578704 0 0.120726 29.2027 16.2214 12.9813
0.588682 0 0.123778 29.2028 15.543 13.6598
0.598659 0 0.12679 29.203 14.8693 14.3337
0.608637 0 0.129759 29.2031 14.2029 15.0002
0.618615 0 0.132679 29.2033 13.5468 15.6565
0.628592 0 0.135546 29.2035 12.9038 16.2996
0.63857 0 0.138354 29.2037 12.2772 16.9265
0.648547 0 0.141098 29.2039 11.6699 17.534
0.658525 0 0.143775 29.2041 11.085 18.119
0.668503 0 0.14638 29.2042 10.5258 18.6785
0.67848 0 0.148909 29.2044 9.99522 19.2092
0.688458 0 0.151357 29.2046 9.49633 19.7083
0.698436 0 0.153722 29.2048 9.03203 20.1728
0.708413 0 0.155998 29.2049 8.60506 20.5999
0.718391 0 0.158185 29.2051 8.21802 20.9871
0.728369 0 0.160277 29.2052 7.87327 21.332
0.738346 0 0.162274 29.2053 7.57292 21.6324
0.748324 0 0.164172 29.1942 7.29676 21.8975
0.758302 0 0.16597 29.1943 7.04401 22.1503
0.768279 0 0.167666 29.1944 6.83671 22.3577
0.778257 0 0.169259 29.1944 6.67578 22.5186
0.788235 0 0.170747 29.1944 6.56177 22.6326
0.798212 0 0.17213 29.1944 6.49494 22.6995
0.80819 0 0.173407 29.194 6.47167 22.7223
0.818168 0 0.174579 29.1939 6.4912 22.7027
0.828145 0 0.175647 29.1939 6.55626 22.6376
0.838123 0 0.17661 29.1938 6.66581 22.528
0.848101 0 0.17747 29.1937 6.81854 22.3751
0.858078 0 0.178229 29.1936 7.01287 22.1807
0.868056 0 0.178888 29.1934 7.24696 21.9465
0.878034 0 0.179449 29.1933 7.51879 21.6745
0.888011 0 0.179915 29.1931 7.82612 21.367
0.897989 0 0.180289 29.193 8.16658 21.0264
0.907966 0 0.180572 29.1928 8.53765 20.6552
0.917944 0 0.18077 29.1927 8.93675 20.2559
0.927922 0 0.180883 29.1925 9.36122 19.8313
0.937899 0 0.180917 29.1923 9.80838 19.384
0.947877 0 0.180875 29.1922 10.2755 18.9166
0.957855 0 0.18076 29.192 10.7601 18.432
0.967832 0 0.180576 29.1919 11.2593 17.9326
0.97781 0 0.180328 29.1917 11.7707 17.421
0.987788 0 0.18002 29.1916 12.2919 16.8997
0.997765 0 0.179654 29.1915 12.8205 16.371
1.00774 0 0.179236 29.1914 13.3542 15.8372
1.01772 0 0.17877 29.1913 13.891 15.3003
1.0277 0 0.178259 29.1912 14.4289 14.7622
1.03768 0 0.177708 29.1911 14.9661 14.225
1.04765 0 0.177121 29.191 15.5009 13.6901
1.05763 0 0.176501 29.1909 16.0319 13.1591
1.06761 0 0.175853 29.1909 16.5575 12.6334
1.07759 0 0.175181 29.1908 17.0766 12.1142
1.08756 0 0.174487 29.1915 17.5823 11.6092
1.09754 0 0.173777 29.1914 18.0728 11.1186
1.10752 0 0.173052 29.1914 18.5527 10.6387
1.1175 0 0.172318 29.1914 19.0212 10.1702
1.12747 0 0.171576 29.1914 19.4776 9.71378
1.13745 0 0.17083 29.1914 19.9215 9.26989
1.14743 0 0.170084 29.1914 20.3524 8.83901
1.15741 0 0.16934 29.1914 20.7699 8.42146
1.16739 0 0.168601 29.1914 21.1739 8.0175
1.17736 0 0.167869 29.1914 21.5641 7.62731
1.18734 0 0.167149 29.1914 21.9404 7.251
1.19732 0 0.16644 29.1914 22.3028 6.8886
1.2073 0 0.165748 29.1914 22.6513 6.54012
1.21727 0 0.165072 29.1915 22.986 6.20549
1.22725 0 0.164416 29.218 23.2663 5.95166
1.23723 0 0.163782 29.218 23.4917 5.72633
1.24721 0 0.163171 29.218 23.7025 5.51552
1.25718 0 0.162583 29.2181 23.8992 5.3189
1.26716 0 0.162022 29.2181 24.082 5.13611
1.27714 0 0.161486 29.2181 24.2513 4.9668
1.28712 0 0.160979 29.2182 24.4076 4.8106
1.29709 0 0.1605 29.2182 24.5511 4.66714
1.30707 0 0.160051 29.2182 24.6822 4.53602
1.31705 0 0.159633 29.2183 24.8014 4.41689
1.32703 0 0.159245 29.2183 24.909 4.30935
1.33701 0 0.158889 29.2183 25.0053 4.21304
1.34698 0 0.158565 29.2184 25.0908 4.12758
1.35696 0 0.158275 29.2184 25.1658 4.05262
1.36694 0 0.158017 29.2184 25.2306 3.98779
1.37692 0 0.157793 29.2208 25.28 3.94076
1.38689 0 0.157602 29.2208 25.3144 3.90644
1.39687 0 0.157446 29.2208 25.3398 3.88102
1.40685 0 0.157324 29.2209 25.3567 3.86416
1.41683 0 0.157235 29.2209 25.3654 3.85552
1.4268 0 0.157181 29.2209 25.3661 3.85479
1.43678 0 0.157161 29.2209 25.3593 3.86165
1.44676 0 0.157175 29.2209 25.3452 3.87579
1.45674 0 0.157223 29.221 25.324 3.89692
1.46672 0 0.157304 29.221 25.2963 3.92473
1.47669 0 0.157419 29.221 25.2621 3.95893
1.48667 0 0.157566 29.221 25.2218 3.99923
1.49665 0 0.157747 29.221 25.1757 4.04534
1.50663 0 0.157959 29.2211 25.1241 4.09697
1.5166 0 0.158204 29.2211 25.0672 4.15384
1.52658 0 0.15848 29.2211 25.0055 4.21565
1.53656 0 0.158788 29.2211 24.939 4.2821
1.54654 0 0.159126 29.2182 24.8622 4.35601
1.55651 0 0.159494 29.2182 24.776 4.44216
1.56649 0 0.159891 29.2182 24.6878 4.53044
1.57647 0 0.160317 29.2182 24.5976 4.62065
1.58645 0 0.160771 29.2182 24.5057 4.71254
1.59642 0 0.161253 29.2182 24.4123 4.80589
1.6064 0 0.161761 29.2183 24.3178 4.90043
1.61638 0 0.162296 29.2183 24.2224 4.99589
1.62636 0 0.162856 29.2183 24.1263 5.09198
1.63634 0 0.163441 29.2189 24.0238 5.19502
1.64631 0 0.164049 29.2189 23.9144 5.30443
1.65629 0 0.164681 29.2189 23.8036 5.41532
1.66627 0 0.165335 29.2189 23.6915 5.52741
1.67625 0 0.166011 29.2189 23.5785 5.64045
1.68622 0 0.166708 29.2317 23.4472 5.78454
1.6962 0 0.167424 29.2317 23.298 5.93374
1.70618 0 0.16816 29.2317 23.1488 6.08295
1.71616 0 0.168913 29.2317 22.9997 6.23199
1.72613 0 0.169684 29.2317 22.8511 6.38064
1.73611 0 0.17047 29.2317 22.703 6.5287
1.74609 0 0.171272 29.2264 22.5138 6.71263
1.75607 0 0.172087 29.2264 22.2837 6.94273
1.76604 0 0.172915 29.2264 22.0557 7.17072
1.77602 0 0.173754 29.2265 21.8301 7.39631
1.786 0 0.174602 29.2265 21.6072 7.61921
1.79598 0 0.175458 29.2265 21.3873 7.83917
1.80596 0 0.176321 29.2265 21.1706 8.05591
1.81593 0 0.177189 29.2265 20.9573 8.26922
1.82591 0 0.17806 29.2265 20.7476 8.47888
1.83589 0 0.178935 29.2265 20.5418 8.68471
1.84587 0 0.17981 29.2265 20.3399 8.88655
1.85584 0 0.180686 29.2265 20.1422 9.08428
1.86582 0 0.18156 29.2265 19.9487 9.27781
1.8758 0 0.182432 29.2265 19.7594 9.46708
1.88578 0 0.1833 29.2265 19.5744 9.65208
1.89575 0 0.184164 29.2265 19.3936 9.83284
1.90573 0 0.185022 29.2264 19.217 10.0094
1.91571 0 0.185873 29.2264 19.0445 10.1819
1.92569 0 0.186716 29.2264 18.876 10.3504
1.93566 0 0.18755 29.2264 18.7111 10.5153
1.94564 0 0.188374 29.2264 18.5498 10.6765
1.95562 0 0.189187 29.2263 18.3917 10.8346
1.9656 0 0.189989 29.2263 18.2366 10.9897
1.97558 0 0.190778 29.2263 18.0841 11.1421
1.98555 0 0.191554 29.2262 17.9339 11.2924
1.99553 0 0.192315 29.2262 17.7855 11.4407
2.00551 0 0.193061 29.2262 17.6385 11.5876
2.01549 0 0.193791 29.2261 17.4926 11.7336
2.02546 0 0.194504 29.2261 17.3472 11.8789
2.03544 0 0.195199 29.226 17.202 12.0241
2.04542 0 0.195875 29.226 17.0564 12.1695
2.0554 0 0.196532 29.226 16.9102 12.3158
2.06537 0 0.197169 29.2259 16.7628 12.4631
2.07535 0 0.197784 29.2259 16.6139 12.612
2.08533 0 0.198377 29.2259 16.4631 12.7627
2.09531 0 0.198946 29.2258 16.3102 12.9156
2.10528 0 0.199492 29.2258 16.1549 13.0709
2.11526 0 0.200012 29.2258 15.9969 13.2289
2.12524 0 0.200505 29.2258 15.8362 13.3895
2.13522 0 0.200971 29.2258 15.6728 13.553
2.1452 0 0.201408 29.2258 15.5066 13.7192
2.15517 0 0.201815 29.2258 15.3377 13.888
2.16515 0 0.202191 29.2258 15.1665 14.0593
2.17513 0 0.202534 29.2258 14.9931 14.2327
2.18511 0 0.202844 29.2258 14.8181 14.4077
2.19508 0 0.203118 29.2259 14.6419 14.584
2.20506 0 0.203355 29.2259 14.4652 14.7607
2.21504 0 0.203554 29.2259 14.2887 14.9373
2.22502 0 0.203713 29.226 14.1132 15.1128
2.23499 0 0.203831 29.2261 13.9397 15.2863
2.24497 0 0.203907 29.2261 13.7693 15.4568
2.25495 0 0.203938 29.2262 13.6031 15.6231
2.26493 0 0.203923 29.2263 13.4422 15.7841
2.27491 0 0.203861 29.2264 13.288 15.9384
2.28488 0 0.20375 29.2265 13.1418 16.0847
2.29486 0 0.203589 29.2265 13.005 16.2215
2.30484 0 0.203377 29.1737 12.741 16.4327
2.31482 0 0.203111 29.1738 12.3546 16.8192
2.32479 0 0.202788 29.1739 11.9876 17.1864
2.33477 0 0.202406 29.1741 11.6421 17.532
2.34475 0 0.201962 29.1742 11.3204 17.8538
2.35473 0 0.201453 29.1743 11.0244 18.1499
2.3647 0 0.200876 29.1744 10.7562 18.4182
2.37468 0 0.20023 29.1745 10.5175 18.657
2.38466 0 0.199512 29.1747 10.3077 18.867
2.39464 0 0.198721 29.1747 10.1284 19.0464
2.40461 0 0.197855 29.1748 9.98321 19.1916
2.41459 0 0.196913 29.1749 9.87329 19.3016
2.42457 0 0.195894 29.1749 9.79947 19.3754
2.43455 0 0.194798 29.1749 9.7624 19.4125
2.44453 0 0.193623 29.1749 9.76244 19.4125
2.4545 0 0.19237 29.1749 9.79975 19.3752
2.46448 0 0.191039 29.1749 9.87422 19.3007
2.47446 0 0.18963 29.1902 9.96363 19.2266
2.48444 0 0.188145 29.1902 10.0683 19.1218
2.49441 0 0.186583 29.1901 10.2098 18.9803
2.50439 0 0.184946 29.19 10.387 18.8031
2.51437 0 0.183236 29.1899 10.5986 18.5913
2.52435 0 0.181454 29.1898 10.8434 18.3465
2.53432 0 0.179602 29.1897 11.1196 18.0701
2.5443 0 0.177681 29.1896 11.4256 17.764
2.55428 0 0.175696 29.1895 11.7596 17.4298
2.56426 0 0.173647 29.1894 12.1196 17.0697
2.57423 0 0.171538 29.1892 12.5037 16.6856
2.58421 0 0.169372 29.1891 12.9096 16.2795
2.59419 0 0.167152 29.189 13.3353 15.8536
2.60417 0 0.164881 29.1889 13.7788 15.4101
2.61415 0 0.162562 29.1887 14.2378 14.9509
2.62412 0 0.1602 29.1886 14.7103 14.4783
2.6341 0 0.157796 29.1885 15.1943 13.9942
2.64408 0 0.155356 29.1884 15.6877 13.5007
2.65406 0 0.152882 29.1883 16.1885 12.9997
2.66403 0 0.150378 29.1882 16.6951 12.4931
2.67401 0 0.147848 29.1881 17.2055 11.9826
2.68399 0 0.145296 29.188 17.718 11.4699
2.69397 0 0.142725 29.1879 18.2312 10.9567
2.70394 0 0.140139 29.1878 18.7436 10.4443
2.71392 0 0.137542 29.1878 19.2537 9.93411
2.7239 0 0.134937 29.1877 19.7602 9.42748
2.73388 0 0.132328 29.1877 20.2621 8.92552
2.74385 0 0.129719 29.1876 20.7583 8.4293
2.75383 0 0.127112 29.1876 21.2478 7.93977
2.76381 0 0.124511 29.1886 21.7276 7.46094
2.77379 0 0.121919 29.1886 22.197 6.9916
2.78377 0 0.119341 29.1885 22.6572 6.53132
2.79374 0 0.116778 29.1885 23.1079 6.08064
2.80372 0 0.114233 29.1885 23.5485 5.64004
2.8137 0 0.11171 29.1885 23.9786 5.20989
2.82368 0 0.109212 29.1885 24.398 4.79052
2.83365 0 0.106741 29.1885 24.8063 4.38217
2.84363 0 0.1043 29.1885 25.2035 3.98503
2.85361 0 0.101892 29.1885 25.5893 3.59922
2.86359 0 0.0995184 29.1885 25.9637 3.22481
2.87356 0 0.0971822 29.1886 26.3267 2.86184
2.88354 0 0.0948856 29.1886 26.6783 2.51027
2.89352 0 0.0926308 29.1886 27.0186 2.17005
2.9035 0 0.09042 29.1886 27.3475 1.8411
2.91347 0 0.0882551 29.1887 27.6654 1.52328
2.92345 0 0.0861382 29.1887 27.9722 1.21646
2.93343 0 0.084071 29.1887 28.2682 0.920452
2.94341 0 0.0820554 29.1887 28.5537 0.635071
2.95339 0 0.0800931 29.1888 28.8286 0.360106
2.96336 0 0.0781857 29.1888 29.0934 0.095334
2.97334 0 0.0763347 29.1888 29.3483 -0.159479
2.98332 0 0.0745416 29.1924 29.5583 -0.365888
2.9933 0 0.0728077 29.1924 29.7244 -0.531987
3.00327 0 0.0711339 29.1924 29.8831 -0.690619
3.01325 0 0.0695212 29.1925 30.0345 -0.842034
3.02323 0 0.0679703 29.1925 30.179 -0.986483
3.03321 0 0.0664822 29.2122 30.2855 -1.07331
3.04318 0 0.0650574 29.2122 30.3565 -1.14428
3.05316 0 0.0636962 29.2122 30.4254 -1.2132
3.06314 0 0.0623991 29.2122 30.4924 -1.28016
3.07312 0 0.0611664 29.2122 30.5574 -1.34521
3.08309 0 0.0599985 29.2122 30.6206 -1.40843
3.09307 0 0.0588958 29.2122 30.6821 -1.46987
3.10305 0 0.0578585 29.2122 30.7418 -1.5296
3.11303 0 0.0568871 29.2122 30.7999 -1.58769
3.12301 0 0.0559818 29.2122 30.8565 -1.64421
3.13298 0 0.0551429 29.2123 30.9115 -1.69922
3.14296 0 0.0543707 29.2123 30.965 -1.75279
3.15294 0 0.0536655 29.2123 31.0172 -1.80498
3.16292 0 0.0530275 29.2123 31.0681 -1.85586
3.17289 0 0.0524571 29.2123 31.1178 -1.90548
3.18287 0 0.0519545 29.2123 31.1662 -1.95391
3.19285 0 0.0515198 29.2123 31.2135 -2.00121
3.20283 0 0.0511535 29.2123 31.2597 -2.04744
3.2128 0 0.0508556 29.2123 31.305 -2.09266
3.22278 0 0.0506265 29.2123 31.3492 -2.13692
3.23276 0 0.0504663 29.2123 31.3926 -2.18027
3.24274 0 0.0503752 29.2123 31.4351 -2.22279
3.25272 0 0.0503535 29.2123 31.4768 -2.2645
3.26269 0 0.0504014 29.2123 31.5178 -2.30547
3.27267 0 0.050519 29.2123 31.5581 -2.34575
3.28265 0 0.0507066 29.2123 31.5977 -2.38539
3.29263 0 0.0509644 29.2123 31.6367 -2.42442
3.3026 0 0.0512925 29.2017 31.6519 -2.4502
3.31258 0 0.051691 29.2041 31.6296 -2.42556
3.32256 0 0.0521598 29.2041 31.5932 -2.38911
3.33254 0 0.0526987 29.2041 31.5557 -2.35158
3.34251 0 0.0533074 29.2041 31.5171 -2.31305
3.35249 0 0.0539856 29.2041 31.4776 -2.27354
3.36247 0 0.0547332 29.2031 31.4305 -2.22741
3.37245 0 0.0555499 29.2031 31.3762 -2.1731
3.38242 0 0.0564353 29.2031 31.3216 -2.11849
3.3924 0 0.0573892 29.2031 31.2667 -2.06359
3.40238 0 0.0584112 29.2031 31.2115 -2.0084
3.41236 0 0.059501 29.2031 31.1561 -1.95294
3.42234 0 0.0606584 29.2031 31.1003 -1.89719
3.43231 0 0.0618829 29.2031 31.0443 -1.84117
3.44229 0 0.0631743 29.2136 30.9555 -1.74192
3.45227 0 0.0645321 29.2135 30.8317 -1.61816
3.46225 0 0.0659555 29.2135 30.7033 -1.48975
3.47222 0 0.0674439 29.2135 30.57 -1.35653
3.4822 0 0.0689965 29.2135 30.4318 -1.21831
3.49218 0 0.0706125 29.2135 30.2884 -1.07491
3.50216 0 0.0722912 29.2135 30.1396 -0.926155
3.51213 0 0.0740316 29.2134 29.9853 -0.771842
3.52211 0 0.0758329 29.2134 29.8252 -0.611787
3.53209 0 0.0776943 29.2134 29.6592 -0.445796
3.54207 0 0.0796147 29.2115 29.4832 -0.271693
3.55204 0 0.0815931 29.2115 29.2967 -0.0852139
3.56202 0 0.0836284 29.2115 29.1029 0.108562
3.572 0 0.0857196 29.2115 28.9016 0.309859
3.58198 0 0.0878654 29.2114 28.6925 0.518899
3.59196 0 0.0900647 29.2114 28.4755 0.735899
3.60193 0 0.0923161 29.2114 28.2503 0.961068
3.61191 0 0.0946183 29.2114 28.0168 1.19461
3.62189 0 0.0969699 29.2114 27.7747 1.43671
3.63187 0 0.0993695 29.2113 27.5238 1.68754
3.64184 0 0.101815 29.2113 27.264 1.94727
3.65182 0 0.104306 29.2113 26.9953 2.21603
3.6618 0 0.10684 29.2113 26.7173 2.49394
3.67178 0 0.109416 29.2129 26.4283 2.78463
3.68175 0 0.112031 29.2129 26.1282 3.08477
3.69173 0 0.114684 29.2129 25.8188 3.39415
3.70171 0 0.117373 29.2129 25.5001 3.71276
3.71169 0 0.120096 29.2129 25.1723 4.04055
3.72166 0 0.12285 29.2129 24.8355 4.3774
3.73164 0 0.125634 29.2129 24.4897 4.72318
3.74162 0 0.128446 29.2338 24.0815 5.15234
3.7516 0 0.131283 29.2339 23.6101 5.62374
3.76158 0 0.134141 29.2339 23.1279 6.10603
3.77155 0 0.137017 29.2339 22.6353 6.59861
3.78153 0 0.13991 29.234 22.1332 7.10075
3.79151 0 0.142814 29.234 21.6224 7.61163
3.80149 0 0.145727 29.234 21.1037 8.13032
3.81146 0 0.148646 29.2341 20.5783 8.65579
3.82144 0 0.151566 29.2342 20.0473 9.18687
3.83142 0 0.154485 29.2342 19.5119 9.72231
3.8414 0 0.157399 29.2343 18.9736 10.2607
3.85137 0 0.160303 29.2344 18.4338 10.8006
3.86135 0 0.163196 29.2345 17.8941 11.3404
3.87133 0 0.166072 29.2346 17.3563 11.8783
3.88131 0 0.168929 29.2347 16.8221 12.4126
3.89128 0 0.171762 29.2348 16.2935 12.9413
3.90126 0 0.174569 29.2349 15.7724 13.4626
3.91124 0 0.177345 29.2351 15.2608 13.9743
3.92122 0 0.180087 29.2352 14.7609 14.4743
3.9312 0 0.182791 29.2353 14.2747 14.9606
3.94117 0 0.185455 29.2355 13.8044 15.431
3.95115 0 0.188075 29.235 13.3511 15.8839
3.96113 0 0.190648 29.2351 12.9167 16.3184
3.97111 0 0.193171 29.2352 12.5043 16.7309
3.98108 0 0.195642 29.2353 12.1161 17.1193
3.99106 0 0.198057 29.2354 11.7538 17.4817
4.00104 0 0.200414 29.2355 11.4193 17.8163
4.01102 0 0.202711 29.2356 11.1143 18.1213
4.02099 0 0.204946 29.2357 10.8404 18.3953
4.03097 0 0.207117 29.2358 10.5989 18.6369
4.04095 0 0.209222 29.2359 10.3911 18.8448
4.05093 0 0.211261 29.2359 10.2178 19.0181
4.0609 0 0.213232 29.2359 10.0801 19.1559
4.07088 0 0.215135 29.236 9.97832 19.2576
4.08086 0 0.216968 29.236 9.91295 19.323
4.09084 0 0.218732 29.236 9.88411 19.3519
4.10082 0 0.220426 29.236 9.89171 19.3442
4.11079 0 0.222052 29.2359 9.93544 19.3005
4.12077 0 0.223609 29.2359 10.0148 19.2211
4.13075 0 0.225098 29.2358 10.1291 19.1067
4.14073 0 0.22652 29.2358 10.2774 18.9584
4.1507 0 0.227877 29.2357 10.4586 18.7771
4.16068 0 0.229169 29.2356 10.6715 18.5641
4.17066 0 0.2304 29.2355 10.9148 18.3207
4.18064 0 0.23157 29.2354 11.1868 18.0486
4.19061 0 0.232682 29.2353 11.486 17.7493
4.20059 0 0.233737 29.2352 11.8106 17.4246
4.21057 0 0.23474 29.2351 12.159 17.0761
4.22055 0 0.235691 29.235 12.5292 16.7058
4.23053 0 0.236594 29.2349 12.9194 16.3155
4.2405 0 0.237453 29.2347 13.3277 15.907
4.25048 0 0.238268 29.2346 13.7524 15.4823
4.26046 0 0.239045 29.246 14.1668 15.0793
4.27044 0 0.239786 29.2459 14.5679 14.678
4.28041 0 0.240493 29.2458 14.9776 14.2682
4.29039 0 0.24117 29.2457 15.3941 13.8516
4.30037 0 0.24182 29.2456 15.8158 13.4299
4.31035 0 0.242446 29.2455 16.2409 13.0046
4.32032 0 0.243051 29.2455 16.6681 12.5774
4.3303 0 0.243637 29.2454 17.0957 12.1497
4.34028 0 0.244209 29.2453 17.5223 11.723
4.35026 0 0.244768 29.2452 17.9467 11.2985
4.36023 0 0.245319 29.2452 18.3676 10.8776
4.37021 0 0.245863 29.2451 18.7838 10.4613
4.38019 0 0.246403 29.2451 19.1943 10.0507
4.39017 0 0.246943 29.245 19.5981 9.64694
4.40015 0 0.247485 29.245 19.9942 9.25076
4.41012 0 0.248032 29.245 20.3819 8.86306
4.4201 0 0.248586 29.2449 20.7604 8.48458
4.43008 0 0.24915 29.2449 21.1289 8.11599
4.44006 0 0.249726 29.2449 21.487 7.7579
4.45003 0 0.250317 29.325 21.6968 7.62827
4.46001 0 0.250922 29.3807 21.6919 7.68879
4.46999 0 0.251543 29.3808 21.608 7.77277
4.47997 0 0.252178 29.3808 21.5088 7.87198
4.48994 0 0.252826 29.3808 21.395 7.98584
4.49992 0 0.253487 29.3809 21.2672 8.11373
4.5099 0 0.254159 29.3809 21.1259 8.255
4.51988 0 0.25484 29.381 20.972 8.40899
4.52985 0 0.255531 29.381 20.806 8.57499
4.53983 0 0.256229 29.3811 20.6288 8.75227
4.54981 0 0.256933 29.3811 20.4411 8.94007
4.55979 0 0.257642 29.3812 20.2436 9.13761
4.56977 0 0.258353 29.3812 20.0371 9.3441
4.57974 0 0.259065 29.3813 19.8226 9.5587
4.58972 0 0.259777 29.3814 19.6008 9.78057
4.5997 0 0.260486 29.3814 19.3726 10.0088
4.60968 0 0.261191 29.3815 19.1389 10.2426
4.61965 0 0.26189 29.4313 18.8519 10.5795
4.62963 0 0.26258 29.4314 18.5152 10.9162
4.63961 0 0.263259 29.4314 18.1804 11.251
4.64959 0 0.263925 29.4315 17.8483 11.5832
4.65956 0 0.264575 29.4315 17.5196 11.9119
4.66954 0 0.265207 29.4316 17.1951 12.2365
4.67952 0 0.265819 29.4316 16.8755 12.5561
4.6895 0 0.266408 29.4316 16.5616 12.87
4.69947 0 0.266972 29.4317 16.2542 13.1775
4.70945 0 0.267509 29.4317 15.9541 13.4777
4.71943 0 0.268016 29.4318 15.662 13.7698
4.72941 0 0.268492 29.4318 15.3787 14.0531
4.73939 0 0.268934 29.4319 15.105 14.3269
4.74936 0 0.26934 29.4319 14.8416 14.5903
4.75934 0 0.269709 29.432 14.5893 14.8426
4.76932 0 0.270038 29.432 14.3488 15.0832
4.7793 0 0.270326 29.4321 14.1207 15.3113
4.78927 0 0.270571 29.4321 13.9058 15.5263
4.79925 0 0.270771 29.4321 13.7046 15.7276
4.80923 0 0.270926 29.4322 13.5177 15.9145
4.81921 0 0.271032 29.4322 13.3457 16.0865
4.82918 0 0.27109 29.4322 13.1892 16.243
4.83916 0 0.271098 29.4323 13.0485 16.3837
4.84914 0 0.271055 29.4323 12.9242 16.5081
4.85912 0 0.27096 29.4323 12.8165 16.6158
4.86909 0 0.270813 29.4323 12.7259 16.7064
4.87907 0 0.270611 29.4323 12.6526 16.7798
4.88905 0 0.270356 29.4323 12.5968 16.8356
4.89903 0 0.270047 29.4324 12.5587 16.8737
4.90901 0 0.269682 29.4324 12.5383 16.894
4.91898 0 0.269263 29.4189 12.5207 16.8982
4.92896 0 0.268789 29.4189 12.5057 16.9132
4.93894 0 0.268259 29.4189 12.5087 16.9102
4.94892 0 0.267675 29.4189 12.5294 16.8894
4.95889 0 0.267037 29.4188 12.5677 16.8511
4.96887 0 0.266344 29.4188 12.6233 16.7955
4.97885 0 0.265597 29.4188 12.6959 16.7229
4.98883 0 0.264797 29.4188 12.785 16.6337
4.9988 0 0.263945 29.4187 12.8904 16.5283
5.00878 0 0.263041 29.4187 13.0116 16.4071
5.01876 0 0.262087 29.4187 13.148 16.2707
5.02874 0 0.261083 29.4186 13.299 16.1196
5.03872 0 0.260031 29.4186 13.4642 15.9544
5.04869 0 0.258932 29.4186 13.643 15.7756
5.05867 0 0.257788 29.4185 13.8345 15.584
5.06865 0 0.2566 29.4185 14.0383 15.3802
5.07863 0 0.255369 29.4184 14.2535 15.1649
5.0886 0 0.254097 29.4184 14.4795 14.9389
5.09858 0 0.252787 29.4183 14.7156 14.7028
5.10856 0 0.251439 29.4183 14.9609 14.4574
5.11854 0 0.250056 29.4183 15.2148 14.2035
5.12851 0 0.248639 29.4182 15.4764 13.9418
5.13849 0 0.247191 29.4182 15.7451 13.6731
5.14847 0 0.245714 29.4181 16.02 13.3981
5.15845 0 0.244209 29.4181 16.3004 13.1177
5.16842 0 0.242678 29.418 16.5855 12.8325
5.1784 0 0.241125 29.418 16.8746 12.5433
5.18838 0 0.239551 29.4179 17.167 12.2509
5.19836 0 0.237957 29.4179 17.462 11.9559
5.20834 0 0.236347 29.4179 17.7589 11.659
5.21831 0 0.234723 29.4178 18.0569 11.3609
5.22829 0 0.233086 29.4178 18.3555 11.0623
5.23827 0 0.231439 29.4178 18.6541 10.7637
5.24825 0 0.229783 29.4177 18.9519 10.4658
5.25822 0 0.228122 29.4177 19.2486 10.1691
5.2682 0 0.226457 29.4177 19.5434 9.87422
5.27818 0 0.224791 29.4176 19.836 9.58162
5.28816 0 0.223124 29.4176 20.1258 9.2918
5.29813 0 0.22146 29.4176 20.4124 9.00522
5.30811 0 0.219801 29.4176 20.6953 8.7223
5.31809 0 0.218147 29.4176 20.9741 8.44343
5.32807 0 0.216503 29.4175 21.2485 8.16899
5.33804 0 0.214868 29.4175 21.5182 7.89931
5.34802 0 0.213245 29.4175 21.7828 7.63469
5.358 0 0.211636 29.4175 22.0421 7.37542
5.36798 0 0.210043 29.4175 22.2958 7.12173
5.37796 0 0.208467 29.4175 22.5436 6.87387
5.38793 0 0.20691 29.4175 22.7855 6.63201
5.39791 0 0.205373 29.4175 23.0211 6.39633
5.40789 0 0.203859 29.4175 23.2505 6.16697
5.41787 0 0.202368 29.4175 23.4734 5.94405
5.42784 0 0.200902 29.4175 23.6898 5.72767
5.43782 0 0.199462 29.4175 23.8996 5.51789
5.4478 0 0.19805 29.4175 24.1027 5.31478
5.45778 0 0.196667 29.4175 24.2991 5.11836
5.46775 0 0.195315 29.4175 24.4888 4.92864
5.47773 0 0.193994 29.4175 24.6719 4.74561
5.48771 0 0.192705 29.5088 24.7334 4.77542
5.49769 0 0.191449 29.5088 24.6728 4.83604
5.50766 0 0.190225 29.5089 24.6038 4.90508
5.51764 0 0.189032 29.5089 24.5264 4.98243
5.52762 0 0.187871 29.5089 24.4409 5.06796
5.5376 0 0.186739 29.5089 24.3474 5.16151
5.54758 0 0.185637 29.5089 24.246 5.26289
5.55755 0 0.184564 29.5089 24.137 5.3719
5.56753 0 0.183518 29.5089 24.0206 5.48828
5.57751 0 0.182499 29.5089 23.8972 5.61175
5.58749 0 0.181507 29.5089 23.767 5.74199
5.59746 0 0.180539 29.509 23.6303 5.87866
5.60744 0 0.179595 29.509 23.4876 6.02138
5.61742 0 0.178673 29.509 23.3393 6.1697
5.6274 0 0.177773 29.509 23.1859 6.32318
5.63737 0 0.176893 29.5091 23.0278 6.48132
5.64735 0 0.176032 29.5091 22.8656 6.64356
5.65733 0 0.175188 29.5091 22.6998 6.80933
5.66731 0 0.174361 29.5353 22.4819 7.05343
5.67728 0 0.173548 29.5412 22.2056 7.33555
5.68726 0 0.172747 29.5412 21.9212 7.62002
5.69724 0 0.171956 29.5413 21.6371 7.90426
5.70722 0 0.171174 29.5414 21.354 8.18733
5.7172 0 0.170397 29.5414 21.0732 8.46825
5.72717 0 0.169624 29.5415 20.7955 8.74602
5.73715 0 0.168853 29.5416 20.522 9.01958
5.74713 0 0.168082 29.5416 20.2537 9.28787
5.75711 0 0.167308 29.5417 19.9919 9.54981
5.76708 0 0.16653 29.5418 19.7375 9.80429
5.77706 0 0.165746 29.5418 19.4916 10.0502
5.78704 0 0.164953 29.5419 19.2554 10.2865
5.79702 0 0.16415 29.542 19.0299 10.5121
5.80699 0 0.163335 29.542 18.8162 10.7258
5.81697 0 0.162506 29.5421 18.6154 10.9267
5.82695 0 0.161662 29.5421 18.4284 11.1137
5.83693 0 0.160801 29.5422 18.2562 11.286
5.8469 0 0.159922 29.5423 18.0998 11.4425
5.85688 0 0.159023 29.5423 17.9599 11.5824
5.86686 0 0.158104 29.5423 17.8373 11.705
5.87684 0 0.157163 29.5424 17.7328 11.8096
5.88682 0 0.156199 29.5424 17.6469 11.8955
5.89679 0 0.155212 29.5424 17.5802 11.9623
5.90677 0 0.154201 29.5425 17.5331 12.0094
5.91675 0 0.153165 29.5425 17.5059 12.0366
5.92673 0 0.152104 29.5425 17.4988 12.0437
5.9367 0 0.151018 29.5425 17.5121 12.0304
5.94668 0 0.149907 29.5425 17.5456 11.9968
5.95666 0 0.148771 29.5425 17.5994 11.943
5.96664 0 0.14761 29.5425 17.6732 11.8692
5.97661 0 0.146426 29.5424 17.7668 11.7756
5.98659 0 0.145217 29.5424 17.8797 11.6627
5.99657 0 0.143985 29.5424 18.0116 11.5308
6.00655 0 0.142732 29.5398 18.159 11.3808
6.01653 0 0.141457 29.5398 18.3215 11.2183
6.0265 0 0.140163 29.5397 18.5013 11.0384
6.03648 0 0.138849 29.5397 18.6977 10.8419
6.04646 0 0.137519 29.5441 18.9045 10.6397
6.05644 0 0.136173 29.5441 19.1206 10.4235
6.06641 0 0.134812 29.544 19.3505 10.1935
6.07639 0 0.133439 29.544 19.5931 9.95087
6.08637 0 0.132055 29.5439 19.8473 9.69655
6.09635 0 0.130662 29.5438 20.1122 9.43158
6.10632 0 0.129262 29.5438 20.3867 9.15702
6.1163 0 0.127857 29.5437 20.6698 8.87392
6.12628 0 0.126449 29.5436 20.9603 8.58333
6.13626 0 0.125039 29.5436 21.2573 8.28628
6.14623 0 0.123631 29.5435 21.5597 7.98378
6.15621 0 0.122227 29.5435 21.8666 7.67683
6.16619 0 0.120827 29.5434 22.177 7.36639
6.17617 0 0.119436 29.5434 22.49 7.05339
6.18615 0 0.118054 29.5433 22.8046 6.73871
6.19612 0 0.116684 29.5433 23.12 6.42321
6.2061 0 0.115329 29.5432 23.4355 6.10771
6.21608 0 0.11399 29.5432 23.7502 5.79295
6.22606 0 0.11267 29.5431 24.0635 5.47968
6.23603 0 0.111371 29.5431 24.3746 5.16855
6.24601 0 0.110095 29.5431 24.6829 4.86019
6.25599 0 0.108844 29.5431 24.9879 4.55519
6.26597 0 0.10762 29.543 25.289 4.25408
6.27594 0 0.106425 29.543 25.5857 3.95734
6.28592 0 0.105262 29.543 25.8776 3.66542
6.2959 0 0.104132 29.543 26.1643 3.37873
6.30588 0 0.103038 29.5414 26.4431 3.09831
6.31585 0 0.10198 29.5414 26.7137 2.82766
6.32583 0 0.100961 29.5414 26.978 2.5634
6.33581 0 0.0999832 29.5414 27.2356 2.30577
6.34579 0 0.0990474 29.5414 27.4864 2.055
6.35577 0 0.0981556 29.5414 27.7301 1.81127
6.36574 0 0.0973095 29.5414 27.9666 1.57473
6.37572 0 0.0965104 29.5414 28.1959 1.34552
6.3857 0 0.09576 29.5306 28.3849 1.14576
6.39568 0 0.0950596 29.5306 28.5338 0.996839
6.40565 0 0.09441 29.5306 28.6757 0.854888
6.41563 0 0.0938124 29.5306 28.8107 0.719947
6.42561 0 0.0932676 29.5306 28.9386 0.592032
6.43559 0 0.0927765 29.5306 29.0595 0.471144
6.44556 0 0.0923399 29.5307 29.1734 0.357269
6.45554 0 0.0919585 29.5307 29.2803 0.250377
6.46552 0 0.0916331 29.5307 29.3802 0.150426
6.4755 0 0.0913643 29.5307 29.4733 0.0573595
6.48547 0 0.0911528 29.5307 29.5596 -0.0288887
6.49545 0 0.0909991 29.5307 29.6391 -0.108397
6.50543 0 0.0909036 29.5307 29.712 -0.181253
6.51541 0 0.0908669 29.5307 29.7783 -0.247554
6.52539 0 0.0908895 29.5307 29.8381 -0.307408
6.53536 0 0.0909716 29.5307 29.8917 -0.36093
6.54534 0 0.0911136 29.5308 29.939 -0.408241
6.55532 0 0.0913157 29.5308 29.9802 -0.449472
6.5653 0 0.0915783 29.5308 30.0155 -0.48476
6.57527 0 0.0919016 29.5308 30.045 -0.514249
6.58525 0 0.0922856 29.5574 30.0327 -0.475321
6.59523 0 0.0927303 29.5574 29.978 -0.42061
6.60521 0 0.0932352 29.5574 29.9168 -0.359412
6.61518 0 0.0938001 29.5574 29.8493 -0.291893
6.62516 0 0.0944245 29.5574 29.7756 -0.21822
6.63514 0 0.0951079 29.5574 29.696 -0.138563
6.64512 0 0.0958498 29.5574 29.6105 -0.0530917
6.65509 0 0.0966498 29.5476 29.5011 0.0464791
6.66507 0 0.0975071 29.5476 29.3687 0.178926
6.67505 0 0.098421 29.5476 29.2324 0.315199
6.68503 0 0.0993906 29.5476 29.0924 0.455216
6.69501 0 0.100415 29.5476 28.9487 0.598887
6.70498 0 0.101494 29.5476 28.8015 0.746117
6.71496 0 0.102626 29.5476 28.6508 0.896803
6.72494 0 0.10381 29.5476 28.4968 1.05084
6.73492 0 0.105045 29.5476 28.3395 1.20811
6.74489 0 0.106331 29.5477 28.1792 1.3685
6.75487 0 0.107666 29.5477 28.0158 1.53188
6.76485 0 0.10905 29.5477 27.8495 1.69813
6.77483 0 0.110481 29.5477 27.6806 1.86711
6.7848 0 0.111958 29.5477 27.509 2.03868
6.79478 0 0.11348 29.5477 27.335 2.21269
6.80476 0 0.115047 29.5477 27.1587 2.389
6.81474 0 0.116657 29.5477 26.9803 2.56746
6.82472 0 0.118309 29.5477 26.7998 2.7479
6.83469 0 0.120002 29.5477 26.6176 2.93017
6.84467 0 0.121734 29.5477 26.4336 3.11411
6.85465 0 0.123506 29.5478 26.2482 3.29954
6.86463 0 0.125314 29.5478 26.0615 3.48629
6.8746 0 0.127159 29.5478 25.8736 3.67419
6.88458 0 0.12904 29.5478 25.6847 3.86307
6.89456 0 0.130954 29.5478 25.4951 4.05274
6.90454 0 0.132901 29.5478 25.3048 4.24302
6.91451 0 0.134879 29.5478 25.1141 4.43373
6.92449 0 0.136888 29.5478 24.9231 4.62469
6.93447 0 0.138926 29.5478 24.7321 4.8157
6.94445 0 0.140993 29.5479 24.5413 5.00658
6.95442 0 0.143086 29.5479 24.3507 5.19714
6.9644 0 0.145204 29.5479 24.1607 5.3872
6.97438 0 0.147347 29.5479 23.9713 5.57656
6.98436 0 0.149514 29.5479 23.7829 5.76503
6.99434 0 0.151702 29.5479 23.5955 5.95243
7.00431 0 0.153912 29.5479 23.4094 6.13856
7.01429 0 0.156141 29.5479 23.2247 6.32324
7.02427 0 0.158389 29.5479 23.0417 6.50628
7.03425 0 0.160654 29.548 22.8605 6.6875
7.04422 0 0.162935 29.548 22.6812 6.86672
7.0542 0 0.165232 29.548 22.5042 7.04375
7.06418 0 0.167543 29.5649 22.3017 7.2632
7.07416 0 0.169866 29.5649 22.0716 7.49327
7.08413 0 0.172201 29.5649 21.8397 7.72517
7.09411 0 0.174546 29.5649 21.606 7.95888
7.10409 0 0.176899 29.5649 21.3705 8.19438
7.11407 0 0.179259 29.5649 21.1332 8.43166
7.12404 0 0.181625 29.5649 20.8942 8.6707
7.13402 0 0.183995 29.5649 20.6534 8.91147
7.144 0 0.186367 29.5639 20.4098 9.15415
7.15398 0 0.18874 29.5639 20.1635 9.40043
7.16396 0 0.191113 29.5639 19.9158 9.64807
7.17393 0 0.193484 29.5639 19.6669 9.89704
7.18391 0 0.19585 29.5639 19.4166 10.1473
7.19389 0 0.198212 29.5639 19.1652 10.3988
7.20387 0 0.200567 29.5639 18.9125 10.6514
7.21384 0 0.202913 29.5639 18.6588 10.9051
7.22382 0 0.205249 29.5639 18.4041 11.1598
7.2338 0 0.207573 29.5639 18.1485 11.4154
7.24378 0 0.209883 29.5636 17.8908 11.6728
7.25375 0 0.212179 29.5636 17.631 11.9326
7.26373 0 0.214457 29.5636 17.3705 12.1931
7.27371 0 0.216717 29.5636 17.1096 12.454
7.28369 0 0.218957 29.5636 16.8484 12.7152
7.29366 0 0.221175 29.5636 16.5871 12.9765
7.30364 0 0.223369 29.5636 16.3262 13.2374
7.31362 0 0.225537 29.5636 16.0657 13.4979
7.3236 0 0.227679 29.5636 15.8062 13.7574
7.33358 0 0.229791 29.5637 15.5479 14.0157
7.34355 0 0.231872 29.5637 15.2913 14.2724
7.35353 0 0.233921 29.5637 15.0367 14.527
7.36351 0 0.235935 29.5637 14.7847 14.779
7.37349 0 0.237914 29.5412 14.4798 15.0613
7.38346 0 0.239854 29.5412 14.1244 15.4168
7.39344 0 0.241754 29.5413 13.7753 15.766
7.40342 0 0.243611 29.5413 13.4332 16.1081
7.4134 0 0.245422 29.5414 13.0991 16.4422
7.42337 0 0.247187 29.5414 12.774 16.7674
7.43335 0 0.248902 29.5415 12.4588 17.0827
7.44333 0 0.250565 29.5415 12.1545 17.3871
7.45331 0 0.252175 29.5416 11.862 17.6796
7.46328 0 0.253729 29.5417 11.5825 17.9592
7.47326 0 0.255225 29.5417 11.3168 18.2249
7.48324 0 0.256662 29.5418 11.066 18.4757
7.49322 0 0.258037 29.5418 10.8312 18.7107
7.5032 0 0.25935 29.5419 10.6131 18.9288
7.51317 0 0.260598 29.542 10.4129 19.129
7.52315 0 0.261781 29.542 10.2315 19.3105
7.53313 0 0.262897 29.5421 10.0696 19.4725
7.54311 0 0.263945 29.5421 9.92814 19.614
7.55308 0 0.264924 29.5422 9.80789 19.7343
7.56306 0 0.265834 29.5422 9.70953 19.8327
7.57304 0 0.266673 29.5422 9.63371 19.9085
7.58302 0 0.267441 29.5423 9.58097 19.9613
7.59299 0 0.268137 29.5423 9.55177 19.9905
7.60297 0 0.268763 29.5423 9.54648 19.9958
7.61295 0 0.269317 29.5423 9.56539 19.9769
7.62293 0 0.269799 29.5423 9.60865 19.9337
7.6329 0 0.270211 29.5423 9.67635 19.866
7.64288 0 0.270552 29.5423 9.76843 19.7739
7.65286 0 0.270824 29.5423 9.88476 19.6575
7.66284 0 0.271027 29.5423 10.0251 19.5172
7.67282 0 0.271162 29.5422 10.189 19.3532
7.68279 0 0.271231 29.5422 10.3761 19.1661
7.69277 0 0.271235 29.5422 10.5857 18.9564
7.70275 0 0.271175 29.5421 10.8173 18.7248
7.71273 0 0.271053 29.5421 11.07 18.4721
7.7227 0 0.270871 29.542 11.343 18.199
7.73268 0 0.270631 29.5419 11.6354 17.9065
7.74266 0 0.270334 29.5419 11.9462 17.5957
7.75264 0 0.269985 29.5418 12.2743 17.2675
7.76261 0 0.269583 29.5417 12.6186 16.9231
7.77259 0 0.269133 29.5417 12.978 16.5637
7.78257 0 0.268637 29.5416 13.3513 16.1903
7.79255 0 0.268097 29.5415 13.7371 15.8044
7.80253 0 0.267515 29.5414 14.1344 15.407
7.8125 0 0.266896 29.5414 14.5419 14.9995
7.82248 0 0.266242 29.5413 14.9582 14.5831
7.83246 0 0.265555 29.5412 15.3822 14.159
7.84244 0 0.264838 29.5412 15.8127 13.7285
7.85241 0 0.264096 29.5411 16.2484 13.2927
7.86239 0 0.263329 29.541 16.6881 12.8529
7.87237 0 0.262543 29.541 17.1308 12.4102
7.88235 0 0.261739 29.5409 17.5753 11.9656
7.89232 0 0.260921 29.5408 18.0205 11.5204
7.9023 0 0.260092 29.5408 18.4654 11.0754
7.91228 0 0.259254 29.5407 18.9092 10.6316
7.92226 0 0.258411 29.7238 19.153 10.5707
7.93223 0 0.257564 29.7238 19.1974 10.5264
7.94221 0 0.256712 29.7238 19.2411 10.4827
7.95219 0 0.255856 29.7238 19.2842 10.4396
7.96217 0 0.254996 29.7098 19.2758 10.434
7.97215 0 0.254132 29.7098 19.2156 10.4942
7.98212 0 0.253264 29.7098 19.1555 10.5543
7.9921 0 0.25239 29.7225 19.0608 10.6617
8.00208 0 0.25151 29.7225 18.9328 10.7897
8.01206 0 0.250623 29.7226 18.8081 10.9145
8.02203 0 0.249729 29.7226 18.6871 11.0355
8.03201 0 0.248827 29.7226 18.5702 11.1524
8.04199 0 0.247915 29.7226 18.4579 11.2647
8.05197 0 0.246993 29.7227 18.3507 11.3719
8.06194 0 0.24606 29.7227 18.2491 11.4736
8.07192 0 0.245116 29.7227 18.1535 11.5693
8.0819 0 0.24416 29.7228 18.0643 11.6584
8.09188 0 0.243191 29.7228 17.9821 11.7407
8.10185 0 0.242208 29.7228 17.9072 11.8156
8.11183 0 0.241211 29.7228 17.84 11.8828
8.12181 0 0.2402 29.7228 17.781 11.9418
8.13179 0 0.239173 29.7229 17.7305 11.9924
8.14177 0 0.238131 29.7229 17.6887 12.0341
8.15174 0 0.237074 29.7229 17.6561 12.0668
8.16172 0 0.236 29.7229 17.6328 12.0901
8.1717 0 0.23491 29.7229 17.6191 12.1039
8.18168 0 0.233804 29.7229 17.615 12.1079
8.19165 0 0.232681 29.7229 17.6208 12.1021
8.20163 0 0.231542 29.7229 17.6365 12.0864
8.21161 0 0.230386 29.7229 17.6622 12.0607
8.22159 0 0.229214 29.7229 17.6979 12.0251
8.23156 0 0.228026 29.7229 17.7434 11.9795
8.24154 0 0.226822 29.7229 17.7988 11.9241
8.25152 0 0.225603 29.7229 17.8638 11.8591
8.2615 0 0.224368 29.7229 17.9384 11.7845
8.27147 0 0.223119 29.7229 18.0223 11.7006
8.28145 0 0.221856 29.7229 18.1154 11.6075
8.29143 0 0.220579 29.7229 18.2172 11.5057
8.30141 0 0.21929 29.7228 18.3276 11.3952
8.31139 0 0.217988 29.7228 18.4463 11.2765
8.32136 0 0.216675 29.7228 18.5729 11.1499
8.33134 0 0.215352 29.7228 18.7071 11.0157
8.34132 0 0.214018 29.7228 18.8486 10.8742
8.3513 0 0.212676 29.7227 18.9969 10.7258
8.36127 0 0.211327 29.7227 19.1518 10.5709
8.37125 0 0.20997 29.7227 19.3129 10.4098
8.38123 0 0.208608 29.7227 19.4798 10.2429
8.39121 0 0.207241 29.7227 19.6521 10.0706
8.40118 0 0.205871 29.7226 19.8295 9.89312
8.41116 0 0.204498 29.7226 20.0117 9.71093
8.42114 0 0.203124 29.7226 20.1983 9.52433
8.43112 0 0.201751 29.7226 20.3889 9.33365
8.44109 0 0.200378 29.719 20.5549 9.16408
8.45107 0 0.199008 29.719 20.6959 9.02304
8.46105 0 0.197641 29.719 20.8399 8.87903
8.47103 0 0.196278 29.7189 20.9867 8.73228
8.48101 0 0.194921 29.7189 21.1359 8.58303
8.49098 0 0.19357 29.7189 21.2874 8.43151
8.50096 0 0.192226 29.7189 21.441 8.27794
8.51094 0 0.19089 29.7189 21.5964 8.12253
8.52092 0 0.189564 29.7189 21.7534 7.96548
8.53089 0 0.188248 29.7189 21.9119 7.80698
8.54087 0 0.186944 29.7189 22.0716 7.64724
8.55085 0 0.185652 29.7189 22.2325 7.48642
8.56083 0 0.184373 29.7189 22.3942 7.32471
8.5708 0 0.183109 29.7189 22.5566 7.16228
8.58078 0 0.181861 29.7189 22.7196 6.99929
8.59076 0 0.180629 29.7188 22.8829 6.8359
8.60074 0 0.179415 29.7188 23.0466 6.67228
8.61072 0 0.17822 29.7188 23.2103 6.50858
8.62069 0 0.177044 29.7188 23.3739 6.34494
8.63067 0 0.175889 29.7188 23.5373 6.1815
8.64065 0 0.174756 29.7188 23.7004 6.01842
8.65063 0 0.173646 29.7188 23.863 5.85583
8.6606 0 0.17256 29.7188 24.025 5.69386
8.67058 0 0.171498 29.7188 24.1862 5.53264
8.68056 0 0.170463 29.7188 24.3465 5.3723
8.69054 0 0.169454 29.7188 24.5058 5.21296
8.70051 0 0.168473 29.7188 24.6641 5.05473
8.71049 0 0.167521 29.7188 24.8211 4.89774
8.72047 0 0.166599 29.7188 24.9767 4.74208
8.73045 0 0.165707 29.7188 25.1309 4.58785
8.74042 0 0.164847 29.7125 25.2772 4.43528
8.7504 0 0.16402 29.7125 25.4155 4.29696
8.76038 0 0.163226 29.7125 25.5523 4.16019
8.77036 0 0.162466 29.7125 25.6874 4.02506
8.78034 0 0.161741 29.7125 25.8208 3.89167
8.79031 0 0.161053 29.7125 25.9523 3.76012
8.80029 0 0.1604 29.7125 26.082 3.6305
8.81027 0 0.159786 29.7125 26.2096 3.50288
8.82025 0 0.159209 29.7125 26.3351 3.37734
8.83022 0 0.158671 29.7125 26.4585 3.25394
8.8402 0 0.158173 29.7125 26.5797 3.13274
8.85018 0 0.157716 29.7125 26.6987 3.01378
8.86016 0 0.157299 29.7125 26.8154 2.8971
8.87013 0 0.156924 29.7125 26.9297 2.78275
8.88011 0 0.156592 29.7125 27.0417 2.67073
8.89009 0 0.156303 29.6946 27.0464 2.64815
8.90007 0 0.156056 29.6946 26.9418 2.75279
8.91004 0 0.155852 29.6946 26.831 2.86361
8.92002 0 0.15569 29.6946 26.7141 2.9805
8.93 0 0.155568 29.6946 26.5913 3.10328
8.93998 0 0.155487 29.6946 26.4628 3.23181
8.94996 0 0.155444 29.6946 26.3287 3.3659
8.95993 0 0.15544 29.6946 26.1893 3.50536
8.96991 0 0.155474 29.6909 26.0388 3.65213
8.97989 0 0.155543 29.6909 25.878 3.81285
8.98987 0 0.155648 29.6909 25.714 3.97691
8.99984 0 0.155787 29.6909 25.5468 4.14412
9.00982 0 0.155958 29.6909 25.3767 4.31425
9.0198 0 0.156162 29.6909 25.2039 4.48706
9.02978 0 0.156397 29.6909 25.0287 4.66226
9.03975 0 0.156661 29.691 24.8514 4.83955
9.04973 0 0.156953 29.691 24.6724 5.01858
9.05971 0 0.157272 29.691 24.492 5.19897
9.06969 0 0.157618 29.691 24.3107 5.38031
9.07966 0 0.157987 29.691 24.1289 5.56217
9.08964 0 0.15838 29.6911 23.947 5.74405
9.09962 0 0.158796 29.6911 23.7657 5.92545
9.1096 0 0.159231 29.6911 23.5853 6.10583
9.11958 0 0.159687 29.6912 23.4066 6.2846
9.12955 0 0.16016 29.6912 23.23 6.46118
9.13953 0 0.160651 29.6912 23.0563 6.63492
9.14951 0 0.161157 29.6913 22.8861 6.80518
9.15949 0 0.161678 29.6879 22.7132 6.9747
9.16946 0 0.162211 29.6879 22.5378 7.15008
9.17944 0 0.162757 29.688 22.3671 7.32084
9.18942 0 0.163314 29.688 22.2017 7.48632
9.1994 0 0.16388 29.688 22.0422 7.64588
9.20937 0 0.164454 29.6881 21.8892 7.79888
9.21935 0 0.165037 29.6881 21.7434 7.94466
9.22933 0 0.165625 29.6881 21.6055 8.08262
9.23931 0 0.166219 29.6882 21.476 8.21214
9.24928 0 0.166817 29.6882 21.3555 8.33267
9.25926 0 0.167419 29.6882 21.2446 8.44364
9.26924 0 0.168024 29.6883 21.1437 8.54457
9.27922 0 0.168632 29.6883 21.0533 8.63499
9.2892 0 0.16924 29.6883 20.9738 8.71449
9.29917 0 0.16985 29.6883 20.9056 8.78274
9.30915 0 0.17046 29.6883 20.8489 8.83943
9.31913 0 0.171071 29.6883 20.804 8.88436
9.32911 0 0.171682 29.6975 20.7404 8.95706
9.33908 0 0.172292 29.6975 20.6582 9.03927
9.34906 0 0.172901 29.6975 20.5876 9.10995
9.35904 0 0.173508 29.6975 20.5284 9.16913
9.36902 0 0.174115 29.6975 20.4806 9.21688
9.37899 0 0.174719 29.6975 20.4441 9.25337
9.38897 0 0.175321 29.6974 20.4186 9.27883
9.39895 0 0.175922 29.6939 20.3986 9.29537
9.40893 0 0.17652 29.6939 20.3836 9.31034
9.4189 0 0.177117 29.6939 20.3786 9.31527
9.42888 0 0.177711 29.6938 20.3832 9.31063
9.43886 0 0.178305 29.6938 20.3968 9.29697
9.44884 0 0.178897 29.6937 20.4189 9.27486
9.45882 0 0.179488 29.6937 20.4487 9.24496
9.46879 0 0.180078 29.6936 20.4857 9.20791
9.47877 0 0.180669 29.6936 20.5292 9.16441
9.48875 0 0.181259 29.6935 20.5784 9.1152
9.49873 0 0.181851 29.6935 20.6325 9.061
9.5087 0 0.182444 29.6934 20.6909 9.00256
9.51868 0 0.18304 29.6934 20.7528 8.94063
9.52866 0 0.183638 29.6933 20.8174 8.87597
9.53864 0 0.184239 29.6933 20.884 8.80931
9.54861 0 0.184844 29.6933 20.9519 8.74136
9.55859 0 0.185453 29.6932 21.0204 8.67283
9.56857 0 0.186068 29.6932 21.0888 8.6044
9.57855 0 0.186688 29.6931 21.1564 8.53669
9.58853 0 0.187315 29.6931 21.2228 8.47031
9.5985 0 0.187948 29.6931 21.2872 8.40582
9.60848 0 0.188588 29.693 21.3493 8.34374
9.61846 0 0.189237 29.693 21.4085 8.28453
9.62844 0 0.189893 29.693 21.4644 8.2286
9.63841 0 0.190559 29.693 21.5166 8.17632
9.64839 0 0.191233 29.6929 21.5649 8.12799
9.65837 0 0.191917 29.6929 21.6091 8.08386
9.66835 0 0.19261 29.6929 21.6488 8.0441
9.67832 0 0.193313 29.7231 21.6456 8.07757
9.6883 0 0.194027 29.7231 21.596 8.12714
9.69828 0 0.194749 29.7231 21.5362 8.18688
9.70826 0 0.195481 29.7231 21.4662 8.25688
9.71823 0 0.196222 29.7231 21.3859 8.33717
9.72821 0 0.196971 29.7231 21.2954 8.42773
9.73819 0 0.197727 29.7231 21.1946 8.52849
9.74817 0 0.19849 29.7231 21.0838 8.63931
9.75815 0 0.199259 29.7231 20.9631 8.76002
9.76812 0 0.200034 29.7231 20.8328 8.89038
9.7781 0 0.200812 29.7232 20.693 9.03012
9.78808 0 0.201594 29.7232 20.5443 9.17893
9.79806 0 0.202378 29.7232 20.3868 9.33644
9.80803 0 0.203163 29.7232 20.221 9.50226
9.81801 0 0.203947 29.7233 20.0473 9.67595
9.82799 0 0.20473 29.7233 19.8662 9.85704
9.83797 0 0.20551 29.7233 19.6783 10.045
9.84794 0 0.206285 29.7233 19.4839 10.2394
9.85792 0 0.207055 29.7261 19.2769 10.4492
9.8679 0 0.207817 29.7261 19.0572 10.669
9.87788 0 0.20857 29.7262 18.8319 10.8943
9.88785 0 0.209312 29.7262 18.6016 11.1246
9.89783 0 0.210041 29.7262 18.3669 11.3593
9.90781 0 0.210757 29.7263 18.1283 11.5979
9.91779 0 0.211456 29.7263 17.8866 11.8397
9.92777 0 0.212137 29.7201 17.6319 12.0882
9.93774 0 0.212799 29.7201 17.3654 12.3547
9.94772 0 0.213439 29.7201 17.0981 12.622
9.9577 0 0.214055 29.7202 16.8308 12.8894
9.96768 0 0.214646 29.7202 16.5638 13.1564
9.97765 0 0.215209 29.7202 16.2979 13.4223
