0.00997765 0 3.4359e-05 21.8725 27.5587 -5.6862
0.0199553 0 0.000137357 21.8725 27.5251 -5.65265
0.029933 0 0.000308861 21.8724 27.4881 -5.61564
0.0399106 0 0.000548723 21.8724 27.4474 -5.57502
0.0498883 0 0.000856774 21.8724 27.403 -5.53061
0.0598659 0 0.00123283 21.8724 27.3546 -5.48225
0.0698436 0 0.00167667 21.8724 27.3021 -5.42974
0.0798212 0 0.00218807 21.8724 27.2453 -5.37291
0.0897989 0 0.00276678 21.8723 27.1839 -5.31155
0.0997765 0 0.00341252 21.8723 27.1178 -5.24548
0.109754 0 0.00412498 21.8723 27.0468 -5.17449
0.119732 0 0.00490382 21.8723 26.9706 -5.09835
0.129709 0 0.00574869 21.8723 26.8891 -5.01687
0.139687 0 0.00665919 21.8722 26.802 -4.9298
0.149665 0 0.0076349 21.8722 26.7091 -4.83691
0.159642 0 0.00867536 21.8722 26.6102 -4.73798
0.16962 0 0.00978007 21.8722 26.5049 -4.63276
0.179598 0 0.0109485 21.8722 26.3932 -4.52099
0.189575 0 0.0121801 21.8721 26.2746 -4.40243
0.199553 0 0.0134742 21.8721 26.1489 -4.27682
0.209531 0 0.0148302 21.8721 26.016 -4.14389
0.219508 0 0.0162473 21.8721 25.8754 -4.00337
0.229486 0 0.0177249 21.872 25.727 -3.855
0.239464 0 0.0192621 21.872 25.5705 -3.6985
0.249441 0 0.0208581 21.872 25.4056 -3.5336
0.259419 0 0.0225119 21.872 25.232 -3.36003
0.269397 0 0.0242227 21.8719 25.0494 -3.17751
0.279374 0 0.0259893 21.8719 24.8577 -2.98576
0.289352 0 0.0278108 21.8719 24.6564 -2.78453
0.29933 0 0.0296858 21.8719 24.4454 -2.57354
0.309307 0 0.0316134 21.8718 24.2244 -2.35253
0.319285 0 0.0335921 21.8718 23.9931 -2.12127
0.329263 0 0.0356205 21.8718 23.7513 -1.87951
0.33924 0 0.0376974 21.8718 23.4988 -1.62702
0.349218 0 0.0398211 21.8717 23.2353 -1.36359
0.359196 0 0.0419902 21.8717 22.9607 -1.08902
0.369173 0 0.0442028 21.8717 22.6748 -0.803154
0.379151 0 0.0464574 21.8717 22.3775 -0.50583
0.389128 0 0.0487521 21.8716 22.0686 -0.196928
0.399106 0 0.0510849 21.8716 21.748 0.123646
0.409084 0 0.0534538 21.8716 21.4157 0.455949
0.419061 0 0.0558568 21.8716 21.0716 0.800004
0.429039 0 0.0582918 21.8716 20.7158 1.15579
0.439017 0 0.0607563 21.8716 20.3484 1.52324
0.448994 0 0.0632482 21.8716 19.9693 1.90224
0.458972 0 0.0657648 21.8716 19.579 2.29262
0.46895 0 0.0683038 21.8716 19.1774 2.69415
0.478927 0 0.0708624 21.8716 18.7651 3.10654
0.488905 0 0.0734379 21.8716 18.3422 3.52943
0.498883 0 0.0760276 21.8716 17.9092 3.96239
0.50886 0 0.0786285 21.8717 17.4667 4.40491
0.518838 0 0.0812376 21.8717 17.0153 4.85642
0.528816 0 0.083852 21.8717 16.5555 5.31624
0.538793 0 0.0864685 21.8718 16.0881 5.78362
0.548771 0 0.0890838 21.8718 15.6141 6.25773
0.558749 0 0.0916948 21.8719 15.1342 6.73763
0.568726 0 0.0942981 21.8719 14.6496 7.2223
0.578704 0 0.0968904 21.872 14.1614 7.71063
0.588682 0 0.0994682 21.8721 13.6706 8.20143
0.598659 0 0.102028 21.8721 13.1787 8.69339
0.608637 0 0.104567 21.8722 12.6871 9.18515
0.618615 0 0.10708 21.8723 12.1971 9.67524
0.628592 0 0.109566 21.8724 11.7103 10.1621
0.63857 0 0.112019 21.8725 11.2283 10.6442
0.648547 0 0.114438 21.8726 10.7528 11.1198
0.658525 0 0.116817 21.8727 10.2855 11.5872
0.668503 0 0.119155 21.8728 9.82818 12.0446
0.67848 0 0.121448 21.8729 9.38264 12.4903
0.688458 0 0.123691 21.873 8.95069 12.9223
0.698436 0 0.125883 21.8731 8.53416 13.339
0.708413 0 0.128021 21.8733 8.13486 13.7384
0.718391 0 0.130101 21.8734 7.75458 14.1188
0.728369 0 0.13212 21.8735 7.39507 14.4784
0.738346 0 0.134076 21.8736 7.05803 14.8155
0.748324 0 0.135967 21.8737 6.74506 15.1286
0.758302 0 0.137791 21.8737 6.45769 15.4161
0.768279 0 0.139544 21.8738 6.19736 15.6765
0.778257 0 0.141226 21.8718 5.94884 15.923
0.788235 0 0.142834 21.8719 5.71172 16.1602
0.798212 0 0.144367 21.872 5.50262 16.3693
0.80819 0 0.145823 21.872 5.3224 16.5496
0.818168 0 0.147202 21.872 5.17173 16.7003
0.828145 0 0.148502 21.8721 5.05117 16.8209
0.838123 0 0.149722 21.8721 4.96107 16.911
0.848101 0 0.150863 21.8711 4.89871 16.9723
0.858078 0 0.151923 21.871 4.86386 17.0072
0.868056 0 0.152902 21.871 4.8592 17.0118
0.878034 0 0.153801 21.871 4.8844 16.9866
0.888011 0 0.15462 21.871 4.93901 16.9319
0.897989 0 0.15536 21.8709 5.0224 16.8485
0.907966 0 0.156021 21.8708 5.13378 16.7371
0.917944 0 0.156605 21.8708 5.27223 16.5986
0.927922 0 0.157112 21.8707 5.43673 16.434
0.937899 0 0.157544 21.8706 5.6261 16.2445
0.947877 0 0.157903 21.8706 5.83911 16.0314
0.957855 0 0.158191 21.8705 6.0744 15.7961
0.967832 0 0.158409 21.8704 6.33056 15.5398
0.97781 0 0.158559 21.8703 6.60613 15.2642
0.987788 0 0.158644 21.8702 6.89959 14.9706
0.997765 0 0.158666 21.8701 7.20941 14.6607
1.00774 0 0.158628 21.87 7.53403 14.336
1.01772 0 0.158531 21.8699 7.87189 13.998
1.0277 0 0.158379 21.8698 8.22147 13.6483
1.03768 0 0.158175 21.8697 8.58124 13.2885
1.04765 0 0.15792 21.8696 8.9497 12.9199
1.05763 0 0.157618 21.8696 9.32543 12.5441
1.06761 0 0.157272 21.8695 9.70702 12.1625
1.07759 0 0.156885 21.8694 10.0931 11.7763
1.08756 0 0.156459 21.8693 10.4825 11.3868
1.09754 0 0.155997 21.8693 10.8739 10.9954
1.10752 0 0.155502 21.8692 11.2663 10.603
1.1175 0 0.154977 21.8692 11.6584 10.2107
1.12747 0 0.154425 21.8691 12.0495 9.81965
1.13745 0 0.153848 21.8691 12.4385 9.43061
1.14743 0 0.15325 21.8691 12.8246 9.04445
1.15741 0 0.152633 21.869 13.2071 8.66195
1.16739 0 0.151999 21.8718 13.5802 8.29162
1.17736 0 0.151352 21.8718 13.9429 7.92895
1.18734 0 0.150694 21.8718 14.2991 7.57271
1.19732 0 0.150027 21.8718 14.6483 7.22344
1.2073 0 0.149354 21.8718 14.9902 6.88156
1.21727 0 0.148677 21.8717 15.3243 6.54747
1.22725 0 0.147998 21.8717 15.6502 6.22151
1.23723 0 0.14732 21.8717 15.9678 5.90396
1.24721 0 0.146644 21.8717 16.2767 5.59504
1.25718 0 0.145973 21.8717 16.5768 5.29494
1.26716 0 0.145308 21.8717 16.8679 5.00381
1.27714 0 0.144652 21.8717 17.15 4.72176
1.28712 0 0.144006 21.8652 17.3912 4.47406
1.29709 0 0.143372 21.8653 17.5908 4.27443
1.30707 0 0.142751 21.8653 17.7804 4.08487
1.31705 0 0.142145 21.8653 17.96 3.90527
1.32703 0 0.141554 21.8653 18.1298 3.7355
1.33701 0 0.140979 21.8653 18.2899 3.57539
1.34698 0 0.140423 21.8653 18.4406 3.42477
1.35696 0 0.139885 21.8654 18.5819 3.28346
1.36694 0 0.139367 21.8654 18.7141 3.15128
1.37692 0 0.138869 21.8654 18.8374 3.02801
1.38689 0 0.138392 21.8654 18.952 2.91345
1.39687 0 0.137937 21.8654 19.0581 2.80738
1.40685 0 0.137504 21.8655 19.1559 2.70959
1.41683 0 0.137094 21.8655 19.2456 2.61985
1.4268 0 0.136708 21.8655 19.3276 2.53795
1.43678 0 0.136346 21.8677 19.3971 2.47062
1.44676 0 0.136008 21.8677 19.4545 2.41323
1.45674 0 0.135695 21.8677 19.5049 2.36284
1.46672 0 0.135407 21.8678 19.5485 2.31922
1.47669 0 0.135144 21.8678 19.5856 2.28214
1.48667 0 0.134907 21.8678 19.6164 2.25137
1.49665 0 0.134695 21.8678 19.6411 2.22669
1.50663 0 0.134509 21.8678 19.6599 2.20789
1.5166 0 0.134349 21.8678 19.6731 2.19473
1.52658 0 0.134214 21.8679 19.6808 2.18702
1.53656 0 0.134106 21.8679 19.6834 2.18452
1.54654 0 0.134023 21.8679 19.6809 2.18702
1.55651 0 0.133965 21.8679 19.6736 2.19433
1.56649 0 0.133934 21.8679 19.6617 2.20622
1.57647 0 0.133928 21.8679 19.6454 2.2225
1.58645 0 0.133947 21.8679 19.625 2.24294
1.59642 0 0.133991 21.868 19.6006 2.26735
1.6064 0 0.13406 21.868 19.5725 2.29552
1.61638 0 0.134154 21.868 19.5407 2.32724
1.62636 0 0.134272 21.868 19.5057 2.3623
1.63634 0 0.134415 21.868 19.4675 2.40049
1.64631 0 0.134581 21.868 19.4264 2.4416
1.65629 0 0.13477 21.8694 19.3776 2.49176
1.66627 0 0.134983 21.8694 19.3219 2.54746
1.67625 0 0.135219 21.8694 19.2652 2.60421
1.68622 0 0.135477 21.8694 19.2075 2.66186
1.6962 0 0.135757 21.8694 19.1492 2.72026
1.70618 0 0.136058 21.8694 19.0902 2.77923
1.71616 0 0.136381 21.8694 19.0308 2.83861
1.72613 0 0.136724 21.8694 18.9712 2.89823
1.73611 0 0.137087 21.867 18.9066 2.96035
1.74609 0 0.13747 21.867 18.8366 3.03039
1.75607 0 0.137873 21.867 18.7655 3.10144
1.76604 0 0.138294 21.867 18.6936 3.17337
1.77602 0 0.138734 21.867 18.621 3.24603
1.786 0 0.139191 21.8578 18.533 3.32483
1.79598 0 0.139665 21.8578 18.43 3.42784
1.80596 0 0.140157 21.8578 18.3269 3.53096
1.81593 0 0.140664 21.8578 18.2238 3.63409
1.82591 0 0.141186 21.8578 18.1207 3.73716
1.83589 0 0.141723 21.8579 18.0178 3.84006
1.84587 0 0.142274 21.8614 17.8857 3.97569
1.85584 0 0.142839 21.8614 17.7245 4.13683
1.86582 0 0.143415 21.8614 17.5645 4.29693
1.8758 0 0.144003 21.8614 17.4055 4.45584
1.88578 0 0.1446 21.8614 17.248 4.61342
1.89575 0 0.145207 21.8614 17.0918 4.76955
1.90573 0 0.145823 21.8614 16.9373 4.92409
1.91571 0 0.146445 21.8614 16.7845 5.07693
1.92569 0 0.147074 21.8614 16.6334 5.22795
1.93566 0 0.147709 21.8614 16.4843 5.37706
1.94564 0 0.148347 21.8614 16.3372 5.52418
1.95562 0 0.14899 21.8614 16.1922 5.66922
1.9656 0 0.149635 21.8614 16.0493 5.81213
1.97558 0 0.150282 21.8614 15.9085 5.95286
1.98555 0 0.15093 21.8614 15.77 6.09139
1.99553 0 0.151578 21.8614 15.6337 6.22768
2.00551 0 0.152226 21.8614 15.4996 6.36175
2.01549 0 0.152872 21.8614 15.3678 6.49362
2.02546 0 0.153516 21.8614 15.2381 6.62331
2.03544 0 0.154157 21.8614 15.1105 6.75089
2.04542 0 0.154794 21.8613 14.9849 6.87641
2.0554 0 0.155427 21.8613 14.8614 6.99998
2.06537 0 0.156055 21.8613 14.7396 7.12168
2.07535 0 0.156676 21.8613 14.6197 7.24163
2.08533 0 0.157291 21.8613 14.5013 7.35998
2.09531 0 0.157899 21.8613 14.3844 7.47686
2.10528 0 0.158499 21.8613 14.2688 7.59242
2.11526 0 0.15909 21.8612 14.1544 7.70684
2.12524 0 0.159672 21.8612 14.0409 7.82029
2.13522 0 0.160244 21.8612 13.9283 7.93294
2.1452 0 0.160805 21.8626 13.8132 8.04937
2.15517 0 0.161354 21.8625 13.6957 8.16682
2.16515 0 0.161892 21.8625 13.5787 8.28379
2.17513 0 0.162417 21.8625 13.462 8.40047
2.18511 0 0.162928 21.8625 13.3455 8.51701
2.19508 0 0.163425 21.8625 13.2289 8.63359
2.20506 0 0.163908 21.8625 13.1121 8.75033
2.21504 0 0.164374 21.8625 12.9951 8.86737
2.22502 0 0.164824 21.8624 12.8776 8.9848
2.23499 0 0.165257 21.8624 12.7597 9.10272
2.24497 0 0.165672 21.8624 12.6413 9.22116
2.25495 0 0.166068 21.8624 12.5223 9.34017
2.26493 0 0.166444 21.8624 12.4027 9.45971
2.27491 0 0.1668 21.8624 12.2827 9.57974
2.28488 0 0.167135 21.8624 12.1622 9.70017
2.29486 0 0.167447 21.8624 12.0416 9.82087
2.30484 0 0.167737 21.8624 11.9208 9.94165
2.31482 0 0.168002 21.8625 11.8002 10.0623
2.32479 0 0.168242 21.8625 11.6799 10.1825
2.33477 0 0.168457 21.8625 11.5604 10.302
2.34475 0 0.168644 21.8625 11.4421 10.4204
2.35473 0 0.168804 21.8625 11.3252 10.5373
2.3647 0 0.168935 21.8626 11.2103 10.6522
2.37468 0 0.169036 21.8626 11.0979 10.7647
2.38466 0 0.169107 21.8626 10.9886 10.874
2.39464 0 0.169145 21.8627 10.8829 10.9798
2.40461 0 0.169152 21.8627 10.7815 11.0812
2.41459 0 0.169125 21.8628 10.685 11.1778
2.42457 0 0.169063 21.8628 10.5941 11.2687
2.43455 0 0.168966 21.8629 10.5095 11.3534
2.44453 0 0.168833 21.821 10.3339 11.4872
2.4545 0 0.168662 21.8211 10.0701 11.751
2.46448 0 0.168452 21.8212 9.81864 12.0026
2.47446 0 0.168201 21.8213 9.58066 12.2406
2.48444 0 0.167907 21.8213 9.35741 12.4639
2.49441 0 0.167567 21.8214 9.15004 12.6714
2.50439 0 0.167181 21.8215 8.95968 12.8618
2.51437 0 0.166746 21.8215 8.78738 13.0342
2.52435 0 0.166262 21.8216 8.63412 13.1875
2.53432 0 0.165728 21.8216 8.50079 13.3209
2.5443 0 0.165141 21.8217 8.3882 13.4335
2.55428 0 0.164501 21.8217 8.29706 13.5247
2.56426 0 0.163808 21.8018 8.20708 13.5948
2.57423 0 0.16306 21.8019 8.1195 13.6824
2.58421 0 0.162258 21.8019 8.05589 13.746
2.59419 0 0.1614 21.8019 8.01652 13.7854
2.60417 0 0.160486 21.8019 8.00154 13.8004
2.61415 0 0.159516 21.8019 8.01095 13.7909
2.62412 0 0.158491 21.8019 8.04466 13.7572
2.6341 0 0.15741 21.8019 8.10242 13.6994
2.64408 0 0.156275 21.8018 8.18389 13.6179
2.65406 0 0.155085 21.8018 8.28858 13.5132
2.66403 0 0.153841 21.8017 8.41593 13.3858
2.67401 0 0.152545 21.8017 8.56525 13.2364
2.68399 0 0.151197 21.8016 8.73577 13.0659
2.69397 0 0.149799 21.8016 8.92661 12.875
2.70394 0 0.148353 21.8015 9.13684 12.6647
2.71392 0 0.146859 21.8015 9.36545 12.436
2.7239 0 0.14532 21.8014 9.61137 12.19
2.73388 0 0.143737 21.8013 9.87348 11.9278
2.74385 0 0.142112 21.8012 10.1506 11.6506
2.75383 0 0.140448 21.8012 10.4416 11.3595
2.76381 0 0.138746 21.8011 10.7453 11.0558
2.77379 0 0.137008 21.801 11.0604 10.7406
2.78377 0 0.135238 21.8042 11.3821 10.4221
2.79374 0 0.133437 21.8041 11.7091 10.095
2.80372 0 0.131607 21.8041 12.0438 9.7603
2.8137 0 0.129752 21.804 12.385 9.41903
2.82368 0 0.127873 21.8039 12.7316 9.07234
2.83365 0 0.125973 21.8039 13.0826 8.72131
2.84363 0 0.124054 21.8038 13.4368 8.36698
2.85361 0 0.122119 21.8038 13.7934 8.01034
2.86359 0 0.120171 21.8037 14.1514 7.65233
2.87356 0 0.118212 21.8037 14.5098 7.29385
2.88354 0 0.116244 21.8036 14.8679 6.93575
2.89352 0 0.114271 21.8036 15.2248 6.5788
2.9035 0 0.112293 21.8036 15.5798 6.22374
2.91347 0 0.110315 21.8035 15.9323 5.87126
2.92345 0 0.108337 21.8035 16.2815 5.52197
2.93343 0 0.106364 21.8035 16.627 5.17646
2.94341 0 0.104396 21.8035 16.9682 4.83525
2.95339 0 0.102436 21.8034 17.3046 4.49879
2.96336 0 0.100487 21.8034 17.6359 4.16752
2.97334 0 0.0985497 21.8034 17.9616 3.8418
2.98332 0 0.0966275 21.8034 18.2814 3.52196
2.9933 0 0.0947221 21.8034 18.5951 3.2083
3.00327 0 0.0928355 21.8034 18.9023 2.90104
3.01325 0 0.0909696 21.8034 19.203 2.6004
3.02323 0 0.0891264 21.8034 19.4968 2.30655
3.03321 0 0.0873077 21.8034 19.7838 2.01962
3.04318 0 0.0855153 21.8034 20.0637 1.73971
3.05316 0 0.0837509 21.8034 20.3365 1.4669
3.06314 0 0.0820164 21.8034 20.6022 1.20124
3.07312 0 0.0803132 21.8034 20.8607 0.942744
3.08309 0 0.0786429 21.8034 21.112 0.691424
3.09307 0 0.0770071 21.8034 21.3562 0.447256
3.10305 0 0.0754073 21.8123 21.5594 0.252815
3.11303 0 0.0738446 21.8123 21.7222 0.0900707
3.12301 0 0.07232 21.8123 21.879 -0.0667404
3.13298 0 0.0708345 21.8123 22.03 -0.217737
3.14296 0 0.0693889 21.8123 22.1753 -0.363043
3.15294 0 0.0679842 21.8123 22.3151 -0.50279
3.16292 0 0.066621 21.8123 22.4494 -0.637113
3.17289 0 0.0653002 21.8123 22.5785 -0.76615
3.18287 0 0.0640225 21.8124 22.7024 -0.890044
3.19285 0 0.0627887 21.8124 22.8213 -1.00894
3.20283 0 0.0615994 21.8124 22.9354 -1.12298
3.2128 0 0.0604551 21.8124 23.0447 -1.23231
3.22278 0 0.0593566 21.8124 23.1495 -1.33709
3.23276 0 0.0583044 21.8124 23.2499 -1.43744
3.24274 0 0.057299 21.8124 23.346 -1.53353
3.25272 0 0.0563409 21.8125 23.438 -1.6255
3.26269 0 0.0554307 21.8125 23.526 -1.71349
3.27267 0 0.0545687 21.8108 23.5917 -1.78088
3.28265 0 0.0537554 21.8108 23.6367 -1.82583
3.29263 0 0.052991 21.8108 23.6806 -1.8698
3.3026 0 0.0522756 21.8108 23.7237 -1.91284
3.31258 0 0.0516095 21.8108 23.7658 -1.95498
3.32256 0 0.0509929 21.8108 23.8071 -1.99626
3.33254 0 0.050426 21.8109 23.8476 -2.03673
3.34251 0 0.049909 21.8109 23.8873 -2.07642
3.35249 0 0.0494421 21.8109 23.9262 -2.11538
3.36247 0 0.0490255 21.8109 23.9645 -2.15365
3.37245 0 0.0486594 21.8109 24.0021 -2.19126
3.38242 0 0.0483439 21.8109 24.0391 -2.22825
3.3924 0 0.0480792 21.8109 24.0755 -2.26467
3.40238 0 0.0478655 21.8109 24.1114 -2.30055
3.41236 0 0.0477029 21.8109 24.1468 -2.33593
3.42234 0 0.0475917 21.8109 24.1817 -2.37084
3.43231 0 0.0475319 21.8109 24.2162 -2.40533
3.44229 0 0.0475237 21.8129 24.2267 -2.41389
3.45227 0 0.0475673 21.8129 24.2128 -2.3999
3.46225 0 0.0476623 21.8129 24.1974 -2.38453
3.47222 0 0.0478088 21.8129 24.1807 -2.36782
3.4822 0 0.0480066 21.8129 24.1627 -2.3498
3.49218 0 0.0482555 21.8129 24.1434 -2.33052
3.50216 0 0.0485555 21.8129 24.1229 -2.31001
3.51213 0 0.0489064 21.8129 24.1012 -2.28831
3.52211 0 0.0493079 21.8129 24.0783 -2.26546
3.53209 0 0.04976 21.8129 24.0544 -2.24151
3.54207 0 0.0502625 21.8129 24.0294 -2.21649
3.55204 0 0.0508152 21.8101 23.9893 -2.17912
3.56202 0 0.0514179 21.8101 23.9345 -2.12432
3.572 0 0.0520702 21.8101 23.8793 -2.06914
3.58198 0 0.0527718 21.8101 23.8237 -2.0136
3.59196 0 0.0535224 21.8101 23.7678 -1.9577
3.60193 0 0.0543216 21.8101 23.7116 -1.90146
3.61191 0 0.0551692 21.8101 23.655 -1.84488
3.62189 0 0.0560648 21.8166 23.5799 -1.76324
3.63187 0 0.0570078 21.8166 23.485 -1.66833
3.64184 0 0.0579979 21.8166 23.3873 -1.57071
3.65182 0 0.0590345 21.8166 23.2869 -1.47029
3.6618 0 0.0601169 21.8166 23.1836 -1.367
3.67178 0 0.0612446 21.8166 23.0774 -1.26075
3.68175 0 0.0624171 21.8166 22.9681 -1.15147
3.69173 0 0.0636336 21.8166 22.8557 -1.03908
3.70171 0 0.0648936 21.8166 22.7401 -0.923501
3.71169 0 0.0661964 21.8166 22.6212 -0.804649
3.72166 0 0.0675412 21.8166 22.499 -0.682451
3.73164 0 0.0689275 21.8165 22.3734 -0.55683
3.74162 0 0.0703545 21.8165 22.2442 -0.427712
3.7516 0 0.0718214 21.8165 22.1116 -0.295023
3.76158 0 0.0733274 21.8165 21.9752 -0.158693
3.77155 0 0.0748718 21.8165 21.8352 -0.0186537
3.78153 0 0.0764537 21.8165 21.6913 0.125158
3.79151 0 0.0780724 21.8165 21.5437 0.272803
3.80149 0 0.0797269 21.8165 21.3921 0.424338
3.81146 0 0.0814163 21.8133 21.2328 0.580491
3.82144 0 0.0831397 21.8133 21.0652 0.748062
3.83142 0 0.0848961 21.8133 20.8929 0.920351
3.8414 0 0.0866844 21.8132 20.7158 1.09742
3.85137 0 0.0885037 21.8132 20.5339 1.27934
3.86135 0 0.0903528 21.8132 20.3471 1.46614
3.87133 0 0.0922306 21.8118 20.1526 1.65926
3.88131 0 0.0941359 21.8118 19.9503 1.86148
3.89128 0 0.0960675 21.8118 19.7432 2.06859
3.90126 0 0.0980242 21.8118 19.5312 2.2806
3.91124 0 0.100005 21.8118 19.3143 2.49749
3.92122 0 0.102007 21.8118 19.0926 2.71922
3.9312 0 0.104031 21.8118 18.8661 2.94575
3.94117 0 0.106075 21.8118 18.6348 3.177
3.95115 0 0.108137 21.8118 18.3989 3.41288
3.96113 0 0.110215 21.8118 18.1585 3.65328
3.97111 0 0.112309 21.8118 17.9137 3.89806
3.98108 0 0.114417 21.8118 17.6647 4.14706
3.99106 0 0.116537 21.7826 17.3641 4.41844
4.00104 0 0.118667 21.7826 17.0115 4.77103
4.01102 0 0.120805 21.7826 16.6538 5.12881
4.02099 0 0.122949 21.7826 16.2913 5.49132
4.03097 0 0.125096 21.7826 15.9246 5.85807
4.04095 0 0.127245 21.7827 15.5542 6.2285
4.05093 0 0.129393 21.7827 15.1807 6.60201
4.0609 0 0.131537 21.7827 14.8048 6.97794
4.07088 0 0.133675 21.7828 14.4272 7.3556
4.08086 0 0.135804 21.7828 14.0486 7.73423
4.09084 0 0.137923 21.7829 13.6699 8.11301
4.10082 0 0.140028 21.7829 13.2918 8.49109
4.11079 0 0.142117 21.783 12.9154 8.86756
4.12077 0 0.144187 21.783 12.5416 9.24147
4.13075 0 0.146237 21.7831 12.1713 9.61181
4.14073 0 0.148264 21.7831 11.8056 9.97755
4.1507 0 0.150264 21.7832 11.4456 10.3376
4.16068 0 0.152236 21.7833 11.0924 10.6909
4.17066 0 0.154178 21.7833 10.7471 11.0363
4.18064 0 0.156087 21.7834 10.4108 11.3726
4.19061 0 0.157961 21.7835 10.0848 11.6987
4.20059 0 0.159797 21.7836 9.77017 12.0134
4.21057 0 0.161594 21.7836 9.46809 12.3155
4.22055 0 0.16335 21.7837 9.1797 12.604
4.23053 0 0.165061 21.7838 8.90612 12.8776
4.2405 0 0.166728 21.7838 8.64847 13.1353
4.25048 0 0.168348 21.7839 8.40779 13.3761
4.26046 0 0.169919 21.7839 8.18508 13.5989
4.27044 0 0.17144 21.784 7.9813 13.8027
4.28041 0 0.172909 21.784 7.79733 13.9867
4.29039 0 0.174326 21.7841 7.63397 14.1501
4.30037 0 0.175689 21.7841 7.49194 14.2922
4.31035 0 0.176997 21.7842 7.37188 14.4123
4.32032 0 0.178249 21.7842 7.27432 14.5099
4.3303 0 0.179446 21.7842 7.19971 14.5845
4.34028 0 0.180586 21.7842 7.14836 14.6359
4.35026 0 0.181669 21.7842 7.12051 14.6637
4.36023 0 0.182695 21.7842 7.11625 14.668
4.37021 0 0.183664 21.7842 7.13559 14.6486
4.38019 0 0.184577 21.7842 7.17843 14.6058
4.39017 0 0.185433 21.7842 7.24453 14.5397
4.40015 0 0.186234 21.7842 7.33358 14.4506
4.41012 0 0.186979 21.7841 7.44514 14.339
4.4201 0 0.187671 21.7841 7.5787 14.2054
4.43008 0 0.188309 21.784 7.73362 14.0504
4.44006 0 0.188895 21.784 7.90922 13.8748
4.45003 0 0.18943 21.7839 8.1047 13.6792
4.46001 0 0.189917 21.7839 8.31922 13.4647
4.46999 0 0.190355 21.7838 8.55186 13.232
4.47997 0 0.190747 21.7902 8.78444 13.0057
4.48994 0 0.191096 21.7901 9.01489 12.7752
4.49992 0 0.191401 21.79 9.25868 12.5313
4.5099 0 0.191666 21.79 9.51471 12.2752
4.51988 0 0.191892 21.7883 9.77929 12.009
4.52985 0 0.19208 21.7882 10.0512 11.737
4.53983 0 0.192234 21.7882 10.3319 11.4562
4.54981 0 0.192355 21.7881 10.6203 11.1678
4.55979 0 0.192445 21.788 10.9153 10.8727
4.56977 0 0.192506 21.788 11.2157 10.5722
4.57974 0 0.19254 21.7879 11.5206 10.2673
4.58972 0 0.19255 21.7878 11.8289 9.95893
4.5997 0 0.192538 21.7878 12.1396 9.64822
4.60968 0 0.192506 21.7877 12.4516 9.33612
4.61965 0 0.192455 21.7877 12.7641 9.02358
4.62963 0 0.192389 21.7876 13.0761 8.71149
4.63961 0 0.192309 21.7876 13.3869 8.40071
4.64959 0 0.192218 21.7875 13.6955 8.09207
4.65956 0 0.192117 21.7875 14.0012 7.78633
4.66954 0 0.192009 21.7875 14.3032 7.48424
4.67952 0 0.191895 21.7874 14.601 7.18645
4.6895 0 0.191778 21.7874 14.8938 6.89363
4.69947 0 0.19166 21.7874 15.181 6.60634
4.70945 0 0.191542 21.7874 15.4622 6.32514
4.71943 0 0.191426 21.7873 15.7368 6.05052
4.72941 0 0.191314 21.7873 16.0044 5.78293
4.73939 0 0.191208 21.7434 16.2152 5.52819
4.74936 0 0.191109 21.7434 16.3679 5.3755
4.75934 0 0.191019 21.7434 16.511 5.23237
4.76932 0 0.190937 21.7434 16.6446 5.09884
4.7793 0 0.190865 21.7434 16.7685 4.97492
4.78927 0 0.190803 21.7434 16.8828 4.86059
4.79925 0 0.190753 21.7434 16.9877 4.75579
4.80923 0 0.190714 21.7435 17.0831 4.66041
4.81921 0 0.190688 21.7901 17.0969 4.6932
4.82918 0 0.190673 21.7901 17.0296 4.76051
4.83916 0 0.190669 21.7902 16.9545 4.83564
4.84914 0 0.190676 21.7902 16.872 4.9182
4.85912 0 0.190693 21.7902 16.7824 5.0078
4.86909 0 0.190719 21.7902 16.6862 5.10403
4.87907 0 0.190754 21.7903 16.5838 5.20646
4.88905 0 0.190796 21.7903 16.4756 5.31467
4.89903 0 0.190844 21.7903 16.3621 5.42822
4.90901 0 0.190898 21.7904 16.2437 5.54664
4.91898 0 0.190957 21.7904 16.1209 5.66947
4.92896 0 0.19102 21.7904 15.9942 5.79623
4.93894 0 0.191085 21.7905 15.864 5.92644
4.94892 0 0.191151 21.7905 15.7309 6.0596
4.95889 0 0.191218 21.7683 15.561 6.20726
4.96887 0 0.191285 21.7683 15.3565 6.41184
4.97885 0 0.191349 21.7683 15.1533 6.61508
4.98883 0 0.191409 21.7684 14.9518 6.8166
4.9988 0 0.191465 21.7684 14.7524 7.01599
5.00878 0 0.191514 21.7684 14.5556 7.21284
5.01876 0 0.191555 21.7684 14.3617 7.40675
5.02874 0 0.191587 21.7685 14.1712 7.59729
5.03872 0 0.191608 21.7685 13.9845 7.78404
5.04869 0 0.191617 21.7685 13.802 7.96656
5.05867 0 0.191613 21.7686 13.6241 8.14443
5.06865 0 0.191595 21.7686 13.4514 8.31721
5.07863 0 0.19156 21.7686 13.2841 8.48447
5.0886 0 0.191509 21.7686 13.1228 8.6458
5.09858 0 0.191439 21.7687 12.9679 8.80075
5.10856 0 0.19135 21.7687 12.8198 8.94892
5.11854 0 0.19124 21.7687 12.6788 9.08991
5.12851 0 0.191109 21.7687 12.5454 9.2233
5.13849 0 0.190956 21.7688 12.42 9.34873
5.14847 0 0.190779 21.7688 12.303 9.46581
5.15845 0 0.190578 21.7688 12.1946 9.57421
5.16842 0 0.190352 21.7688 12.0952 9.67358
5.1784 0 0.1901 21.7688 12.0052 9.76361
5.18838 0 0.189822 21.7611 11.9162 9.8449
5.19836 0 0.189516 21.7611 11.8286 9.93251
5.20834 0 0.189183 21.7612 11.7514 10.0097
5.21831 0 0.188822 21.7612 11.6848 10.0764
5.22829 0 0.188432 21.7612 11.6288 10.1324
5.23827 0 0.188013 21.7635 11.5814 10.1821
5.24825 0 0.187565 21.7635 11.5427 10.2208
5.25822 0 0.187087 21.7635 11.5153 10.2482
5.2682 0 0.186579 21.7635 11.4992 10.2643
5.27818 0 0.186042 21.7635 11.4944 10.2691
5.28816 0 0.185475 21.7635 11.5008 10.2626
5.29813 0 0.184879 21.7635 11.5185 10.245
5.30811 0 0.184253 21.7635 11.5473 10.2162
5.31809 0 0.183598 21.7635 11.587 10.1764
5.32807 0 0.182914 21.7635 11.6376 10.1259
5.33804 0 0.182201 21.7634 11.6988 10.0646
5.34802 0 0.181461 21.7634 11.7705 9.99294
5.358 0 0.180694 21.7634 11.8523 9.9111
5.36798 0 0.179899 21.7634 11.944 9.81936
5.37796 0 0.179079 21.7634 12.0454 9.71802
5.38793 0 0.178233 21.7633 12.1559 9.6074
5.39791 0 0.177363 21.7633 12.2755 9.48786
5.40789 0 0.17647 21.7633 12.4035 9.35975
5.41787 0 0.175554 21.7633 12.5398 9.22347
5.42784 0 0.174617 21.7632 12.6838 9.07941
5.43782 0 0.173659 21.7632 12.8352 8.92799
5.4478 0 0.172682 21.7632 12.9936 8.76962
5.45778 0 0.171687 21.7632 13.1584 8.60474
5.46775 0 0.170675 21.7631 13.3293 8.43379
5.47773 0 0.169647 21.7631 13.5059 8.25721
5.48771 0 0.168605 21.7631 13.6876 8.07545
5.49769 0 0.16755 21.7631 13.8741 7.88894
5.50766 0 0.166483 21.763 14.0649 7.69813
5.51764 0 0.165406 21.763 14.2596 7.50345
5.52762 0 0.16432 21.763 14.4576 7.30534
5.5376 0 0.163226 21.763 14.6587 7.10422
5.54758 0 0.162126 21.7629 14.8624 6.90051
5.55755 0 0.161022 21.7629 15.0683 6.69462
5.56753 0 0.159914 21.7629 15.276 6.48693
5.57751 0 0.158805 21.7629 15.485 6.27783
5.58749 0 0.157696 21.7628 15.6952 6.06768
5.59746 0 0.156587 21.7628 15.906 5.85685
5.60744 0 0.155481 21.7628 16.1171 5.64567
5.61742 0 0.15438 21.7628 16.3283 5.43446
5.6274 0 0.153283 21.7628 16.5392 5.22353
5.63737 0 0.152194 21.7628 16.7496 5.01317
5.64735 0 0.151113 21.7627 16.9591 4.80366
5.65733 0 0.150042 21.7627 17.1675 4.59526
5.66731 0 0.148982 21.7627 17.3745 4.38821
5.67728 0 0.147935 21.7627 17.58 4.18274
5.68726 0 0.146901 21.7627 17.7836 3.97906
5.69724 0 0.145883 21.7627 17.9853 3.77736
5.70722 0 0.144881 21.7627 18.1849 3.57782
5.7172 0 0.143897 21.7627 18.3821 3.38061
5.72717 0 0.142933 21.7627 18.5768 3.18587
5.73715 0 0.141988 21.7627 18.7689 2.99375
5.74713 0 0.141066 21.7627 18.9583 2.80436
5.75711 0 0.140166 21.761 19.142 2.61897
5.76708 0 0.13929 21.761 19.3197 2.44125
5.77706 0 0.138439 21.761 19.4942 2.26682
5.78704 0 0.137614 21.761 19.6652 2.09577
5.79702 0 0.136817 21.761 19.8328 1.92815
5.80699 0 0.136048 21.761 19.997 1.76399
5.81697 0 0.135308 21.761 20.1576 1.60334
5.82695 0 0.134599 21.761 20.3148 1.44622
5.83693 0 0.133921 21.7467 20.386 1.36078
5.8469 0 0.133275 21.7467 20.3711 1.37566
5.85688 0 0.13266 21.7467 20.3522 1.39452
5.86686 0 0.132076 21.7467 20.3294 1.41734
5.87684 0 0.131524 21.7467 20.3026 1.44412
5.88682 0 0.131003 21.7974 20.2151 1.58229
5.89679 0 0.130512 21.7974 20.0655 1.73187
5.90677 0 0.130051 21.7974 19.9093 1.88813
5.91675 0 0.129617 21.7974 19.7466 2.05082
5.92673 0 0.129211 21.7975 19.5778 2.21964
5.9367 0 0.12883 21.7975 19.4032 2.39429
5.94668 0 0.128475 21.7975 19.2231 2.57441
5.95666 0 0.128142 21.7975 19.0379 2.75965
5.96664 0 0.127832 21.7975 18.848 2.94959
5.97661 0 0.127543 21.7976 18.6538 3.14381
5.98659 0 0.127273 21.7976 18.4558 3.34183
5.99657 0 0.127021 21.7976 18.2545 3.54318
6.00655 0 0.126786 21.7977 18.0503 3.74732
6.01653 0 0.126567 21.7977 17.844 3.95371
6.0265 0 0.12636 21.7977 17.636 4.16176
6.03648 0 0.126166 21.7978 17.4269 4.37087
6.04646 0 0.125983 21.7978 17.2174 4.58039
6.05644 0 0.125809 21.7979 17.0082 4.78968
6.06641 0 0.125643 21.7979 16.7998 4.99806
6.07639 0 0.125482 21.7979 16.5931 5.20481
6.08637 0 0.125326 21.7963 16.3767 5.41958
6.09635 0 0.125173 21.7964 16.1519 5.64447
6.10632 0 0.125022 21.7964 15.9316 5.86477
6.1163 0 0.12487 21.7965 15.7167 6.07974
6.12628 0 0.124716 21.7965 15.5079 6.28863
6.13626 0 0.124559 21.7966 15.3059 6.49069
6.14623 0 0.124398 21.7966 15.1114 6.68517
6.15621 0 0.12423 21.7966 14.9253 6.87134
6.16619 0 0.124054 21.7967 14.7482 7.04846
6.17617 0 0.12387 21.7967 14.5809 7.21583
6.18615 0 0.123675 21.7968 14.424 7.37278
6.19612 0 0.123469 21.7968 14.2782 7.51863
6.2061 0 0.123251 21.7969 14.1441 7.65278
6.21608 0 0.123019 21.7969 14.0223 7.77463
6.22606 0 0.122773 21.7969 13.9133 7.88365
6.23603 0 0.122512 21.7958 13.8141 7.98168
6.24601 0 0.122235 21.7958 13.7254 8.07044
6.25599 0 0.121941 21.7959 13.6511 8.14476
6.26597 0 0.12163 21.7959 13.5916 8.20431
6.27594 0 0.121301 21.7959 13.5471 8.24883
6.28592 0 0.120954 21.7959 13.5178 8.27812
6.2959 0 0.120589 21.7959 13.5038 8.29205
6.30588 0 0.120206 21.7959 13.5053 8.29055
6.31585 0 0.119804 21.7959 13.5223 8.2736
6.32583 0 0.119384 21.7959 13.5546 8.24127
6.33581 0 0.118946 21.7959 13.6022 8.19368
6.34579 0 0.118491 21.7959 13.6648 8.13102
6.35577 0 0.118018 21.7958 13.7423 8.05353
6.36574 0 0.117528 21.7958 13.8343 7.96153
6.37572 0 0.117022 21.7958 13.9404 7.85538
6.3857 0 0.116501 21.7958 14.0603 7.73549
6.39568 0 0.115965 21.7957 14.1934 7.60234
6.40565 0 0.115416 21.7957 14.3392 7.45645
6.41563 0 0.114854 21.7957 14.4973 7.29837
6.42561 0 0.114281 21.7956 14.6669 7.1287
6.43559 0 0.113697 21.7956 14.8475 6.94808
6.44556 0 0.113105 21.7955 15.0384 6.75715
6.45554 0 0.112505 21.7955 15.2389 6.55661
6.46552 0 0.111899 21.7954 15.4483 6.34715
6.4755 0 0.111288 21.7954 15.6659 6.1295
6.48547 0 0.110674 21.7954 15.891 5.90437
6.49545 0 0.110059 21.7953 16.1228 5.6725
6.50543 0 0.109443 21.7953 16.3606 5.43462
6.51541 0 0.10883 21.7952 16.6038 5.19145
6.52539 0 0.108219 21.7952 16.8515 4.94372
6.53536 0 0.107614 21.7951 17.103 4.69214
6.54534 0 0.107016 21.7951 17.3577 4.4374
6.55532 0 0.106426 21.7951 17.6149 4.18017
6.5653 0 0.105847 21.795 17.8739 3.92111
6.57527 0 0.10528 21.8027 18.1062 3.69648
6.58525 0 0.104726 21.8027 18.3109 3.49176
6.59523 0 0.104188 21.8026 18.5154 3.28721
6.60521 0 0.103667 21.8026 18.7193 3.08332
6.61518 0 0.103163 21.8026 18.922 2.88055
6.62516 0 0.10268 21.8026 19.1232 2.67932
6.63514 0 0.102217 21.8025 19.3225 2.48005
6.64512 0 0.101776 21.8025 19.5194 2.2831
6.65509 0 0.101359 21.8025 19.7137 2.08881
6.66507 0 0.100967 21.8025 19.905 1.89751
6.67505 0 0.100601 21.8025 20.093 1.70949
6.68503 0 0.100262 21.8025 20.2775 1.525
6.69501 0 0.0999525 21.8025 20.4582 1.34429
6.70498 0 0.0996728 21.8024 20.6349 1.16755
6.71496 0 0.0994241 21.8024 20.8075 0.994978
6.72494 0 0.0992077 21.8024 20.9757 0.826725
6.73492 0 0.0990245 21.8024 21.1395 0.662927
6.74489 0 0.0988757 21.8024 21.2987 0.503695
6.75487 0 0.0987623 21.8024 21.4533 0.349119
6.76485 0 0.0986852 21.8024 21.6032 0.199266
6.77483 0 0.0986454 21.8024 21.7483 0.0541859
6.7848 0 0.0986438 21.8117 21.8727 -0.060963
6.79478 0 0.0986811 21.8117 21.9759 -0.164174
6.80476 0 0.0987579 21.8117 22.0733 -0.261525
6.81474 0 0.098875 21.8136 22.1624 -0.348729
6.82472 0 0.0990327 21.8136 22.2433 -0.429632
6.83469 0 0.0992317 21.8137 22.3184 -0.504757
6.84467 0 0.0994723 21.8137 22.3878 -0.574174
6.85465 0 0.0997549 21.8137 22.4516 -0.637964
6.86463 0 0.10008 21.8137 22.5099 -0.696218
6.8746 0 0.100448 21.8137 22.5627 -0.749039
6.88458 0 0.100859 21.8137 22.6102 -0.796537
6.89456 0 0.101313 21.8137 22.6525 -0.838832
6.90454 0 0.101811 21.8137 22.6898 -0.876051
6.91451 0 0.102352 21.8137 22.7221 -0.908329
6.92449 0 0.102938 21.8138 22.7496 -0.935804
6.93447 0 0.103567 21.8014 22.7288 -0.927378
6.94445 0 0.10424 21.7989 22.6357 -0.836822
6.95442 0 0.104957 21.7989 22.5153 -0.716338
6.9644 0 0.105716 21.7989 22.3926 -0.593693
6.97438 0 0.106517 21.7972 22.2562 -0.458973
6.98436 0 0.107359 21.7972 22.1058 -0.308572
6.99434 0 0.108241 21.7972 21.9528 -0.155531
7.00431 0 0.109163 21.7972 21.7971 0.000139015
7.01429 0 0.110123 21.7972 21.6388 0.158422
7.02427 0 0.11112 21.7972 21.4779 0.319298
7.03425 0 0.112154 21.7972 21.3145 0.482743
7.04422 0 0.113224 21.7972 21.1485 0.648727
7.0542 0 0.114328 21.7972 20.98 0.817217
7.06418 0 0.115466 21.7972 20.809 0.988171
7.07416 0 0.116636 21.7972 20.6357 1.16154
7.08413 0 0.117838 21.7972 20.4599 1.33728
7.09411 0 0.11907 21.7972 20.2819 1.51532
7.10409 0 0.120332 21.7972 20.1016 1.69559
7.11407 0 0.121622 21.7972 19.9192 1.87802
7.12404 0 0.122939 21.7972 19.7347 2.06253
7.13402 0 0.124282 21.7972 19.5482 2.24901
7.144 0 0.12565 21.7972 19.3599 2.43737
7.15398 0 0.127042 21.7972 19.1698 2.6275
7.16396 0 0.128456 21.7973 18.978 2.81926
7.17393 0 0.129891 21.7973 18.7847 3.01252
7.18391 0 0.131347 21.7973 18.5901 3.20714
7.19389 0 0.132822 21.7973 18.3943 3.40296
7.20387 0 0.134314 21.7973 18.1975 3.59981
7.21384 0 0.135823 21.7973 17.9998 3.7975
7.22382 0 0.137346 21.7973 17.8015 3.99584
7.2338 0 0.138884 21.7973 17.6027 4.19462
7.24378 0 0.140435 21.7973 17.4037 4.39362
7.25375 0 0.141997 21.7973 17.2047 4.5926
7.26373 0 0.143569 21.7974 17.006 4.79132
7.27371 0 0.145149 21.7974 16.8079 4.98952
7.28369 0 0.146738 21.7974 16.6105 5.18691
7.29366 0 0.148332 21.7974 16.4142 5.38323
7.30364 0 0.149932 21.7974 16.2193 5.57816
7.31362 0 0.151535 21.7974 16.0261 5.77139
7.3236 0 0.153141 21.7975 15.8348 5.96262
7.33358 0 0.154748 21.7975 15.646 6.1515
7.34355 0 0.156355 21.7975 15.4598 6.33769
7.35353 0 0.157961 21.7975 15.2767 6.52085
7.36351 0 0.159564 21.7975 15.0969 6.70063
7.37349 0 0.161164 21.7976 14.9209 6.87665
7.38346 0 0.162759 21.7976 14.749 7.04857
7.39344 0 0.164348 21.7976 14.5816 7.216
7.40342 0 0.16593 21.7976 14.4191 7.37858
7.4134 0 0.167504 21.7977 14.2617 7.53595
7.42337 0 0.169069 21.7977 14.1099 7.68774
7.43335 0 0.170623 21.7977 13.9641 7.83359
7.44333 0 0.172167 21.7977 13.8246 7.97315
7.45331 0 0.173698 21.7977 13.6917 8.10607
7.46328 0 0.175217 21.7978 13.5657 8.23203
7.47326 0 0.176721 21.7978 13.4471 8.3507
7.48324 0 0.178212 21.7978 13.336 8.46177
7.49322 0 0.179687 21.7978 13.2328 8.56497
7.5032 0 0.181146 21.7978 13.1378 8.66003
7.51317 0 0.182589 21.7978 13.0511 8.7467
7.52315 0 0.184015 21.7979 12.9731 8.82475
7.53313 0 0.185423 21.7979 12.9039 8.894
7.54311 0 0.186813 21.7979 12.8436 8.95427
7.55308 0 0.188185 21.7979 12.7925 9.00542
7.56306 0 0.189539 21.7979 12.7506 9.04733
7.57304 0 0.190873 21.7979 12.718 9.07993
7.58302 0 0.192189 21.7979 12.6947 9.10316
7.59299 0 0.193485 21.7979 12.6809 9.117
7.60297 0 0.194763 21.7979 12.6764 9.12146
7.61295 0 0.196021 21.7979 12.6813 9.11658
7.62293 0 0.19726 21.8572 12.6341 9.22315
7.6329 0 0.19848 21.8572 12.533 9.32421
7.64288 0 0.199681 21.8572 12.4373 9.41992
7.65286 0 0.20086 21.8572 12.3467 9.51049
7.66284 0 0.202019 21.8572 12.261 9.59616
7.67282 0 0.203156 21.8572 12.18 9.67718
7.68279 0 0.204272 21.8571 12.1033 9.75382
7.69277 0 0.205365 21.8571 12.0308 9.82636
7.70275 0 0.206436 21.8571 11.962 9.89509
7.71273 0 0.207485 21.8571 11.8967 9.96032
7.7227 0 0.20851 21.857 11.8347 10.0223
7.73268 0 0.209512 21.857 11.7756 10.0814
7.74266 0 0.21049 21.857 11.7191 10.1379
7.75264 0 0.211444 21.857 11.6649 10.1921
7.76261 0 0.212374 21.857 11.6127 10.2442
7.77259 0 0.213279 21.8569 11.5624 10.2945
7.78257 0 0.21416 21.8569 11.5136 10.3433
7.79255 0 0.215016 21.8569 11.4662 10.3907
7.80253 0 0.215847 21.8569 11.4199 10.437
7.8125 0 0.216652 21.8569 11.3747 10.4822
7.82248 0 0.217432 21.8569 11.3303 10.5266
7.83246 0 0.218186 21.8569 11.2867 10.5701
7.84244 0 0.218913 21.8569 11.2439 10.613
7.85241 0 0.219614 21.8569 11.2018 10.6551
7.86239 0 0.220289 21.8569 11.1604 10.6965
7.87237 0 0.220936 21.8569 11.1199 10.737
7.88235 0 0.221557 21.8569 11.0803 10.7766
7.89232 0 0.222149 21.8569 11.0417 10.8152
7.9023 0 0.222714 21.8569 11.0045 10.8524
7.91228 0 0.223251 21.8569 10.9687 10.8882
7.92226 0 0.223759 21.8569 10.9348 10.9222
7.93223 0 0.224238 21.857 10.9029 10.9541
7.94221 0 0.224689 21.857 10.8735 10.9835
7.95219 0 0.22511 21.857 10.8469 11.0101
7.96217 0 0.225501 21.857 10.8236 11.0334
7.97215 0 0.225863 21.9566 10.6753 11.2814
7.98212 0 0.226193 21.9567 10.4026 11.5541
7.9921 0 0.22649 21.9567 10.1337 11.823
8.00208 0 0.226751 21.9568 9.86954 12.0872
8.01206 0 0.226976 21.9568 9.61102 12.3458
8.02203 0 0.227161 21.9569 9.35905 12.5978
8.03201 0 0.227306 21.9578 9.11 12.8478
8.04199 0 0.227408 21.9578 8.86532 13.0925
8.05197 0 0.227465 21.9579 8.63054 13.3273
8.06194 0 0.227476 21.9579 8.40659 13.5513
8.07192 0 0.22744 21.958 8.19434 13.7636
8.0819 0 0.227354 21.958 7.99469 13.9633
8.09188 0 0.227217 21.9581 7.80845 14.1496
8.10185 0 0.227028 21.9581 7.63642 14.3217
8.11183 0 0.226786 21.9582 7.47936 14.4788
8.12181 0 0.226488 21.9582 7.33796 14.6202
8.13179 0 0.226135 21.9582 7.21287 14.7454
8.14177 0 0.225725 21.9583 7.10469 14.8536
8.15174 0 0.225257 21.9583 7.01395 14.9443
8.16172 0 0.224731 21.9583 6.94112 15.0172
8.1717 0 0.224145 21.9583 6.8866 15.0717
8.18168 0 0.2235 21.9584 6.85075 15.1076
8.19165 0 0.222795 21.9584 6.83382 15.1245
8.20163 0 0.222029 21.9584 6.83603 15.1223
8.21161 0 0.221203 21.9584 6.85751 15.1009
8.22159 0 0.220316 21.9584 6.89833 15.0601
8.23156 0 0.219369 21.9584 6.95848 14.9999
8.24154 0 0.218362 21.9584 7.03789 14.9205
8.25152 0 0.217296 21.9584 7.13643 14.8219
8.2615 0 0.21617 21.9583 7.2539 14.7044
8.27147 0 0.214986 21.9583 7.39003 14.5683
8.28145 0 0.213744 21.9583 7.54448 14.4138
8.29143 0 0.212445 21.9583 7.71688 14.2414
8.30141 0 0.211091 21.9582 7.90678 14.0515
8.31139 0 0.209683 21.9582 8.11366 13.8446
8.32136 0 0.208221 21.9582 8.33699 13.6212
8.33134 0 0.206707 21.9581 8.57615 13.382
8.34132 0 0.205144 21.9581 8.83049 13.1276
8.3513 0 0.203531 21.9581 9.09932 12.8587
8.36127 0 0.201872 21.958 9.38191 12.5761
8.37125 0 0.200168 21.958 9.67748 12.2805
8.38123 0 0.198421 21.9579 9.98524 11.9727
8.39121 0 0.196633 21.9579 10.3044 11.6535
8.40118 0 0.194805 21.9578 10.634 11.3239
8.41116 0 0.192941 21.9578 10.9732 10.9846
8.42114 0 0.191043 21.9558 11.315 10.6409
8.43112 0 0.189112 21.9558 11.6577 10.2981
8.44109 0 0.187151 21.9558 12.0067 9.94909
8.45107 0 0.185162 21.9557 12.3609 9.59482
8.46105 0 0.183148 21.9557 12.7196 9.23609
8.47103 0 0.181112 21.9556 13.0819 8.87373
8.48101 0 0.179054 21.9556 13.447 8.50856
8.49098 0 0.176979 21.9555 13.8141 8.14139
8.50096 0 0.174888 21.9555 14.1825 7.77303
8.51094 0 0.172784 21.9555 14.5512 7.40423
8.52092 0 0.170669 22.0431 14.8276 7.21547
8.53089 0 0.168546 22.043 15.015 7.02808
8.54087 0 0.166414 22.043 15.2087 6.83434
8.55085 0 0.164276 22.043 15.4082 6.63475
8.56083 0 0.162132 22.043 15.6131 6.42982
8.5708 0 0.159985 22.0429 15.8229 6.22005
8.58078 0 0.157836 22.0429 16.037 6.00593
8.59076 0 0.155686 22.0429 16.2549 5.78796
8.60074 0 0.153536 22.0428 16.4762 5.56662
8.61072 0 0.151389 22.0428 16.7004 5.34238
8.62069 0 0.149245 22.0421 16.923 5.11914
8.63067 0 0.147106 22.0421 17.1436 4.89845
8.64065 0 0.144974 22.0421 17.3663 4.67573
8.65063 0 0.14285 22.0421 17.5906 4.45142
8.6606 0 0.140735 22.042 17.8161 4.22592
8.67058 0 0.138632 22.042 18.0424 3.99965
8.68056 0 0.136541 22.042 18.269 3.77298
8.69054 0 0.134465 22.0424 18.4898 3.55259
8.70051 0 0.132404 22.0424 18.7044 3.33801
8.71049 0 0.13036 22.0424 18.9181 3.12429
8.72047 0 0.128335 22.0424 19.1306 2.91177
8.73045 0 0.12633 22.0424 19.3416 2.70075
8.74042 0 0.124346 22.0424 19.5509 2.49151
8.7504 0 0.122384 22.0424 19.758 2.28432
8.76038 0 0.120447 22.0424 19.9596 2.08275
8.77036 0 0.118535 22.0424 20.155 1.88735
8.78034 0 0.11665 22.0423 20.3469 1.69542
8.79031 0 0.114792 22.0423 20.5352 1.50717
8.80029 0 0.112964 22.0423 20.7195 1.32282
8.81027 0 0.111166 22.0423 20.8998 1.14256
8.82025 0 0.109399 22.0423 21.0757 0.966572
8.83022 0 0.107665 22.0423 21.2473 0.795011
8.8402 0 0.105965 22.0423 21.4143 0.628036
8.85018 0 0.104299 22.0423 21.5765 0.465786
8.86016 0 0.102669 22.0423 21.7339 0.30839
8.87013 0 0.101076 22.0423 21.8863 0.155964
8.88011 0 0.0995212 22.0423 22.0337 0.00861537
8.89009 0 0.0980047 22.0423 22.1759 -0.133561
8.90007 0 0.0965279 22.0423 22.3128 -0.270479
8.91004 0 0.0950914 22.0423 22.4444 -0.402063
8.92002 0 0.0936963 22.031 22.5273 -0.496258
8.93 0 0.092343 22.031 22.5634 -0.532384
8.93998 0 0.0910317 22.031 22.5979 -0.56691
8.94996 0 0.0897628 22.031 22.6308 -0.599744
8.95993 0 0.0885364 22.031 22.6618 -0.630799
8.96991 0 0.0873526 22.031 22.691 -0.659993
8.97989 0 0.0862118 22.031 22.7183 -0.687246
8.98987 0 0.0851141 22.031 22.7435 -0.712486
8.99984 0 0.0840596 22.031 22.7666 -0.735642
9.00982 0 0.0830485 22.015 22.7717 -0.756623
9.0198 0 0.0820809 22.015 22.7586 -0.74353
9.02978 0 0.0811567 22.015 22.7434 -0.728368
9.03975 0 0.0802759 22.015 22.7261 -0.711081
9.04973 0 0.0794384 22.015 22.7066 -0.691617
9.05971 0 0.0786442 22.015 22.6849 -0.669929
9.06969 0 0.0778931 22.015 22.661 -0.645975
9.07966 0 0.0771849 22.015 22.6347 -0.619719
9.08964 0 0.0765196 22.015 22.6061 -0.591132
9.09962 0 0.0758971 22.015 22.5752 -0.560187
9.1096 0 0.075317 22.015 22.5419 -0.526866
9.11958 0 0.0747793 22.015 22.5061 -0.491155
9.12955 0 0.0742837 22.015 22.468 -0.453046
9.13953 0 0.0738301 22.015 22.4275 -0.412538
9.14951 0 0.073418 22.015 22.3846 -0.369633
9.15949 0 0.0730474 22.015 22.3393 -0.324344
9.16946 0 0.072718 22.015 22.2917 -0.276685
9.17944 0 0.0724293 22.015 22.2417 -0.226679
9.18942 0 0.0721812 22.015 22.1893 -0.174357
9.1994 0 0.0719732 22.015 22.1347 -0.119754
9.20937 0 0.0718051 22.015 22.0779 -0.0629121
9.21935 0 0.0716764 22.015 22.0189 -0.00388108
9.22933 0 0.0715869 22.015 21.9577 0.0572827
9.23931 0 0.071536 22.015 21.8945 0.120516
9.24928 0 0.0715233 22.015 21.8293 0.185747
9.25926 0 0.0715485 22.015 21.7621 0.252899
9.26924 0 0.0716111 22.0047 21.6595 0.345181
9.27922 0 0.0717104 22.0047 21.5212 0.483513
9.2892 0 0.0718457 22.0047 21.3802 0.624489
9.29917 0 0.072016 22.0047 21.2367 0.768059
9.30915 0 0.0722205 22.0047 21.0905 0.914163
9.31913 0 0.0724582 22.0047 20.942 1.06273
9.32911 0 0.0727283 22.0047 20.791 1.21368
9.33908 0 0.0730297 22.0047 20.6378 1.36692
9.34906 0 0.0733616 22.0047 20.4824 1.52235
9.35904 0 0.0737229 22.0047 20.3249 1.67986
9.36902 0 0.0741127 22.0047 20.1654 1.8393
9.37899 0 0.0745299 22.0047 20.0042 2.00055
9.38897 0 0.0749734 22.0047 19.8413 2.16345
9.39895 0 0.0754423 22.0048 19.6769 2.32783
9.40893 0 0.0759354 22.0048 19.5112 2.49352
9.4189 0 0.0764517 22.0048 19.3445 2.66031
9.42888 0 0.0769901 22.0048 19.1768 2.82801
9.43886 0 0.0775495 22.0048 19.0084 2.99639
9.44884 0 0.0781288 22.0048 18.8396 3.16521
9.45882 0 0.0787268 22.0048 18.6706 3.33423
9.46879 0 0.0793424 22.0048 18.5016 3.50319
9.47877 0 0.0799745 22.0048 18.333 3.67181
9.48875 0 0.0806219 22.0049 18.1651 3.8398
9.49873 0 0.0812836 22.0049 17.998 4.00686
9.5087 0 0.0819583 22.0049 17.8322 4.17269
9.51868 0 0.0826449 22.0049 17.668 4.33695
9.52866 0 0.0833423 22.0087 17.5018 4.5069
9.53864 0 0.0840494 22.0087 17.3339 4.67481
9.54861 0 0.084765 22.0087 17.1685 4.84018
9.55859 0 0.085488 22.0087 17.0061 5.00265
9.56857 0 0.0862172 22.0088 16.8469 5.16187
9.57855 0 0.0869516 22.0088 16.6913 5.31746
9.58853 0 0.08769 22.0088 16.5397 5.46905
9.5985 0 0.0884315 22.0088 16.3925 5.61628
9.60848 0 0.0891749 22.0088 16.2501 5.75876
9.61846 0 0.0899192 22.0089 16.1128 5.89611
9.62844 0 0.0906635 22.0089 15.9809 6.02797
9.63841 0 0.0914069 22.0089 15.8549 6.15396
9.64839 0 0.0921485 21.9938 15.7111 6.28273
9.65837 0 0.0928872 21.9938 15.5496 6.44424
9.66835 0 0.093622 21.9939 15.3946 6.59925
9.67832 0 0.0943519 21.9939 15.2465 6.7474
9.6883 0 0.095076 21.9939 15.1056 6.8883
9.69828 0 0.0957931 21.9939 14.9723 7.02162
9.70826 0 0.0965025 21.9939 14.8469 7.14702
9.71823 0 0.0972034 21.994 14.7298 7.26417
9.72821 0 0.0978949 21.994 14.6212 7.37279
9.73819 0 0.0985763 21.994 14.5214 7.47258
9.74817 0 0.0992469 21.994 14.4307 7.5633
9.75815 0 0.0999062 21.994 14.3493 7.6447
9.76812 0 0.100554 21.994 14.2774 7.71658
9.7781 0 0.101189 21.994 14.2153 7.77875
9.78808 0 0.101811 21.994 14.163 7.83106
9.79806 0 0.10242 21.994 14.1207 7.87338
9.80803 0 0.103016 21.994 14.0885 7.9056
9.81801 0 0.103599 21.994 14.0664 7.92765
9.82799 0 0.104168 21.994 14.0545 7.93951
9.83797 0 0.104723 21.994 14.0529 7.94115
9.84794 0 0.105264 21.994 14.0614 7.9326
9.85792 0 0.105792 21.994 14.0801 7.91392
9.8679 0 0.106306 21.994 14.1088 7.88519
9.87788 0 0.106807 21.994 14.1475 7.84653
9.88785 0 0.107295 21.994 14.1959 7.79807
9.89783 0 0.107771 21.994 14.254 7.74
9.90781 0 0.108235 21.994 14.3215 7.67253
9.91779 0 0.108687 22.0243 14.3607 7.66352
9.92777 0 0.109127 22.0243 14.3703 7.65392
9.93774 0 0.109557 22.0242 14.3866 7.63767
9.94772 0 0.109975 22.0242 14.4093 7.61496
9.9577 0 0.110383 22.0242 14.4382 7.58597
9.96768 0 0.11078 22.0242 14.4733 7.55093
9.97765 0 0.111167 22.0242 14.5141 7.51007
