0.00997765 0 4.05992e-05 26.8788 32.5689 -5.6901
0.0199553 0 0.000162328 26.8788 32.5402 -5.66145
0.029933 0 0.000365076 26.8788 32.5092 -5.63041
0.0399106 0 0.000648719 26.8788 32.4757 -5.59692
0.0498883 0 0.00101312 26.8788 32.4396 -5.56088
0.0598659 0 0.00145813 26.8788 32.401 -5.52224
0.0698436 0 0.00198359 26.8787 32.3596 -5.4809
0.0798212 0 0.00258931 26.8787 32.3155 -5.4368
0.0897989 0 0.00327512 26.8787 32.2686 -5.38984
0.0997765 0 0.00404079 26.8787 32.2187 -5.33995
0.109754 0 0.00488611 26.8787 32.1658 -5.28705
0.119732 0 0.00581085 26.8787 32.1098 -5.23105
0.129709 0 0.00681473 26.8787 32.0506 -5.17188
0.139687 0 0.0078975 26.8787 31.9881 -5.10944
0.149665 0 0.00905886 26.8787 31.9223 -5.04365
0.159642 0 0.0102985 26.8787 31.8531 -4.97443
0.16962 0 0.0116161 26.8787 31.7804 -4.9017
0.179598 0 0.0130113 26.8787 31.704 -4.82537
0.189575 0 0.0144837 26.8787 31.624 -4.74535
0.199553 0 0.016033 26.8786 31.5402 -4.66157
0.209531 0 0.0176587 26.8786 31.4526 -4.57395
0.219508 0 0.0193605 26.8786 31.361 -4.48239
0.229486 0 0.0211377 26.8786 31.2655 -4.38682
0.239464 0 0.0229901 26.8786 31.1658 -4.28717
0.249441 0 0.024917 26.8786 31.062 -4.18335
0.259419 0 0.0269179 26.8786 30.9539 -4.0753
0.269397 0 0.0289924 26.8786 30.8415 -3.96293
0.279374 0 0.0311397 26.8786 30.7248 -3.84618
0.289352 0 0.0333594 26.8786 30.6036 -3.72498
0.29933 0 0.0356507 26.8786 30.4779 -3.59928
0.309307 0 0.0380131 26.8786 30.3476 -3.469
0.319285 0 0.0404458 26.8786 30.2127 -3.33411
0.329263 0 0.0429481 26.8786 30.0731 -3.19453
0.33924 0 0.0455193 26.8786 29.9288 -3.05024
0.349218 0 0.0481587 26.8786 29.7797 -2.90119
0.359196 0 0.0508653 26.8785 29.6259 -2.74735
0.369173 0 0.0536385 26.8785 29.4672 -2.58868
0.379151 0 0.0564773 26.8785 29.3037 -2.42518
0.389128 0 0.0593808 26.8785 29.1354 -2.25682
0.399106 0 0.0623482 26.8785 28.9621 -2.08361
0.409084 0 0.0653785 26.8785 28.7841 -1.90554
0.419061 0 0.0684707 26.8785 28.6012 -1.72264
0.429039 0 0.0716238 26.8785 28.4134 -1.53491
0.439017 0 0.0748368 26.8785 28.2209 -1.3424
0.448994 0 0.0781085 26.8785 28.0237 -1.14514
0.458972 0 0.0814381 26.8785 27.8217 -0.943188
0.46895 0 0.0848242 26.8785 27.6152 -0.736613
0.478927 0 0.0882657 26.8785 27.404 -0.525489
0.488905 0 0.0917615 26.8785 27.1885 -0.309905
0.498883 0 0.0953104 26.8786 26.9685 -0.0899643
0.50886 0 0.0989111 26.8786 26.7443 0.134219
0.518838 0 0.102562 26.8786 26.516 0.362517
0.528816 0 0.106263 26.8786 26.2836 0.595028
0.538793 0 0.110011 26.8786 26.0471 0.831542
0.548771 0 0.113806 26.8786 25.8069 1.07172
0.558749 0 0.117647 26.8786 25.5633 1.31537
0.568726 0 0.121531 26.8786 25.3163 1.56231
0.578704 0 0.125458 26.8787 25.0663 1.81233
0.588682 0 0.129426 26.8787 24.8135 2.06519
0.598659 0 0.133433 26.8787 24.558 2.32066
0.608637 0 0.137479 26.8787 24.3002 2.5785
0.618615 0 0.141561 26.8787 24.0403 2.83843
0.628592 0 0.145679 26.8787 23.7786 3.10018
0.63857 0 0.149831 26.8788 23.5153 3.36346
0.648547 0 0.154015 26.8788 23.2508 3.62798
0.658525 0 0.158229 26.8788 22.9854 3.89343
0.668503 0 0.162473 26.8788 22.7193 4.15948
0.67848 0 0.166745 26.8788 22.453 4.42582
0.688458 0 0.171044 26.8789 22.1868 4.6921
0.698436 0 0.175367 26.8789 21.9209 4.958
0.708413 0 0.179713 26.8789 21.6557 5.22316
0.718391 0 0.184082 26.8789 21.3917 5.48724
0.728369 0 0.18847 26.8789 21.1291 5.74989
0.738346 0 0.192878 26.879 20.8682 6.01075
0.748324 0 0.197304 26.879 20.6095 6.26949
0.758302 0 0.201746 26.879 20.3533 6.52576
0.768279 0 0.206202 26.879 20.0998 6.77921
0.778257 0 0.210672 26.8791 19.8496 7.0295
0.788235 0 0.215154 26.8791 19.6028 7.27632
0.798212 0 0.219647 26.8791 19.3597 7.51935
0.80819 0 0.224149 26.8791 19.1208 7.75827
0.818168 0 0.22866 26.8791 18.8863 7.99279
0.828145 0 0.233177 26.8791 18.6565 8.22263
0.838123 0 0.237701 26.8792 18.4316 8.44753
0.848101 0 0.242229 26.8792 18.2119 8.66723
0.858078 0 0.24676 26.8792 17.9977 8.8815
0.868056 0 0.251295 26.8792 17.7891 9.09013
0.878034 0 0.25583 26.8792 17.5863 9.29293
0.888011 0 0.260367 26.8792 17.3895 9.48971
0.897989 0 0.264903 26.8792 17.1989 9.68033
0.907966 0 0.269437 26.8792 17.0146 9.86466
0.917944 0 0.27397 26.8792 16.8367 10.0426
0.927922 0 0.278499 26.8793 16.6653 10.214
0.937899 0 0.283025 26.8793 16.5004 10.3789
0.947877 0 0.287546 26.8793 16.3421 10.5371
0.957855 0 0.292062 26.8793 16.1905 10.6887
0.967832 0 0.296572 26.8793 16.0456 10.8337
0.97781 0 0.301076 26.8793 15.9072 10.972
0.987788 0 0.305573 26.8793 15.7755 11.1037
0.997765 0 0.310063 26.8792 15.6504 11.2289
1.00774 0 0.314544 26.8792 15.5317 11.3476
1.01772 0 0.319018 26.8792 15.4194 11.4598
1.0277 0 0.323482 26.8792 15.3135 11.5657
1.03768 0 0.327938 26.8792 15.2138 11.6654
1.04765 0 0.332384 26.8792 15.1203 11.7589
1.05763 0 0.33682 26.8792 15.0327 11.8465
1.06761 0 0.341247 26.8792 14.951 11.9282
1.07759 0 0.345663 26.8792 14.8751 12.0041
1.08756 0 0.350069 26.8792 14.8048 12.0744
1.09754 0 0.354465 26.8597 14.6125 12.2473
1.10752 0 0.358849 26.8598 14.2977 12.562
1.1175 0 0.36322 26.8598 13.9868 12.873
1.12747 0 0.367577 26.8599 13.6805 13.1793
1.13745 0 0.371918 26.8599 13.3796 13.4803
1.14743 0 0.376241 26.8599 13.0848 13.7751
1.15741 0 0.380545 26.86 12.797 14.063
1.16739 0 0.384828 26.86 12.5169 14.3431
1.17736 0 0.389089 26.8601 12.2454 14.6147
1.18734 0 0.393327 26.8601 11.9833 14.8768
1.19732 0 0.397541 26.8602 11.7314 15.1288
1.2073 0 0.401728 26.8602 11.4905 15.3697
1.21727 0 0.405889 26.8603 11.2615 15.5988
1.22725 0 0.410021 26.8603 11.045 15.8153
1.23723 0 0.414125 26.8604 10.8419 16.0185
1.24721 0 0.418199 26.8604 10.6528 16.2076
1.25718 0 0.422242 26.8605 10.4785 16.382
1.26716 0 0.426254 26.8605 10.3196 16.541
1.27714 0 0.430233 26.8605 10.1766 16.684
1.28712 0 0.43418 26.8606 10.05 16.8105
1.29709 0 0.438095 26.8606 9.94049 16.9201
1.30707 0 0.441976 26.8606 9.84832 17.0123
1.31705 0 0.445823 26.8606 9.77387 17.0868
1.32703 0 0.449637 26.8606 9.71742 17.1432
1.33701 0 0.453418 26.8607 9.67915 17.1815
1.34698 0 0.457165 26.8607 9.65922 17.2014
1.35696 0 0.460879 26.8607 9.65765 17.203
1.36694 0 0.46456 26.8607 9.67442 17.1862
1.37692 0 0.468209 26.8606 9.70944 17.1512
1.38689 0 0.471826 26.8606 9.76252 17.0981
1.39687 0 0.475413 26.8606 9.83341 17.0272
1.40685 0 0.478969 26.8606 9.92179 16.9388
1.41683 0 0.482495 26.8605 10.0273 16.8333
1.4268 0 0.485993 26.8605 10.1494 16.7111
1.43678 0 0.489464 26.8605 10.2876 16.5729
1.44676 0 0.492908 26.8604 10.4414 16.419
1.45674 0 0.496327 26.8604 10.6101 16.2503
1.46672 0 0.499723 26.8604 10.7931 16.0672
1.47669 0 0.503096 26.8603 10.9897 15.8706
1.48667 0 0.506448 26.8603 11.199 15.6612
1.49665 0 0.509781 26.8602 11.4205 15.4397
1.50663 0 0.513096 26.8602 11.6532 15.2069
1.5166 0 0.516395 26.8601 11.8965 14.9636
1.52658 0 0.519679 26.8601 12.1494 14.7107
1.53656 0 0.52295 26.86 12.4112 14.4488
1.54654 0 0.52621 26.86 12.6811 14.1788
1.55651 0 0.52946 26.8599 12.9583 13.9016
1.56649 0 0.532703 26.9059 13.0645 13.8415
1.57647 0 0.535939 26.906 12.9963 13.9097
1.58645 0 0.539167 26.906 12.9308 13.9752
1.59642 0 0.542388 26.906 12.8684 14.0376
1.6064 0 0.545603 26.9061 12.8098 14.0962
1.61638 0 0.548809 26.9061 12.7556 14.1505
1.62636 0 0.552009 26.9061 12.7064 14.1998
1.63634 0 0.555201 26.9062 12.6627 14.2435
1.64631 0 0.558385 26.9062 12.6253 14.281
1.65629 0 0.561563 26.9063 12.5946 14.3117
1.66627 0 0.564733 26.9063 12.5714 14.3349
1.67625 0 0.567895 26.9063 12.5561 14.3502
1.68622 0 0.571051 26.9064 12.5494 14.3569
1.6962 0 0.5742 26.9064 12.5518 14.3546
1.70618 0 0.577343 26.899 12.4909 14.408
1.71616 0 0.580479 26.899 12.3666 14.5324
1.72613 0 0.583607 26.8991 12.251 14.6481
1.73611 0 0.586728 26.8991 12.1445 14.7545
1.74609 0 0.58984 26.8991 12.048 14.8512
1.75607 0 0.592944 26.8992 11.9618 14.9374
1.76604 0 0.596038 26.8992 11.8865 15.0127
1.77602 0 0.599123 26.8992 11.8226 15.0766
1.786 0 0.602198 26.8992 11.7706 15.1286
1.79598 0 0.605264 26.8993 11.7309 15.1683
1.80596 0 0.608319 26.8993 11.7039 15.1954
1.81593 0 0.611363 26.8993 11.6898 15.2095
1.82591 0 0.614398 26.8993 11.6889 15.2104
1.83589 0 0.617422 26.8993 11.7016 15.1977
1.84587 0 0.620436 26.8993 11.7279 15.1714
1.85584 0 0.623441 26.8993 11.768 15.1313
1.86582 0 0.626435 26.8993 11.8221 15.0773
1.8758 0 0.62942 26.8993 11.8901 15.0093
1.88578 0 0.632397 26.8993 11.9719 14.9274
1.89575 0 0.635365 26.8993 12.0677 14.8316
1.90573 0 0.638325 26.8993 12.1772 14.7221
1.91571 0 0.641277 26.8993 12.3003 14.599
1.92569 0 0.644224 26.8993 12.4368 14.4625
1.93566 0 0.647164 26.8993 12.5865 14.3127
1.94564 0 0.650099 26.8993 12.7492 14.1501
1.95562 0 0.65303 26.9029 12.8754 14.0274
1.9656 0 0.655958 26.9028 12.965 13.9379
1.97558 0 0.658883 26.9028 13.0659 13.8369
1.98555 0 0.661806 26.9028 13.1777 13.7251
1.99553 0 0.664728 26.9027 13.2996 13.6031
2.00551 0 0.667649 26.885 13.4052 13.4798
2.01549 0 0.670571 26.8849 13.4931 13.3918
2.02546 0 0.673493 26.8849 13.588 13.2969
2.03544 0 0.676417 26.8848 13.6891 13.1958
2.04542 0 0.679343 26.8848 13.7957 13.0891
2.0554 0 0.682273 26.8848 13.9071 12.9776
2.06537 0 0.685207 26.8847 14.0226 12.8621
2.07535 0 0.688146 26.8847 14.1416 12.7431
2.08533 0 0.69109 26.8846 14.2633 12.6213
2.09531 0 0.694041 26.8846 14.3871 12.4975
2.10528 0 0.697 26.8846 14.5123 12.3723
2.11526 0 0.699968 26.8845 14.6383 12.2462
2.12524 0 0.702945 26.8845 14.7645 12.12
2.13522 0 0.705932 26.8845 14.8903 11.9942
2.1452 0 0.70893 26.8844 15.0151 11.8693
2.15517 0 0.71194 26.8844 15.1385 11.7459
2.16515 0 0.714964 27.0008 15.0391 11.9617
2.17513 0 0.718 27.0008 14.7202 12.2806
2.18511 0 0.721047 27.0008 14.4055 12.5953
2.19508 0 0.724104 27.0008 14.0956 12.9053
2.20506 0 0.727169 27.0009 13.7908 13.21
2.21504 0 0.730241 27.0009 13.4917 13.5092
2.22502 0 0.733319 27.0009 13.1986 13.8023
2.23499 0 0.736402 27.0009 12.9119 14.089
2.24497 0 0.739489 27.001 12.6321 14.3688
2.25495 0 0.742578 27.001 12.3595 14.6415
2.26493 0 0.745669 27.0036 12.0867 14.917
2.27491 0 0.748759 27.0036 11.8143 15.1893
2.28488 0 0.751849 27.0036 11.5505 15.4532
2.29486 0 0.754938 27.0036 11.2953 15.7083
2.30484 0 0.758023 27.0036 11.0491 15.9545
2.31482 0 0.761105 27.0036 10.8119 16.1918
2.32479 0 0.764183 27.0036 10.5837 16.4199
2.33477 0 0.767255 27.0036 10.3647 16.6389
2.34475 0 0.770322 27.0036 10.1548 16.8488
2.35473 0 0.773382 27.0036 9.95402 17.0496
2.3647 0 0.776435 27.0036 9.76216 17.2415
2.37468 0 0.77948 27.0036 9.57912 17.4245
2.38466 0 0.782517 27.0036 9.40473 17.5988
2.39464 0 0.785545 27.0036 9.23878 17.7648
2.40461 0 0.788564 27.0035 9.08101 17.9225
2.41459 0 0.791574 27.0035 8.93116 18.0724
2.42457 0 0.794575 27.0035 8.78892 18.2146
2.43455 0 0.797565 27.0035 8.65398 18.3495
2.44453 0 0.800545 27.0034 8.526 18.4774
2.4545 0 0.803515 27.0034 8.40465 18.5988
2.46448 0 0.806474 27.0034 8.28958 18.7138
2.47446 0 0.809423 27.0034 8.18046 18.8229
2.48444 0 0.812361 27.0033 8.07695 18.9264
2.49441 0 0.815288 27.0033 7.97874 19.0246
2.50439 0 0.818204 27.0033 7.88554 19.1177
2.51437 0 0.821109 26.9977 7.68215 19.3156
2.52435 0 0.824003 26.9978 7.36967 19.6281
2.53432 0 0.826884 26.9978 7.06445 19.9334
2.5443 0 0.829751 26.9979 6.76751 20.2304
2.55428 0 0.832602 26.9979 6.47989 20.5181
2.56426 0 0.835436 26.998 6.20266 20.7953
2.57423 0 0.838253 26.9981 5.93692 21.0612
2.58421 0 0.841051 26.9981 5.68376 21.3144
2.59419 0 0.843829 26.9982 5.44429 21.5539
2.60417 0 0.846586 26.9983 5.21958 21.7787
2.61415 0 0.849321 26.9983 5.01073 21.9876
2.62412 0 0.852034 26.9984 4.81878 22.1796
2.6341 0 0.854723 26.9985 4.64476 22.3537
2.64408 0 0.857388 26.9985 4.48966 22.5089
2.65406 0 0.860029 26.9986 4.35438 22.6442
2.66403 0 0.862644 26.9986 4.23981 22.7588
2.67401 0 0.865235 26.9987 4.14674 22.8519
2.68399 0 0.867799 26.9987 4.07589 22.9228
2.69397 0 0.870338 26.9987 4.02788 22.9709
2.70394 0 0.872852 26.9988 4.00326 22.9955
2.71392 0 0.87534 26.9988 4.00245 22.9963
2.7239 0 0.877803 26.9988 4.02579 22.973
2.73388 0 0.88024 26.9988 4.07348 22.9253
2.74385 0 0.882654 26.9988 4.14564 22.8532
2.75383 0 0.885043 26.9988 4.24223 22.7566
2.76381 0 0.88741 26.9988 4.36313 22.6357
2.77379 0 0.889754 26.9988 4.50807 22.4907
2.78377 0 0.892077 26.9987 4.67669 22.322
2.79374 0 0.89438 26.9987 4.86851 22.1302
2.80372 0 0.896663 26.9987 5.08293 21.9157
2.8137 0 0.898929 26.9986 5.31926 21.6793
2.82368 0 0.901179 26.9985 5.5767 21.4218
2.83365 0 0.903414 26.9985 5.85438 21.1441
2.84363 0 0.905635 26.9984 6.15135 20.8471
2.85361 0 0.907845 27.1038 6.35084 20.753
2.86359 0 0.910045 27.1038 6.44952 20.6543
2.87356 0 0.912233 27.1038 6.5622 20.5416
2.88354 0 0.914413 27.1038 6.68861 20.4152
2.89352 0 0.916583 27.1037 6.82847 20.2753
2.9035 0 0.918746 27.1037 6.98151 20.1222
2.91347 0 0.9209 27.1037 7.14742 19.9563
2.92345 0 0.923049 27.1037 7.32591 19.7778
2.93343 0 0.925192 27.1037 7.51669 19.587
2.94341 0 0.92733 27.1037 7.71943 19.3842
2.95339 0 0.929465 27.1036 7.93384 19.1698
2.96336 0 0.931597 27.1036 8.15959 18.944
2.97334 0 0.933728 27.1036 8.39637 18.7072
2.98332 0 0.935858 27.1036 8.64385 18.4597
2.9933 0 0.93799 27.1036 8.90171 18.2019
3.00327 0 0.940124 27.1035 9.1696 17.9339
3.01325 0 0.942261 27.1008 9.4435 17.6573
3.02323 0 0.944403 27.1008 9.72345 17.3773
3.03321 0 0.946551 27.1007 10.0129 17.0879
3.04318 0 0.948707 27.1007 10.3114 16.7893
3.05316 0 0.950871 27.1007 10.6187 16.482
3.06314 0 0.953046 27.1007 10.9343 16.1664
3.07312 0 0.955233 27.1006 11.2578 15.8428
3.08309 0 0.957433 27.1006 11.589 15.5117
3.09307 0 0.959647 27.1006 11.9272 15.1734
3.10305 0 0.961878 27.1006 12.2722 14.8284
3.11303 0 0.964127 27.1005 12.6234 14.4771
3.12301 0 0.966395 27.1005 12.9805 14.1201
3.13298 0 0.968685 27.1005 13.3429 13.7576
3.14296 0 0.970997 27.1005 13.7102 13.3903
3.15294 0 0.973334 27.1004 14.082 13.0185
3.16292 0 0.975696 27.1004 14.4577 12.6427
3.17289 0 0.978086 27.1004 14.8368 12.2635
3.18287 0 0.980506 27.1004 15.219 11.8814
3.19285 0 0.982956 27.1003 15.6036 11.4967
3.20283 0 0.985439 27.1003 15.9903 11.11
3.2128 0 0.987957 27.1003 16.3784 10.7219
3.22278 0 0.99051 27.0547 16.6579 10.3967
3.23276 0 0.9931 27.08 16.6851 10.3949
3.24274 0 0.995729 27.0799 16.5699 10.51
3.25272 0 0.998395 27.0799 16.452 10.6279
3.26269 0 1.0011 27.0799 16.3312 10.7487
3.27267 0 1.00384 27.0799 16.2071 10.8728
3.28265 0 1.00662 27.0799 16.0798 11.0001
3.29263 0 1.00943 27.0799 15.9489 11.131
3.3026 0 1.01229 27.0799 15.8145 11.2653
3.31258 0 1.01518 27.0266 15.5528 11.4738
3.32256 0 1.0181 27.0266 15.1649 11.8617
3.33254 0 1.02106 27.0266 14.7764 12.2502
3.34251 0 1.02406 27.0266 14.3878 12.6389
3.35249 0 1.02709 27.0267 13.9994 13.0273
3.36247 0 1.03015 27.0267 13.6117 13.415
3.37245 0 1.03324 27.0267 13.2253 13.8014
3.38242 0 1.03637 27.0268 12.8407 14.186
3.3924 0 1.03952 27.0268 12.4585 14.5683
3.40238 0 1.0427 27.0268 12.0792 14.9476
3.41236 0 1.0459 27.0269 11.7034 15.3234
3.42234 0 1.04913 27.0269 11.3319 15.695
3.43231 0 1.05239 27.0269 10.9652 16.0618
3.44229 0 1.05567 27.027 10.604 16.423
3.45227 0 1.05897 27.027 10.249 16.778
3.46225 0 1.06229 27.026 9.89814 17.1279
3.47222 0 1.06564 27.0261 9.5518 17.4743
3.4822 0 1.069 27.0261 9.21369 17.8124
3.49218 0 1.07239 27.0262 8.88462 18.1416
3.50216 0 1.07579 27.0262 8.56536 18.4609
3.51213 0 1.07921 27.0263 8.25673 18.7695
3.52211 0 1.08265 27.0263 7.95955 19.0668
3.53209 0 1.0861 27.0264 7.67462 19.3518
3.54207 0 1.08957 27.0264 7.40275 19.6237
3.55204 0 1.09305 27.0265 7.14475 19.8817
3.56202 0 1.09655 27.0265 6.9014 20.1251
3.572 0 1.10006 27.0266 6.67347 20.3531
3.58198 0 1.10359 27.0266 6.46171 20.5649
3.59196 0 1.10713 27.0267 6.26683 20.7598
3.60193 0 1.11068 27.0267 6.08951 20.9372
3.61191 0 1.11424 27.0267 5.93037 21.0964
3.62189 0 1.11782 27.0268 5.79001 21.2367
3.63187 0 1.12142 27.0268 5.66897 21.3578
3.64184 0 1.12502 27.0268 5.5677 21.4591
3.65182 0 1.12864 27.0268 5.48663 21.5402
3.6618 0 1.13227 27.0269 5.42609 21.6008
3.67178 0 1.13592 27.0269 5.38636 21.6405
3.68175 0 1.13958 27.0269 5.36761 21.6593
3.69173 0 1.14325 27.0269 5.36997 21.6569
3.70171 0 1.14695 27.0269 5.39345 21.6334
3.71169 0 1.15065 27.0269 5.43802 21.5888
3.72166 0 1.15438 27.0268 5.50354 21.5233
3.73164 0 1.15812 27.0268 5.58977 21.4371
3.74162 0 1.16188 27.0268 5.69644 21.3304
3.7516 0 1.16566 27.0268 5.82314 21.2036
3.76158 0 1.16947 27.0267 5.96944 21.0573
3.77155 0 1.17329 27.0267 6.13479 20.8919
3.78153 0 1.17714 27.0267 6.31861 20.7081
3.79151 0 1.18101 27.0266 6.52023 20.5064
3.80149 0 1.18491 27.0266 6.73893 20.2876
3.81146 0 1.18883 27.0265 6.97395 20.0526
3.82144 0 1.19278 27.0265 7.22446 19.802
3.83142 0 1.19677 27.0264 7.48963 19.5368
3.8414 0 1.20078 27.0264 7.76856 19.2578
3.85137 0 1.20483 27.0263 8.06035 18.966
3.86135 0 1.20891 27.0262 8.36407 18.6622
3.87133 0 1.21303 27.0262 8.6788 18.3474
3.88131 0 1.21719 27.0261 9.0036 18.0225
3.89128 0 1.22138 27.0261 9.33754 17.6885
3.90126 0 1.22562 27.026 9.6797 17.3463
3.91124 0 1.2299 27.026 10.0292 16.9968
3.92122 0 1.23422 27.0259 10.3851 16.6409
3.9312 0 1.23859 27.026 10.746 16.28
3.94117 0 1.243 27.026 11.1114 15.9146
3.95115 0 1.24746 27.0259 11.4807 15.5452
3.96113 0 1.25198 27.0259 11.8533 15.1726
3.97111 0 1.25654 27.0258 12.2285 14.7973
3.98108 0 1.26116 27.0258 12.6055 14.4203
3.99106 0 1.26584 27.0258 12.9838 14.042
4.00104 0 1.27057 26.9918 13.3191 13.6727
4.01102 0 1.27536 26.9918 13.6128 13.379
4.02099 0 1.2802 26.9917 13.9085 13.0832
4.03097 0 1.28511 26.9917 14.2057 12.786
4.04095 0 1.29008 26.9917 14.5038 12.4879
4.05093 0 1.29511 26.9917 14.8023 12.1893
4.0609 0 1.30021 26.9916 15.1009 11.8907
4.07088 0 1.30536 26.9916 15.3991 11.5925
4.08086 0 1.31059 26.9916 15.6966 11.295
4.09084 0 1.31588 26.9916 15.9929 10.9987
4.10082 0 1.32124 26.9916 16.288 10.7036
4.11079 0 1.32666 26.9916 16.5813 10.4103
4.12077 0 1.33216 26.9916 16.8729 10.1187
4.13075 0 1.33773 26.9916 17.1624 9.8292
4.14073 0 1.34336 26.9916 17.4497 9.54189
4.1507 0 1.34907 26.9916 17.7347 9.25692
4.16068 0 1.35486 26.9916 18.0172 8.97441
4.17066 0 1.36071 26.9916 18.2971 8.69445
4.18064 0 1.36665 26.9916 18.5745 8.41713
4.19061 0 1.37265 26.9916 18.8491 8.1425
4.20059 0 1.37874 26.9916 19.121 7.87061
4.21057 0 1.3849 26.9916 19.3901 7.6015
4.22055 0 1.39113 26.9916 19.6564 7.3352
4.23053 0 1.39745 26.9916 19.9199 7.07172
4.2405 0 1.40384 26.9916 20.1805 6.81109
4.25048 0 1.41032 26.9916 20.4383 6.5533
4.26046 0 1.41687 26.9916 20.6933 6.29837
4.27044 0 1.4235 26.9917 20.9454 6.04629
4.28041 0 1.43022 26.975 21.1646 5.81039
4.29039 0 1.43702 26.9755 21.2436 5.73188
4.30037 0 1.4439 26.9755 21.2088 5.76665
4.31035 0 1.45086 26.9755 21.1674 5.80807
4.32032 0 1.4579 27.0421 21.0547 5.98741
4.3303 0 1.46503 27.0421 20.8737 6.1684
4.34028 0 1.47224 27.0421 20.6923 6.34984
4.35026 0 1.47953 27.0422 20.5107 6.53149
4.36023 0 1.48691 27.0422 20.3291 6.71308
4.37021 0 1.49437 27.0422 20.1479 6.89431
4.38019 0 1.50191 27.0422 19.9674 7.07485
4.39017 0 1.50954 27.0422 19.7879 7.25436
4.40015 0 1.51725 27.0423 19.6098 7.43246
4.41012 0 1.52505 27.0423 19.4335 7.60875
4.4201 0 1.53293 27.0423 19.2595 7.78278
4.43008 0 1.5409 27.0423 19.0882 7.95412
4.44006 0 1.54895 27.0424 18.9201 8.12228
4.45003 0 1.55709 27.0424 18.7556 8.28676
4.46001 0 1.56531 27.0424 18.5954 8.44706
4.46999 0 1.57362 27.0425 18.4398 8.60263
4.47997 0 1.58201 27.0407 18.2622 8.77847
4.48994 0 1.59049 27.0407 18.0636 8.97713
4.49992 0 1.59906 27.0408 17.8724 9.16836
4.5099 0 1.60772 27.0408 17.6893 9.35151
4.51988 0 1.61646 27.0408 17.5149 9.52598
4.52985 0 1.62529 27.0409 17.3497 9.69117
4.53983 0 1.63421 27.0382 17.1887 9.84948
4.54981 0 1.64322 27.0383 17.0326 10.0056
4.55979 0 1.65231 27.0383 16.8876 10.1507
4.56977 0 1.6615 27.0383 16.7541 10.2842
4.57974 0 1.67078 27.0383 16.6326 10.4057
4.58972 0 1.68014 27.0384 16.5236 10.5147
4.5997 0 1.6896 27.0384 16.4274 10.6109
4.60968 0 1.69915 27.0384 16.3444 10.694
4.61965 0 1.70879 27.0384 16.2747 10.7637
4.62963 0 1.71853 27.0384 16.2186 10.8198
4.63961 0 1.72835 27.0384 16.1763 10.8621
4.64959 0 1.73827 27.0384 16.1478 10.8906
4.65956 0 1.74829 27.0384 16.1332 10.9052
4.66954 0 1.7584 27.0384 16.1324 10.906
4.67952 0 1.7686 27.0384 16.1453 10.8931
4.6895 0 1.7789 27.0384 16.1717 10.8667
4.69947 0 1.7893 27.0384 16.2115 10.8269
4.70945 0 1.79979 27.0384 16.2643 10.774
4.71943 0 1.81039 27.0383 16.3299 10.7085
4.72941 0 1.82108 27.0383 16.4077 10.6306
4.73939 0 1.83187 27.0383 16.4975 10.5408
4.74936 0 1.84276 27.0382 16.5987 10.4396
4.75934 0 1.85375 27.0382 16.7108 10.3274
4.76932 0 1.86485 27.0382 16.8333 10.2049
4.7793 0 1.87604 27.0381 16.9655 10.0726
4.78927 0 1.88734 27.0381 17.107 9.9311
4.79925 0 1.89875 27.0381 17.257 9.78102
4.80923 0 1.91026 27.038 17.415 9.62299
4.81921 0 1.92187 27.038 17.5803 9.45766
4.82918 0 1.93359 27.0379 17.7523 9.28567
4.83916 0 1.94541 27.0379 17.9302 9.10766
4.84914 0 1.95734 27.0379 18.1136 8.92427
4.85912 0 1.96938 27.0378 18.3017 8.73612
4.86909 0 1.98153 27.0378 18.494 8.54383
4.87907 0 1.99379 27.0377 18.6898 8.348
4.88905 0 2.00615 27.0377 18.8885 8.1492
4.89903 0 2.01863 27.0377 19.0897 7.94798
4.90901 0 2.03121 27.0377 19.2928 7.74488
4.91898 0 2.04391 27.0376 19.4972 7.5404
4.92896 0 2.05672 27.0376 19.7026 7.33499
4.93894 0 2.06964 27.0376 19.9085 7.12912
4.94892 0 2.08267 27.0376 20.1144 6.92317
4.95889 0 2.09581 27.0375 20.32 6.71754
4.96887 0 2.10907 27.0375 20.525 6.51257
4.97885 0 2.12244 27.0375 20.729 6.30856
4.98883 0 2.13592 27.0375 20.9317 6.10579
4.9988 0 2.14951 27.0374 21.1321 5.90523
5.00878 0 2.16322 27.0374 21.3301 5.70724
5.01876 0 2.17705 27.0374 21.5263 5.51105
5.02874 0 2.19099 27.1091 21.6175 5.49162
5.03872 0 2.20504 27.1091 21.608 5.50118
5.04869 0 2.21921 27.1092 21.6042 5.50494
5.05867 0 2.23349 27.1092 21.6065 5.50266
5.06865 0 2.24789 27.1092 21.615 5.49414
5.07863 0 2.26241 27.1092 21.63 5.47918
5.0886 0 2.27705 27.1092 21.6516 5.4576
5.09858 0 2.2918 27.1092 21.68 5.42926
5.10856 0 2.30667 27.1092 21.7152 5.39402
5.11854 0 2.32166 27.1092 21.7575 5.35178
5.12851 0 2.33677 27.1092 21.8068 5.30244
5.13849 0 2.352 27.1092 21.8633 5.24595
5.14847 0 2.36736 27.1092 21.927 5.18227
5.15845 0 2.38283 27.1092 21.9978 5.11139
5.16842 0 2.39842 27.1092 22.0759 5.03333
5.1784 0 2.41414 27.1092 22.1611 4.94814
5.18838 0 2.42997 27.1092 22.2533 4.85587
5.19836 0 2.44593 27.1092 22.3526 4.75663
5.20834 0 2.46202 27.1092 22.4587 4.65052
5.21831 0 2.47822 27.1092 22.5715 4.5377
5.22829 0 2.49455 27.1092 22.6908 4.41833
5.23827 0 2.511 27.1092 22.8166 4.2926
5.24825 0 2.52758 27.1091 22.9484 4.16071
5.25822 0 2.54428 27.1091 23.0862 4.0229
5.2682 0 2.56111 27.1091 23.2297 3.87941
5.27818 0 2.57806 27.1091 23.3786 3.73051
5.28816 0 2.59514 27.1091 23.5326 3.57648
5.29813 0 2.61235 27.1091 23.6915 3.4176
5.30811 0 2.62967 27.109 23.8548 3.2542
5.31809 0 2.64713 27.109 24.0224 3.08658
5.32807 0 2.66471 27.109 24.1939 2.91506
5.33804 0 2.68241 27.109 24.369 2.73999
5.34802 0 2.70025 27.0875 24.5251 2.56242
5.358 0 2.71818 27.0874 24.6616 2.42589
5.36798 0 2.73623 27.0874 24.8 2.28743
5.37796 0 2.75438 27.0874 24.94 2.14741
5.38793 0 2.77264 27.0874 25.0811 2.00623
5.39791 0 2.791 27.0873 25.2231 1.86426
5.40789 0 2.80947 27.0873 25.3654 1.72188
5.41787 0 2.82803 27.0873 25.5078 1.57946
5.42784 0 2.84671 27.0899 25.6467 1.44316
5.43782 0 2.86548 27.0899 25.7819 1.30796
5.4478 0 2.88435 27.0898 25.9163 1.17355
5.45778 0 2.90333 27.0898 26.0495 1.04027
5.46775 0 2.9224 27.0898 26.1813 0.908479
5.47773 0 2.94157 27.0898 26.3113 0.7785
5.48771 0 2.96083 27.0898 26.4391 0.65065
5.49769 0 2.98019 27.0897 26.5645 0.52523
5.50766 0 2.99964 27.0897 26.6872 0.402521
5.51764 0 3.01919 27.0897 26.8069 0.282791
5.52762 0 3.03883 27.0897 26.9234 0.166287
5.5376 0 3.05855 27.0897 27.0364 0.0532404
5.54758 0 3.07837 27.0897 27.1458 -0.0561353
5.55755 0 3.09827 27.0897 27.2513 -0.161645
5.56753 0 3.11825 27.0896 27.3528 -0.263112
5.57751 0 3.13832 27.0896 27.45 -0.360376
5.58749 0 3.15848 27.0896 27.5429 -0.453296
5.59746 0 3.17871 27.0896 27.6314 -0.54175
5.60744 0 3.19902 27.0896 27.7152 -0.62563
5.61742 0 3.2194 27.0896 27.7945 -0.70485
5.6274 0 3.23987 27.0896 27.8689 -0.779337
5.63737 0 3.2604 27.0896 27.9386 -0.849038
5.64735 0 3.28101 27.0896 28.0035 -0.913917
5.65733 0 3.30168 27.0896 28.0636 -0.973951
5.66731 0 3.32243 27.1383 28.0592 -0.920873
5.67728 0 3.3432 27.1383 27.9895 -0.851252
5.68726 0 3.36399 27.1383 27.9135 -0.775256
5.69724 0 3.38481 27.1383 27.8312 -0.692893
5.70722 0 3.40564 27.1383 27.7425 -0.604186
5.7172 0 3.42649 27.1383 27.6475 -0.509172
5.72717 0 3.44735 27.1383 27.5462 -0.407906
5.73715 0 3.46821 27.1383 27.4387 -0.300458
5.74713 0 3.48908 27.1383 27.3252 -0.186914
5.75711 0 3.50995 27.1383 27.2057 -0.067378
5.76708 0 3.53082 27.1383 27.0803 0.0580292
5.77706 0 3.55168 27.1395 26.9451 0.194392
5.78704 0 3.57252 27.1395 26.8003 0.339199
5.79702 0 3.59336 27.1395 26.6502 0.489257
5.80699 0 3.61417 27.1395 26.4951 0.644369
5.81697 0 3.63496 27.1395 26.3352 0.804317
5.82695 0 3.65572 27.1395 26.1707 0.968865
5.83693 0 3.67645 27.1395 26.0018 1.13775
5.8469 0 3.69715 27.1395 25.8288 1.31071
5.85688 0 3.7178 27.1396 25.6521 1.48743
5.86686 0 3.73842 27.1396 25.472 1.6676
5.87684 0 3.75898 27.1396 25.2887 1.85087
5.88682 0 3.77949 27.1396 25.1027 2.0369
5.89679 0 3.79995 27.1397 24.9144 2.22529
5.90677 0 3.82034 27.1397 24.724 2.41564
5.91675 0 3.84067 27.1397 24.5322 2.60754
5.92673 0 3.86094 27.1397 24.3392 2.80055
5.9367 0 3.88112 27.1398 24.1456 2.9942
5.94668 0 3.90124 27.1398 23.9518 3.18801
5.95666 0 3.92127 27.1398 23.7583 3.3815
5.96664 0 3.94121 27.1399 23.5657 3.57415
5.97661 0 3.96107 27.1399 23.3745 3.76544
5.98659 0 3.98083 27.1399 23.1851 3.95483
5.99657 0 4.0005 27.14 22.9982 4.14176
6.00655 0 4.02007 27.14 22.8143 4.32569
6.01653 0 4.03953 27.14 22.634 4.50604
6.0265 0 4.05889 27.1401 22.4578 4.68224
6.03648 0 4.07813 27.1428 22.2833 4.85954
6.04646 0 4.09726 27.1429 22.111 5.03186
6.05644 0 4.11627 27.1427 21.9381 5.20465
6.06641 0 4.13515 27.1428 21.7652 5.37756
6.07639 0 4.15391 27.1428 21.5997 5.54312
6.08637 0 4.17253 27.1428 21.442 5.70084
6.09635 0 4.19101 27.1429 21.2926 5.85022
6.10632 0 4.20936 27.1429 21.1521 5.99077
6.1163 0 4.22757 27.1429 21.0209 6.12204
6.12628 0 4.24564 27.1429 20.8993 6.2436
6.13626 0 4.26357 27.143 20.7879 6.35503
6.14623 0 4.28136 27.143 20.687 6.45596
6.15621 0 4.299 27.143 20.597 6.54604
6.16619 0 4.3165 27.143 20.5181 6.62495
6.17617 0 4.33385 27.143 20.4506 6.69243
6.18615 0 4.35106 27.143 20.3948 6.74824
6.19612 0 4.36812 27.1431 20.3509 6.79219
6.2061 0 4.38503 27.1431 20.3189 6.82413
6.21608 0 4.4018 27.1431 20.2991 6.84397
6.22606 0 4.41842 27.1431 20.2914 6.85165
6.23603 0 4.4349 27.1431 20.2959 6.84716
6.24601 0 4.45123 27.1431 20.3125 6.83056
6.25599 0 4.46742 27.143 20.3411 6.80192
6.26597 0 4.48347 27.143 20.3816 6.7614
6.27594 0 4.49938 27.143 20.4339 6.70917
6.28592 0 4.51516 27.143 20.4975 6.64547
6.2959 0 4.5308 27.143 20.5724 6.57058
6.30588 0 4.5463 27.143 20.6581 6.48481
6.31585 0 4.56168 27.1429 20.7544 6.38853
6.32583 0 4.57693 27.1429 20.8608 6.28214
6.33581 0 4.59205 27.1429 20.9768 6.16606
6.34579 0 4.60705 27.1428 21.1021 6.04077
6.35577 0 4.62193 27.1428 21.2361 5.90675
6.36574 0 4.63669 27.1428 21.3782 5.76453
6.37572 0 4.65134 27.1427 21.5281 5.61464
6.3857 0 4.66589 27.1427 21.685 5.45765
6.39568 0 4.68032 27.1427 21.8485 5.29412
6.40565 0 4.69466 27.1426 22.018 5.12464
6.41563 0 4.70889 27.1426 22.1928 4.9498
6.42561 0 4.72303 27.1425 22.3724 4.77019
6.43559 0 4.73708 27.1425 22.5561 4.5864
6.44556 0 4.75105 27.1425 22.7435 4.39902
6.45554 0 4.76493 27.1424 22.9338 4.20864
6.46552 0 4.77873 27.1424 23.1266 4.01582
6.4755 0 4.79246 27.1424 23.3212 3.82113
6.48547 0 4.80611 27.1423 23.5172 3.62511
6.49545 0 4.8197 27.1423 23.714 3.4283
6.50543 0 4.83323 27.1423 23.9111 3.23119
6.51541 0 4.84669 27.1422 24.108 3.03428
6.52539 0 4.8601 27.1422 24.3042 2.83803
6.53536 0 4.87346 27.1422 24.4993 2.64289
6.54534 0 4.88677 27.1426 24.691 2.4516
6.55532 0 4.90003 27.1425 24.8788 2.26378
6.5653 0 4.91326 27.1425 25.0643 2.07825
6.57527 0 4.92644 27.1425 25.2472 1.89536
6.58525 0 4.9396 27.1425 25.4271 1.71542
6.59523 0 4.95272 27.1425 25.6038 1.5387
6.60521 0 4.96582 27.1425 25.777 1.36546
6.61518 0 4.97889 27.1425 25.9465 1.19594
6.62516 0 4.99194 27.1425 26.1121 1.03034
6.63514 0 5.00497 27.1424 26.2736 0.868833
6.64512 0 5.01799 27.1454 26.4269 0.718538
6.65509 0 5.031 27.1454 26.5714 0.573978
6.66507 0 5.04399 27.1454 26.7109 0.434439
6.67505 0 5.05698 27.1454 26.8454 0.300012
6.68503 0 5.06997 27.1336 26.9577 0.175958
6.69501 0 5.08295 27.1336 27.0466 0.0870883
6.70498 0 5.09593 27.1336 27.1277 0.00594658
6.71496 0 5.10892 27.1336 27.201 -0.0673993
6.72494 0 5.1219 27.1336 27.2665 -0.1329
6.73492 0 5.13489 27.1336 27.3242 -0.190524
6.74489 0 5.14789 27.1336 27.3739 -0.240257
6.75487 0 5.16089 27.0882 27.3276 -0.239362
6.76485 0 5.1739 27.0882 27.1863 -0.0981075
6.77483 0 5.18691 27.0882 27.039 0.0492542
6.7848 0 5.19993 27.0882 26.8856 0.20263
6.79478 0 5.21295 27.0882 26.7263 0.361908
6.80476 0 5.22597 27.0702 26.5278 0.54244
6.81474 0 5.23899 27.0702 26.2903 0.779937
6.82472 0 5.252 27.0702 26.048 1.02223
6.83469 0 5.265 27.0702 25.8011 1.26918
6.84467 0 5.278 27.0702 25.5497 1.52059
6.85465 0 5.29098 27.0703 25.294 1.77628
6.86463 0 5.30394 27.0703 25.0343 2.03602
6.8746 0 5.31688 27.0703 24.7707 2.29958
6.88458 0 5.3298 27.0703 24.5036 2.56668
6.89456 0 5.3427 27.0703 24.2333 2.83704
6.90454 0 5.35557 27.0703 23.96 3.11035
6.91451 0 5.3684 27.0704 23.6841 3.38626
6.92449 0 5.3812 27.0704 23.4059 3.66443
6.93447 0 5.39396 27.0704 23.1259 3.94446
6.94445 0 5.40668 27.0723 22.8415 4.23083
6.95442 0 5.41935 27.0723 22.5531 4.51926
6.9644 0 5.43198 27.0723 22.2643 4.80808
6.97438 0 5.44455 27.0724 21.9756 5.0968
6.98436 0 5.45708 27.0724 21.6875 5.3849
6.99434 0 5.46954 27.0724 21.4006 5.67185
7.00431 0 5.48194 27.0725 21.1154 5.95711
7.01429 0 5.49428 27.0725 20.8324 6.24011
7.02427 0 5.50655 27.0725 20.5522 6.5203
7.03425 0 5.51876 27.0726 20.2755 6.79708
7.04422 0 5.53089 27.0726 20.0027 7.06987
7.0542 0 5.54294 27.0727 19.7346 7.33809
7.06418 0 5.55492 27.0727 19.4716 7.60113
7.07416 0 5.56682 27.0727 19.2143 7.85842
7.08413 0 5.57863 27.0728 18.9634 8.10937
7.09411 0 5.59035 27.0728 18.7194 8.35341
7.10409 0 5.60199 27.0728 18.4829 8.58998
7.11407 0 5.61354 27.0729 18.2543 8.81853
7.12404 0 5.62499 27.0729 18.0344 9.03855
7.13402 0 5.63635 27.0729 17.8234 9.24951
7.144 0 5.64761 27.073 17.622 9.45096
7.15398 0 5.65878 27.073 17.4305 9.64244
7.16396 0 5.66984 27.073 17.2495 9.82354
7.17393 0 5.6808 27.073 17.0792 9.99388
7.18391 0 5.69166 27.0731 16.9199 10.1531
7.19389 0 5.70241 27.0731 16.7721 10.3009
7.20387 0 5.71306 27.0731 16.636 10.4371
7.21384 0 5.7236 27.0731 16.5118 10.5613
7.22382 0 5.73403 27.0731 16.3996 10.6735
7.2338 0 5.74435 27.0731 16.2995 10.7736
7.24378 0 5.75457 27.0731 16.2118 10.8613
7.25375 0 5.76467 27.0731 16.1363 10.9368
7.26373 0 5.77467 27.0812 16.0481 11.0331
7.27371 0 5.78456 27.0812 15.9451 11.1361
7.28369 0 5.79433 27.0812 15.851 11.2301
7.29366 0 5.804 27.0812 15.7658 11.3154
7.30364 0 5.81355 27.0811 15.6891 11.392
7.31362 0 5.82299 27.1526 15.4902 11.6624
7.3236 0 5.83231 27.1526 15.1623 11.9903
7.33358 0 5.84152 27.1526 14.8313 12.3214
7.34355 0 5.85061 27.1526 14.4976 12.6551
7.35353 0 5.85957 27.1527 14.1618 12.9909
7.36351 0 5.86841 27.1527 13.8244 13.3283
7.37349 0 5.87711 27.1527 13.4862 13.6666
7.38346 0 5.88568 27.1528 13.1478 14.005
7.39344 0 5.89411 27.1528 12.8101 14.3427
7.40342 0 5.9024 27.1529 12.4739 14.679
7.4134 0 5.91055 27.1529 12.1401 15.0128
7.42337 0 5.91855 27.153 11.8097 15.3433
7.43335 0 5.92639 27.1531 11.4837 15.6694
7.44333 0 5.93408 27.1531 11.1632 15.99
7.45331 0 5.94161 27.1532 10.8492 16.304
7.46328 0 5.94898 27.1533 10.543 16.6102
7.47326 0 5.95619 27.1533 10.2457 16.9076
7.48324 0 5.96322 27.1534 9.95854 17.1949
7.49322 0 5.97009 27.1535 9.68263 17.4709
7.5032 0 5.97678 27.1536 9.41919 17.7344
7.51317 0 5.98329 27.1536 9.1694 17.9842
7.52315 0 5.98963 27.1537 8.93443 18.2193
7.53313 0 5.99578 27.1538 8.71538 18.4384
7.54311 0 6.00175 27.1538 8.51334 18.6405
7.55308 0 6.00753 27.1539 8.32932 18.8246
7.56306 0 6.01313 27.1539 8.16426 18.9897
7.57304 0 6.01853 27.154 8.01903 19.135
7.58302 0 6.02375 27.154 7.89441 19.2596
7.59299 0 6.02877 27.1541 7.79109 19.363
7.60297 0 6.0336 27.1541 7.70964 19.4445
7.61295 0 6.03823 27.1541 7.65053 19.5036
7.62293 0 6.04267 27.1541 7.61412 19.54
7.6329 0 6.04691 27.1541 7.60064 19.5535
7.64288 0 6.05096 27.1541 7.61021 19.5439
7.65286 0 6.05482 27.1541 7.64281 19.5113
7.66284 0 6.05848 27.1541 7.69831 19.4558
7.67282 0 6.06194 27.1541 7.77648 19.3776
7.68279 0 6.06521 27.1541 7.87694 19.2771
7.69277 0 6.0683 27.154 7.99924 19.1548
7.70275 0 6.07119 27.154 8.14279 19.0112
7.71273 0 6.07389 27.1539 8.30694 18.847
7.7227 0 6.07641 27.1537 8.48933 18.6644
7.73268 0 6.07874 27.1536 8.68911 18.4645
7.74266 0 6.08089 27.1536 8.907 18.2466
7.75264 0 6.08287 27.0845 8.8628 18.2217
7.76261 0 6.08466 27.0846 8.5544 18.5302
7.77259 0 6.08627 27.0847 8.2595 18.8252
7.78257 0 6.0877 27.0848 7.97984 19.1049
7.79255 0 6.08893 27.0849 7.7172 19.3677
7.80253 0 6.08997 27.085 7.47333 19.6117
7.8125 0 6.09082 27.0851 7.24999 19.8351
7.82248 0 6.09147 27.0529 6.94661 20.1063
7.83246 0 6.09191 27.053 6.56312 20.4899
7.84244 0 6.09215 27.0531 6.20141 20.8517
7.85241 0 6.09217 27.0533 5.86356 21.1897
7.86239 0 6.09198 27.0534 5.55156 21.5018
7.87237 0 6.09157 27.0535 5.26728 21.7862
7.88235 0 6.09093 27.0536 5.01244 22.0411
7.89232 0 6.09006 27.0537 4.78861 22.2651
7.9023 0 6.08896 27.0537 4.59719 22.4566
7.91228 0 6.08762 27.0538 4.43936 22.6144
7.92226 0 6.08605 27.0539 4.31612 22.7377
7.93223 0 6.08423 27.0539 4.22822 22.8257
7.94221 0 6.08218 27.0539 4.17621 22.8777
7.95219 0 6.07988 27.0539 4.16038 22.8935
7.96217 0 6.07733 27.0539 4.1808 22.8731
7.97215 0 6.07454 27.0539 4.2373 22.8166
7.98212 0 6.07151 27.0538 4.32949 22.7243
7.9921 0 6.06823 27.0538 4.45675 22.597
8.00208 0 6.06471 27.0537 4.61827 22.4355
8.01206 0 6.06094 27.0536 4.813 22.2406
8.02203 0 6.05694 27.0536 5.03977 22.0138
8.03201 0 6.0527 27.0535 5.29719 21.7563
8.04199 0 6.04822 27.0534 5.58375 21.4696
8.05197 0 6.04351 27.0533 5.89782 21.1554
8.06194 0 6.03857 27.0532 6.23765 20.8155
8.07192 0 6.0334 27.053 6.6014 20.4516
8.0819 0 6.02801 27.0529 6.98718 20.0657
8.09188 0 6.0224 27.0528 7.39304 19.6598
8.10185 0 6.01658 26.9502 7.53519 19.415
8.11183 0 6.01055 26.9503 7.41595 19.5343
8.12181 0 6.0043 26.9503 7.32102 19.6293
8.13179 0 5.99784 26.9504 7.25136 19.699
8.14177 0 5.99116 26.9504 7.20781 19.7426
8.15174 0 5.98426 26.9505 7.19109 19.7594
8.16172 0 5.97714 27.0746 7.0428 20.0318
8.1717 0 5.9698 27.0748 6.76327 20.3115
8.18168 0 5.96223 27.0749 6.51187 20.563
8.19165 0 5.95442 27.075 6.29035 20.7846
8.20163 0 5.94638 27.075 6.10005 20.975
8.21161 0 5.93809 27.0751 5.94242 21.1327
8.22159 0 5.92956 27.0752 5.81897 21.2562
8.23156 0 5.92079 27.0752 5.73073 21.3445
8.24154 0 5.91176 27.0753 5.6785 21.3968
8.25152 0 5.90248 27.0753 5.66287 21.4124
8.2615 0 5.89294 27.0753 5.6842 21.3911
8.27147 0 5.88316 27.0758 5.74204 21.3338
8.28145 0 5.87311 27.0758 5.83626 21.2395
8.29143 0 5.86282 27.0757 5.96711 21.1086
8.30141 0 5.85226 27.0757 6.13403 20.9417
8.31139 0 5.84146 27.0756 6.33629 20.7394
8.32136 0 5.8304 27.0756 6.57292 20.5026
8.33134 0 5.81909 27.0755 6.8428 20.2327
8.34132 0 5.80753 27.0748 7.14221 19.9325
8.3513 0 5.79573 27.0747 7.46964 19.605
8.36127 0 5.78369 27.0745 7.8258 19.2487
8.37125 0 5.77141 27.0744 8.209 18.8654
8.38123 0 5.75889 27.0743 8.61739 18.4569
8.39121 0 5.74615 27.0742 9.04906 18.0251
8.40118 0 5.73318 27.0741 9.50205 17.572
8.41116 0 5.71999 27.0739 9.97433 17.0996
8.42114 0 5.70659 27.0738 10.4638 16.61
8.43112 0 5.69298 27.0737 10.9685 16.1052
8.44109 0 5.67917 27.0736 11.4863 15.5872
8.45107 0 5.66516 27.0735 12.0152 15.0582
8.46105 0 5.65096 27.1761 12.3812 14.7949
8.47103 0 5.63658 27.1761 12.5834 14.5927
8.48101 0 5.622 27.1761 12.7946 14.3815
8.49098 0 5.60725 27.1199 12.8655 14.2544
8.50096 0 5.59231 27.1199 12.8012 14.3187
8.51094 0 5.57719 27.1199 12.7569 14.363
8.52092 0 5.56188 27.1199 12.7331 14.3868
8.53089 0 5.54638 27.12 12.7302 14.3898
8.54087 0 5.53068 27.12 12.7484 14.3716
8.55085 0 5.5148 27.12 12.7878 14.3322
8.56083 0 5.49873 27.12 12.8484 14.2716
8.5708 0 5.48246 27.12 12.9303 14.1897
8.58078 0 5.466 27.1199 13.0331 14.0868
8.59076 0 5.44934 27.1199 13.1567 13.9632
8.60074 0 5.43249 27.1199 13.3005 13.8194
8.61072 0 5.41546 27.1198 13.4642 13.6557
8.62069 0 5.39823 27.1198 13.647 13.4728
8.63067 0 5.38081 27.1197 13.8484 13.2713
8.64065 0 5.3632 27.1197 14.0676 13.0521
8.65063 0 5.34541 27.1196 14.3036 12.816
8.6606 0 5.32744 27.1196 14.5557 12.5639
8.67058 0 5.30929 27.1195 14.8228 12.2967
8.68056 0 5.29096 27.1194 15.1039 12.0155
8.69054 0 5.27245 27.1194 15.398 11.7214
8.70051 0 5.25377 27.1193 15.704 11.4153
8.71049 0 5.23493 27.1192 16.0208 11.0985
8.72047 0 5.21592 27.1192 16.3472 10.772
8.73045 0 5.19676 27.1191 16.6822 10.4369
8.74042 0 5.17744 27.119 17.0245 10.0945
8.7504 0 5.15796 27.119 17.3732 9.74577
8.76038 0 5.13834 27.1189 17.7271 9.39184
8.77036 0 5.11858 27.1188 18.0851 9.03377
8.78034 0 5.09868 27.1188 18.4462 8.67261
8.79031 0 5.07864 27.1187 18.8093 8.30937
8.80029 0 5.05848 27.1187 19.1737 7.945
8.81027 0 5.03819 27.1186 19.5382 7.58042
8.82025 0 5.01779 27.0993 19.7817 7.31759
8.83022 0 4.99729 27.0993 19.9081 7.19119
8.8402 0 4.9767 27.0992 20.0414 7.05788
8.85018 0 4.95602 27.0992 20.1812 6.91797
8.86016 0 4.93525 27.0992 20.3274 6.77178
8.87013 0 4.9144 27.0992 20.4795 6.61965
8.88011 0 4.89346 27.0992 20.6372 6.46191
8.89009 0 4.87244 27.0991 20.8002 6.29893
8.90007 0 4.85135 27.0991 20.9681 6.13106
8.91004 0 4.83017 27.0991 21.1404 5.95869
8.92002 0 4.80893 27.0991 21.3169 5.78219
8.93 0 4.78761 27.099 21.4971 5.60195
8.93998 0 4.76622 27.099 21.6807 5.41836
8.94996 0 4.74476 27.099 21.8672 5.2318
8.95993 0 4.72325 27.099 22.0563 5.04267
8.96991 0 4.70167 27.099 22.2476 4.85134
8.97989 0 4.68004 27.0989 22.4407 4.65821
8.98987 0 4.65835 27.0989 22.6353 4.46364
8.99984 0 4.63661 27.0989 22.8309 4.26802
9.00982 0 4.61482 27.0989 23.0272 4.0717
9.0198 0 4.59299 27.0988 23.2238 3.87503
9.02978 0 4.57112 27.0988 23.4205 3.67836
9.03975 0 4.54921 27.0988 23.6168 3.48201
9.04973 0 4.52727 27.0988 23.8125 3.2863
9.05971 0 4.50529 27.0988 24.0072 3.09154
9.06969 0 4.48329 27.0988 24.2008 2.898
9.07966 0 4.46126 27.0988 24.3928 2.70597
9.08964 0 4.43921 27.0987 24.5831 2.51569
9.09962 0 4.41714 27.0987 24.7713 2.3274
9.1096 0 4.39506 27.0987 24.9574 2.14133
9.11958 0 4.37296 27.0987 25.141 1.95768
9.12955 0 4.35086 27.0987 25.3221 1.77663
9.13953 0 4.32875 27.0987 25.5003 1.59837
9.14951 0 4.30665 27.0987 25.6757 1.42303
9.15949 0 4.28454 27.0987 25.8479 1.25076
9.16946 0 4.26243 27.0987 26.017 1.08168
9.17944 0 4.24034 27.0987 26.1828 0.915889
9.18942 0 4.21825 27.0987 26.3452 0.753479
9.1994 0 4.19618 27.0987 26.5042 0.594522
9.20937 0 4.17412 27.0987 26.6596 0.439078
9.21935 0 4.15209 27.0987 26.8115 0.287192
9.22933 0 4.13007 27.0987 26.9598 0.138895
9.23931 0 4.10809 27.0987 27.1045 -0.00579297
9.24928 0 4.08612 27.0992 27.244 -0.144868
9.25926 0 4.06419 27.0992 27.3783 -0.279153
9.26924 0 4.04229 27.0992 27.5088 -0.40967
9.27922 0 4.02043 27.0992 27.6356 -0.536444
9.2892 0 3.9986 27.1031 27.7404 -0.637334
9.29917 0 3.97684 27.1031 27.8234 -0.720272
9.30915 0 3.95514 27.1031 27.9029 -0.79973
9.31913 0 3.93351 27.1031 27.9789 -0.875802
9.32911 0 3.91195 27.1031 28.0517 -0.948586
9.33908 0 3.89046 27.1032 28.1213 -1.01819
9.34906 0 3.86904 27.1032 28.1879 -1.08471
9.35904 0 3.84769 27.1032 28.2514 -1.14827
9.36902 0 3.82643 27.1032 28.3122 -1.20898
9.37899 0 3.80524 27.1032 28.3702 -1.26696
9.38897 0 3.78412 27.1032 28.4255 -1.32232
9.39895 0 3.76309 27.1032 28.4784 -1.37519
9.40893 0 3.74215 27.1032 28.5289 -1.42569
9.4189 0 3.72128 27.1024 28.5673 -1.46482
9.42888 0 3.7005 27.1046 28.5924 -1.4878
9.43886 0 3.67981 27.1046 28.6156 -1.51094
9.44884 0 3.6592 27.1046 28.639 -1.53432
9.45882 0 3.63868 27.1046 28.6626 -1.55797
9.46879 0 3.61825 27.1047 28.6865 -1.58189
9.47877 0 3.59791 27.1047 28.7108 -1.6061
9.48875 0 3.57765 27.1047 28.7353 -1.63062
9.49873 0 3.55749 27.1047 28.7601 -1.65544
9.5087 0 3.53742 27.1047 28.7853 -1.6806
9.51868 0 3.51743 27.1047 28.8108 -1.7061
9.52866 0 3.49754 27.1066 28.8304 -1.72371
9.53864 0 3.47775 27.1066 28.8438 -1.73721
9.54861 0 3.45805 27.1066 28.8573 -1.75063
9.55859 0 3.43845 27.1066 28.8706 -1.76395
9.56857 0 3.41895 27.1066 28.8838 -1.77713
9.57855 0 3.39954 27.1066 28.8968 -1.79014
9.58853 0 3.38023 27.1066 28.9096 -1.80295
9.5985 0 3.36103 27.1066 28.9221 -1.81552
9.60848 0 3.34192 27.1066 28.9344 -1.8278
9.61846 0 3.32291 27.1066 28.9464 -1.83977
9.62844 0 3.304 27.1066 28.958 -1.85138
9.63841 0 3.28519 27.1066 28.9692 -1.86258
9.64839 0 3.26648 27.1066 28.9799 -1.87333
9.65837 0 3.24788 27.1066 28.9902 -1.88359
9.66835 0 3.22937 27.1066 28.9999 -1.8933
9.67832 0 3.21097 27.1066 29.009 -1.90242
9.6883 0 3.19267 27.1066 29.0175 -1.9109
9.69828 0 3.17447 27.1066 29.0253 -1.91868
9.70826 0 3.15637 27.1066 29.0323 -1.92571
9.71823 0 3.13838 27.1066 29.0385 -1.93194
9.72821 0 3.12049 27.1066 29.0439 -1.9373
9.73819 0 3.1027 27.1066 29.0483 -1.94175
9.74817 0 3.08502 27.1066 29.0518 -1.94523
9.75815 0 3.06744 27.1066 29.0542 -1.94767
9.76812 0 3.04996 27.1066 29.0556 -1.94903
9.7781 0 3.03259 27.1066 29.0558 -1.94923
9.78808 0 3.01532 27.1065 29.0548 -1.94822
9.79806 0 2.99816 27.1065 29.0525 -1.94594
9.80803 0 2.9811 27.1065 29.0489 -1.94233
9.81801 0 2.96415 27.1065 29.0439 -1.93733
9.82799 0 2.9473 27.1065 29.0374 -1.93088
9.83797 0 2.93056 27.1065 29.0295 -1.92293
9.84794 0 2.91392 27.1065 29.0199 -1.91342
9.85792 0 2.89739 27.0995 29.0018 -1.90223
9.8679 0 2.88097 27.0995 28.9748 -1.87525
9.87788 0 2.86465 27.0995 28.9458 -1.84629
9.88785 0 2.84845 27.0995 28.9148 -1.81526
9.89783 0 2.83236 27.0995 28.8816 -1.78207
9.90781 0 2.81637 27.0995 28.8461 -1.74663
9.91779 0 2.8005 27.0995 28.8083 -1.70884
9.92777 0 2.78474 27.0995 28.7681 -1.66862
9.93774 0 2.76908 27.0995 28.7254 -1.62589
9.94772 0 2.75354 27.0995 28.68 -1.58056
9.9577 0 2.7381 27.0995 28.632 -1.53255
9.96768 0 2.72278 27.0994 28.5812 -1.4818
9.97765 0 2.70756 27.0994 28.5277 -1.42823
