0.00997765 0 3.30544e-05 20.8252 26.512 -5.68681
0.0199553 0 0.00013214 20.8252 26.4792 -5.654
0.029933 0 0.000297128 20.8252 26.443 -5.61787
0.0399106 0 0.000527872 20.8252 26.4034 -5.57828
0.0498883 0 0.00082421 20.8251 26.3602 -5.53506
0.0598659 0 0.00118596 20.8251 26.3132 -5.48805
0.0698436 0 0.00161291 20.8251 26.2622 -5.43708
0.0798212 0 0.00210485 20.8251 26.2071 -5.38197
0.0897989 0 0.00266152 20.8251 26.1476 -5.32256
0.0997765 0 0.00328267 20.8251 26.0837 -5.25864
0.109754 0 0.00396798 20.8251 26.0151 -5.19004
0.119732 0 0.00471714 20.825 25.9416 -5.11655
0.129709 0 0.00552981 20.825 25.863 -5.03796
0.139687 0 0.0064056 20.825 25.7791 -4.95408
0.149665 0 0.00734411 20.825 25.6897 -4.86468
0.159642 0 0.00834489 20.825 25.5945 -4.76954
0.16962 0 0.00940748 20.8249 25.4934 -4.66844
0.179598 0 0.0105314 20.8249 25.3861 -4.56115
0.189575 0 0.011716 20.8249 25.2723 -4.44744
0.199553 0 0.0129607 20.8249 25.1519 -4.32706
0.209531 0 0.0142651 20.8248 25.0246 -4.19978
0.219508 0 0.0156282 20.8248 24.8902 -4.06534
0.229486 0 0.0170495 20.8248 24.7483 -3.92351
0.239464 0 0.0185282 20.8248 24.5988 -3.77402
0.249441 0 0.0200635 20.8248 24.4414 -3.61663
0.259419 0 0.0216545 20.8247 24.2758 -3.45108
0.269397 0 0.0233003 20.8247 24.1018 -3.27713
0.279374 0 0.0249999 20.8247 23.9192 -3.09453
0.289352 0 0.0267523 20.8247 23.7277 -2.90302
0.29933 0 0.0285565 20.8246 23.527 -2.70237
0.309307 0 0.0304112 20.8246 23.317 -2.49234
0.319285 0 0.0323152 20.8246 23.0973 -2.27271
0.329263 0 0.0342674 20.8246 22.8678 -2.04326
0.33924 0 0.0362663 20.8245 22.6283 -1.80377
0.349218 0 0.0383105 20.8245 22.3786 -1.55406
0.359196 0 0.0403985 20.8245 22.1185 -1.29395
0.369173 0 0.0425288 20.8245 21.8478 -1.02329
0.379151 0 0.0446997 20.8245 21.5664 -0.741922
0.389128 0 0.0469096 20.8244 21.2742 -0.449749
0.399106 0 0.0491565 20.8244 20.9711 -0.146683
0.409084 0 0.0514387 20.8244 20.6571 0.167334
0.419061 0 0.0537542 20.8244 20.3321 0.492323
0.429039 0 0.0561009 20.8244 19.9961 0.828269
0.439017 0 0.0584767 20.8244 19.6493 1.17511
0.448994 0 0.0608794 20.8244 19.2916 1.53276
0.458972 0 0.0633067 20.8244 18.9233 1.90106
0.46895 0 0.0657563 20.8244 18.5446 2.2798
0.478927 0 0.0682255 20.8244 18.1557 2.66874
0.488905 0 0.070712 20.8244 17.7569 3.06756
0.498883 0 0.0732131 20.8244 17.3486 3.47587
0.50886 0 0.0757261 20.8244 16.9312 3.89323
0.518838 0 0.0782481 20.8245 16.5054 4.31912
0.528816 0 0.0807764 20.8245 16.0716 4.75295
0.538793 0 0.083308 20.8245 15.6305 5.19406
0.548771 0 0.0858399 20.8246 15.1829 5.64169
0.558749 0 0.088369 20.8246 14.7296 6.09502
0.568726 0 0.0908923 20.8247 14.2715 6.55316
0.578704 0 0.0934066 20.8247 13.8096 7.01509
0.588682 0 0.0959087 20.8248 13.345 7.47977
0.598659 0 0.0983953 20.8249 12.8788 7.94602
0.608637 0 0.100863 20.8249 12.4123 8.41264
0.618615 0 0.103309 20.825 11.9467 8.8783
0.628592 0 0.10573 20.8251 11.4835 9.34163
0.63857 0 0.108122 20.8252 11.024 9.8012
0.648547 0 0.110482 20.8253 10.5698 10.2555
0.658525 0 0.112807 20.8254 10.1224 10.7029
0.668503 0 0.115094 20.8255 9.68351 11.142
0.67848 0 0.11734 20.8256 9.25464 11.5709
0.688458 0 0.119541 20.8257 8.83751 11.9882
0.698436 0 0.121695 20.8258 8.43377 12.392
0.708413 0 0.123798 20.8259 8.0451 12.7808
0.718391 0 0.125848 20.826 7.67315 13.1528
0.728369 0 0.127842 20.8261 7.31954 13.5065
0.738346 0 0.129777 20.8262 6.98586 13.8403
0.748324 0 0.131652 20.8263 6.67365 14.1526
0.758302 0 0.133464 20.8263 6.38434 14.442
0.768279 0 0.13521 20.8264 6.11933 14.7071
0.778257 0 0.136889 20.8265 5.87986 14.9466
0.788235 0 0.138499 20.8419 5.65079 15.1911
0.798212 0 0.140038 20.8419 5.43164 15.4103
0.80819 0 0.141506 20.842 5.23878 15.6032
0.818168 0 0.1429 20.842 5.07295 15.7691
0.828145 0 0.144219 20.8421 4.93477 15.9073
0.838123 0 0.145464 20.8421 4.8247 16.0174
0.848101 0 0.146631 20.8421 4.74304 16.099
0.858078 0 0.147723 20.843 4.68712 16.1559
0.868056 0 0.148737 20.843 4.65668 16.1863
0.878034 0 0.149675 20.843 4.65434 16.1887
0.888011 0 0.150536 20.843 4.6798 16.1632
0.897989 0 0.15132 20.8429 4.73261 16.1103
0.907966 0 0.152028 20.8429 4.81221 16.0307
0.917944 0 0.152662 20.8428 4.91786 15.925
0.927922 0 0.153221 20.8428 5.04874 15.794
0.937899 0 0.153707 20.8427 5.20389 15.6388
0.947877 0 0.154122 20.8426 5.38226 15.4604
0.957855 0 0.154466 20.8426 5.5827 15.2599
0.967832 0 0.154742 20.8425 5.804 15.0385
0.97781 0 0.154952 20.8424 6.04487 14.7975
0.987788 0 0.155096 20.8423 6.30397 14.5384
0.997765 0 0.155178 20.8422 6.57991 14.2623
1.00774 0 0.155199 20.8421 6.87131 13.9708
1.01772 0 0.155162 20.8421 7.17673 13.6653
1.0277 0 0.15507 20.842 7.49477 13.3472
1.03768 0 0.154923 20.8419 7.824 13.0179
1.04765 0 0.154726 20.8418 8.16303 12.6788
1.05763 0 0.154481 20.8417 8.5105 12.3312
1.06761 0 0.15419 20.8417 8.86508 11.9766
1.07759 0 0.153856 20.8416 9.22548 11.6161
1.08756 0 0.153481 20.8415 9.59046 11.2511
1.09754 0 0.153069 20.8415 9.95884 10.8826
1.10752 0 0.152623 20.8414 10.3295 10.5119
1.1175 0 0.152143 20.8413 10.7014 10.14
1.12747 0 0.151635 20.8413 11.0735 9.76779
1.13745 0 0.151099 20.8413 11.4449 9.39634
1.14743 0 0.150539 20.8412 11.8148 9.02645
1.15741 0 0.149958 20.8412 12.1823 8.65891
1.16739 0 0.149357 20.8411 12.5467 8.29445
1.17736 0 0.14874 20.8411 12.9026 7.93842
1.18734 0 0.14811 20.841 13.249 7.59202
1.19732 0 0.147467 20.841 13.5897 7.25136
1.2073 0 0.146815 20.841 13.9241 6.91695
1.21727 0 0.146157 20.841 14.2518 6.58922
1.22725 0 0.145493 20.841 14.5724 6.26856
1.23723 0 0.144827 20.841 14.8857 5.95529
1.24721 0 0.14416 20.841 15.1912 5.64972
1.25718 0 0.143495 20.841 15.4889 5.35207
1.26716 0 0.142834 20.841 15.7784 5.06253
1.27714 0 0.142178 20.841 16.0597 4.78128
1.28712 0 0.141529 20.841 16.3326 4.50842
1.29709 0 0.140889 20.8326 16.5663 4.26622
1.30707 0 0.14026 20.8326 16.7604 4.07218
1.31705 0 0.139642 20.8326 16.945 3.88757
1.32703 0 0.139037 20.8326 17.1203 3.7123
1.33701 0 0.138447 20.8326 17.2864 3.54625
1.34698 0 0.137871 20.8326 17.4434 3.38928
1.35696 0 0.137312 20.8327 17.5914 3.24125
1.36694 0 0.13677 20.8327 17.7307 3.10201
1.37692 0 0.136246 20.8327 17.8613 2.97137
1.38689 0 0.135741 20.8327 17.9836 2.84916
1.39687 0 0.135255 20.8327 18.0975 2.73519
1.40685 0 0.13479 20.8328 18.2035 2.62927
1.41683 0 0.134345 20.8328 18.3016 2.5312
1.4268 0 0.133922 20.8328 18.392 2.44079
1.43678 0 0.133521 20.8328 18.475 2.35782
1.44676 0 0.133143 20.8351 18.5461 2.28897
1.45674 0 0.132787 20.8351 18.6056 2.22949
1.46672 0 0.132454 20.8351 18.6584 2.17669
1.47669 0 0.132145 20.8351 18.7048 2.13034
1.48667 0 0.13186 20.8351 18.7449 2.09023
1.49665 0 0.131599 20.8352 18.779 2.05615
1.50663 0 0.131362 20.8352 18.8073 2.0279
1.5166 0 0.131149 20.8352 18.8299 2.00526
1.52658 0 0.130961 20.8352 18.8472 1.98803
1.53656 0 0.130797 20.8352 18.8592 1.97601
1.54654 0 0.130658 20.8352 18.8662 1.96899
1.55651 0 0.130543 20.8352 18.8685 1.96678
1.56649 0 0.130452 20.8353 18.8661 1.96916
1.57647 0 0.130386 20.8353 18.8593 1.97596
1.58645 0 0.130345 20.8353 18.8483 1.98697
1.59642 0 0.130327 20.8353 18.8333 2.00199
1.6064 0 0.130334 20.8353 18.8145 2.02083
1.61638 0 0.130364 20.8353 18.792 2.04329
1.62636 0 0.130418 20.8353 18.7662 2.06919
1.63634 0 0.130495 20.8354 18.737 2.09832
1.64631 0 0.130596 20.8354 18.7049 2.13048
1.65629 0 0.13072 20.8354 18.6699 2.16549
1.66627 0 0.130866 20.8354 18.6323 2.20314
1.67625 0 0.131034 20.8387 18.5874 2.25121
1.68622 0 0.131225 20.8387 18.5362 2.30242
1.6962 0 0.131437 20.8387 18.4842 2.35451
1.70618 0 0.13167 20.8387 18.4314 2.40733
1.71616 0 0.131925 20.8387 18.378 2.46073
1.72613 0 0.1322 20.8387 18.3241 2.51457
1.73611 0 0.132495 20.8387 18.27 2.56868
1.74609 0 0.132809 20.8387 18.2158 2.62289
1.75607 0 0.133144 20.84 18.1567 2.68336
1.76604 0 0.133497 20.84 18.092 2.74797
1.77602 0 0.133868 20.84 18.0265 2.81348
1.786 0 0.134258 20.84 17.9603 2.87977
1.79598 0 0.134665 20.84 17.8933 2.9467
1.80596 0 0.135089 20.835 17.8117 3.02333
1.81593 0 0.135529 20.835 17.7155 3.11948
1.82591 0 0.135986 20.835 17.6193 3.21571
1.83589 0 0.136458 20.835 17.5231 3.31194
1.84587 0 0.136945 20.835 17.4269 3.4081
1.85584 0 0.137446 20.835 17.3309 3.50412
1.86582 0 0.137961 20.8238 17.2073 3.61649
1.8758 0 0.138489 20.8238 17.0562 3.76757
1.88578 0 0.139028 20.8238 16.9061 3.91768
1.89575 0 0.139579 20.8238 16.7571 4.06669
1.90573 0 0.14014 20.8238 16.6093 4.2145
1.91571 0 0.140709 20.8238 16.4628 4.36098
1.92569 0 0.141288 20.8238 16.3178 4.50603
1.93566 0 0.141873 20.8238 16.1742 4.64954
1.94564 0 0.142465 20.8238 16.0324 4.79142
1.95562 0 0.143063 20.8238 15.8922 4.9316
1.9656 0 0.143665 20.8238 15.7538 5.06999
1.97558 0 0.144272 20.8238 15.6172 5.20655
1.98555 0 0.144881 20.8238 15.4826 5.34121
1.99553 0 0.145493 20.8238 15.3498 5.47394
2.00551 0 0.146107 20.8238 15.2191 5.60472
2.01549 0 0.146721 20.8238 15.0902 5.73353
2.02546 0 0.147335 20.8238 14.9634 5.86039
2.03544 0 0.147948 20.8238 14.8384 5.98532
2.04542 0 0.14856 20.8237 14.7154 6.10834
2.0554 0 0.14917 20.8237 14.5942 6.22951
2.06537 0 0.149776 20.8237 14.4748 6.34888
2.07535 0 0.150379 20.8237 14.3572 6.46655
2.08533 0 0.150978 20.8237 14.2411 6.58259
2.09531 0 0.151571 20.8237 14.1266 6.69711
2.10528 0 0.152159 20.8237 14.0135 6.81023
2.11526 0 0.152741 20.8237 13.9016 6.92207
2.12524 0 0.153315 20.8246 13.7877 7.03691
2.13522 0 0.153882 20.8246 13.6718 7.1528
2.1452 0 0.154441 20.8246 13.5569 7.26765
2.15517 0 0.15499 20.8246 13.443 7.38161
2.16515 0 0.15553 20.8245 13.3297 7.49483
2.17513 0 0.15606 20.8245 13.2171 7.60748
2.18511 0 0.156578 20.8245 13.1048 7.7197
2.19508 0 0.157084 20.8245 12.9929 7.83165
2.20506 0 0.157579 20.8245 12.881 7.94346
2.21504 0 0.15806 20.8245 12.7692 8.05527
2.22502 0 0.158527 20.8245 12.6573 8.1672
2.23499 0 0.15898 20.8245 12.5451 8.27936
2.24497 0 0.159417 20.8244 12.4326 8.39183
2.25495 0 0.159839 20.8244 12.3198 8.50468
2.26493 0 0.160243 20.8244 12.2065 8.61794
2.27491 0 0.160631 20.8244 12.0928 8.73164
2.28488 0 0.161 20.8244 11.9787 8.84575
2.29486 0 0.161349 20.8244 11.8642 8.96022
2.30484 0 0.161679 20.8244 11.7495 9.07496
2.31482 0 0.161988 20.8244 11.6346 9.18985
2.32479 0 0.162276 20.8244 11.5197 9.30473
2.33477 0 0.162541 20.8245 11.4051 9.41938
2.34475 0 0.162783 20.8245 11.2909 9.53357
2.35473 0 0.163 20.8245 11.1775 9.647
2.3647 0 0.163193 20.8245 11.0652 9.75934
2.37468 0 0.163359 20.8245 10.9543 9.87022
2.38466 0 0.163499 20.8246 10.8453 9.97921
2.39464 0 0.16361 20.8246 10.7387 10.0859
2.40461 0 0.163693 20.8246 10.6349 10.1897
2.41459 0 0.163746 20.8247 10.5345 10.2902
2.42457 0 0.163769 20.8247 10.438 10.3867
2.43455 0 0.16376 20.8247 10.346 10.4787
2.44453 0 0.16372 20.8248 10.2592 10.5656
2.4545 0 0.163645 20.8248 10.1781 10.6467
2.46448 0 0.163538 20.765 10.0109 10.7541
2.47446 0 0.163395 20.7651 9.76013 11.0049
2.48444 0 0.163215 20.7651 9.52056 11.2446
2.49441 0 0.162996 20.7652 9.29328 11.4719
2.50439 0 0.162737 20.7653 9.07942 11.6858
2.51437 0 0.162436 20.7653 8.88004 11.8853
2.52435 0 0.162091 20.7654 8.69618 12.0692
2.53432 0 0.161701 20.7654 8.52882 12.2366
2.5443 0 0.161264 20.7655 8.37887 12.3866
2.55428 0 0.160779 20.7655 8.24718 12.5184
2.56426 0 0.160245 20.7656 8.13451 12.6311
2.57423 0 0.159662 20.7656 8.04154 12.7241
2.58421 0 0.159028 20.7658 7.94838 12.8175
2.59419 0 0.158343 20.7659 7.85623 12.9096
2.60417 0 0.157605 20.7659 7.78627 12.9796
2.61415 0 0.156815 20.7659 7.7388 13.0271
2.62412 0 0.155973 20.7659 7.71399 13.0519
2.6341 0 0.155077 20.7659 7.71192 13.054
2.64408 0 0.154128 20.7659 7.73254 13.0333
2.65406 0 0.153126 20.7659 7.77569 12.9902
2.66403 0 0.152072 20.7658 7.8411 12.9247
2.67401 0 0.150966 20.7658 7.92841 12.8374
2.68399 0 0.149808 20.7658 8.03714 12.7286
2.69397 0 0.1486 20.7657 8.16671 12.599
2.70394 0 0.147343 20.7657 8.31648 12.4492
2.71392 0 0.146037 20.7656 8.48568 12.28
2.7239 0 0.144683 20.7656 8.67352 12.0921
2.73388 0 0.143284 20.7655 8.8791 11.8864
2.74385 0 0.141841 20.7655 9.10147 11.664
2.75383 0 0.140355 20.7654 9.33965 11.4258
2.76381 0 0.138829 20.7653 9.59259 11.1727
2.77379 0 0.137263 20.7653 9.85924 10.906
2.78377 0 0.13566 20.7652 10.1385 10.6267
2.79374 0 0.134022 20.7651 10.4293 10.3358
2.80372 0 0.132351 20.7651 10.7305 10.0346
2.8137 0 0.13065 20.766 11.0371 9.72891
2.82368 0 0.12892 20.766 11.348 9.41798
2.83365 0 0.127164 20.7659 11.6658 9.1001
2.84363 0 0.125383 20.7658 11.9895 8.7763
2.85361 0 0.123581 20.7658 12.3182 8.44759
2.86359 0 0.12176 20.7657 12.6508 8.11497
2.87356 0 0.119922 20.7657 12.9863 7.77937
2.88354 0 0.118069 20.7656 13.3239 7.44169
2.89352 0 0.116203 20.7656 13.6628 7.1028
2.9035 0 0.114328 20.7655 14.002 6.76352
2.91347 0 0.112445 20.7655 14.3409 6.4246
2.92345 0 0.110557 20.7655 14.6787 6.08678
2.93343 0 0.108665 20.7654 15.0147 5.75072
2.94341 0 0.106774 20.7654 15.3484 5.41704
2.95339 0 0.104883 20.7654 15.679 5.08633
2.96336 0 0.102997 20.7653 16.0062 4.7591
2.97334 0 0.101116 20.7653 16.3295 4.43583
2.98332 0 0.0992438 20.7653 16.6483 4.11696
2.9933 0 0.0973815 20.7653 16.9624 3.80288
3.00327 0 0.0955315 20.7653 17.2714 3.49393
3.01325 0 0.0936959 20.7653 17.5749 3.19041
3.02323 0 0.0918764 20.7653 17.8727 2.8926
3.03321 0 0.0900751 20.7653 18.1645 2.60072
3.04318 0 0.0882938 20.7653 18.4503 2.31496
3.05316 0 0.0865343 20.7653 18.7298 2.03549
3.06314 0 0.0847984 20.7653 19.0028 1.76243
3.07312 0 0.0830878 20.7653 19.2694 1.4959
3.08309 0 0.0814041 20.7653 19.5293 1.23595
3.09307 0 0.079749 20.7653 19.7826 0.982646
3.10305 0 0.0781239 20.7653 20.0293 0.736013
3.11303 0 0.0765304 20.7653 20.2692 0.496056
3.12301 0 0.07497 20.7678 20.4696 0.298275
3.13298 0 0.0734438 20.7678 20.6306 0.137261
3.14296 0 0.0719528 20.7679 20.786 -0.0181201
3.15294 0 0.070498 20.7679 20.9358 -0.167968
3.16292 0 0.0690802 20.7679 21.0803 -0.312387
3.17289 0 0.0677002 20.7679 21.2194 -0.45149
3.18287 0 0.066359 20.7679 21.3533 -0.585395
3.19285 0 0.0650573 20.7679 21.4821 -0.714223
3.20283 0 0.0637957 20.7679 21.606 -0.838102
3.2128 0 0.0625751 20.768 21.7251 -0.957159
3.22278 0 0.061396 20.768 21.8395 -1.07153
3.23276 0 0.0602592 20.768 21.9493 -1.18134
3.24274 0 0.0591652 20.768 22.0547 -1.28673
3.25272 0 0.0581147 20.768 22.1558 -1.38783
3.26269 0 0.057108 20.768 22.2528 -1.48478
3.27267 0 0.0561459 20.768 22.3457 -1.57771
3.28265 0 0.0552287 20.768 22.4348 -1.66675
3.29263 0 0.054357 20.7681 22.5201 -1.75205
3.3026 0 0.0535311 20.7681 22.6018 -1.83372
3.31258 0 0.0527516 20.7681 22.68 -1.91191
3.32256 0 0.0520187 20.7846 22.7392 -1.95458
3.33254 0 0.0513328 20.7846 22.7807 -1.9961
3.34251 0 0.050694 20.7846 22.8214 -2.03679
3.35249 0 0.0501026 20.7846 22.8613 -2.07671
3.36247 0 0.0495588 20.7846 22.9005 -2.11588
3.37245 0 0.0490627 20.7846 22.939 -2.15433
3.38242 0 0.0486145 20.7846 22.9768 -2.19212
3.3924 0 0.0482144 20.7847 23.0139 -2.22927
3.40238 0 0.0478627 20.7847 23.0505 -2.26582
3.41236 0 0.0475593 20.7847 23.0865 -2.3018
3.42234 0 0.0473046 20.7847 23.1219 -2.33725
3.43231 0 0.0470987 20.7847 23.1569 -2.37222
3.44229 0 0.0469417 20.7847 23.1914 -2.40672
3.45227 0 0.0468339 20.7847 23.2255 -2.4408
3.46225 0 0.0467753 20.7884 23.2356 -2.44718
3.47222 0 0.046766 20.7884 23.2212 -2.43281
3.4822 0 0.0468058 20.7884 23.2055 -2.41704
3.49218 0 0.0468947 20.7884 23.1883 -2.39991
3.50216 0 0.0470325 20.7884 23.1699 -2.38146
3.51213 0 0.0472191 20.7884 23.1502 -2.36172
3.52211 0 0.0474544 20.7884 23.1292 -2.34074
3.53209 0 0.0477381 20.7884 23.107 -2.31854
3.54207 0 0.0480701 20.7884 23.0836 -2.29518
3.55204 0 0.0484503 20.7884 23.0591 -2.27067
3.56202 0 0.0488785 20.7884 23.0335 -2.24507
3.572 0 0.0493545 20.7884 23.0069 -2.21841
3.58198 0 0.0498781 20.7911 22.9735 -2.18242
3.59196 0 0.050449 20.7911 22.9336 -2.14254
3.60193 0 0.0510672 20.7911 22.8931 -2.10208
3.61191 0 0.0517322 20.7911 22.8521 -2.06103
3.62189 0 0.0524438 20.7874 22.8033 -2.01584
3.63187 0 0.0532018 20.7874 22.7469 -1.95941
3.64184 0 0.0540058 20.7813 22.6743 -1.89301
3.65182 0 0.0548554 20.7813 22.5845 -1.80326
3.6618 0 0.0557501 20.7813 22.4923 -1.71105
3.67178 0 0.0566894 20.7813 22.3976 -1.61632
3.68175 0 0.0576727 20.7813 22.3003 -1.519
3.69173 0 0.0586995 20.7812 22.2003 -1.41904
3.70171 0 0.0597692 20.7812 22.0976 -1.31635
3.71169 0 0.0608813 20.7812 21.9921 -1.21088
3.72166 0 0.0620352 20.7812 21.8838 -1.10257
3.73164 0 0.0632301 20.7812 21.7726 -0.991345
3.74162 0 0.0644656 20.7812 21.6584 -0.877146
3.7516 0 0.0657408 20.7812 21.5411 -0.75991
3.76158 0 0.0670553 20.7812 21.4208 -0.639578
3.77155 0 0.0684081 20.7812 21.2973 -0.516089
3.78153 0 0.0697988 20.7812 21.1706 -0.389387
3.79151 0 0.0712264 20.7812 21.0406 -0.259417
3.80149 0 0.0726902 20.7812 20.9073 -0.126128
3.81146 0 0.0741895 20.7812 20.7706 0.0105301
3.82144 0 0.0757235 20.7784 20.6271 0.151227
3.83142 0 0.0772912 20.7784 20.4765 0.301886
3.8414 0 0.0788919 20.7783 20.3217 0.45666
3.85137 0 0.0805246 20.7783 20.1627 0.615612
3.86135 0 0.0821884 20.7783 19.9995 0.778799
3.87133 0 0.0838823 20.7783 19.8321 0.946273
3.88131 0 0.0856053 20.7783 19.6602 1.11808
3.89128 0 0.0873563 20.7783 19.4841 1.29425
3.90126 0 0.0891343 20.7757 19.3006 1.47506
3.91124 0 0.0909383 20.7757 19.1099 1.66575
3.92122 0 0.0927669 20.7757 18.9149 1.8608
3.9312 0 0.0946192 20.7756 18.7154 2.0602
3.94117 0 0.0964939 20.7756 18.5117 2.26394
3.95115 0 0.0983896 20.7756 18.3037 2.47198
3.96113 0 0.100305 20.7756 18.0914 2.68428
3.97111 0 0.102239 20.7756 17.8749 2.90077
3.98108 0 0.104191 20.7756 17.6543 3.12137
3.99106 0 0.106158 20.7756 17.4296 3.34599
4.00104 0 0.10814 20.7756 17.2011 3.57451
4.01102 0 0.110134 20.7756 16.9689 3.80679
4.02099 0 0.112141 20.7756 16.733 4.04266
4.03097 0 0.114157 20.7737 16.4473 4.32642
4.04095 0 0.116182 20.7737 16.1114 4.66231
4.05093 0 0.118213 20.7737 15.7711 5.00264
4.0609 0 0.120247 20.7737 15.4267 5.34699
4.07088 0 0.122284 20.7738 15.0789 5.69489
4.08086 0 0.12432 20.7738 14.728 6.04581
4.09084 0 0.126354 20.7738 14.3746 6.3992
4.10082 0 0.128382 20.7738 14.0194 6.75446
4.11079 0 0.130403 20.7739 13.663 7.11092
4.12077 0 0.132415 20.7739 13.306 7.4679
4.13075 0 0.134415 20.774 12.9493 7.82466
4.14073 0 0.136401 20.774 12.5936 8.1804
4.1507 0 0.13837 20.7741 12.2398 8.53431
4.16068 0 0.14032 20.7741 11.8886 8.8855
4.17066 0 0.142249 20.7742 11.5411 9.23308
4.18064 0 0.144155 20.7742 11.1981 9.5761
4.19061 0 0.146035 20.7743 10.8607 9.91359
4.20059 0 0.147886 20.7743 10.5298 10.2446
4.21057 0 0.149708 20.7744 10.2064 10.568
4.22055 0 0.151497 20.7745 9.89165 10.8828
4.23053 0 0.153251 20.7745 9.58651 11.188
4.2405 0 0.15497 20.7746 9.29206 11.4825
4.25048 0 0.156649 20.7746 9.00934 11.7653
4.26046 0 0.158288 20.7747 8.73939 12.0353
4.27044 0 0.159885 20.7748 8.48321 12.2916
4.28041 0 0.161438 20.7748 8.24181 12.533
4.29039 0 0.162945 20.7749 8.01614 12.7587
4.30037 0 0.164405 20.7749 7.80712 12.9678
4.31035 0 0.165817 20.775 7.61559 13.1594
4.32032 0 0.167179 20.775 7.44238 13.3326
4.3303 0 0.168489 20.7751 7.28822 13.4868
4.34028 0 0.169748 20.7751 7.15377 13.6213
4.35026 0 0.170954 20.7751 7.03963 13.7355
4.36023 0 0.172107 20.7752 6.9463 13.8289
4.37021 0 0.173205 20.7752 6.87419 13.901
4.38019 0 0.174249 20.7752 6.82363 13.9516
4.39017 0 0.175238 20.7752 6.79484 13.9804
4.40015 0 0.176172 20.7752 6.78796 13.9872
4.41012 0 0.17705 20.7752 6.80302 13.9722
4.4201 0 0.177874 20.7752 6.83994 13.9353
4.43008 0 0.178644 20.7752 6.89856 13.8766
4.44006 0 0.179359 20.7751 6.97862 13.7965
4.45003 0 0.180021 20.7751 7.07976 13.6954
4.46001 0 0.18063 20.7751 7.20154 13.5735
4.46999 0 0.181188 20.7751 7.34344 13.4316
4.47997 0 0.181695 20.775 7.50485 13.2702
4.48994 0 0.182152 20.775 7.68508 13.0899
4.49992 0 0.182562 20.7749 7.88339 12.8915
4.5099 0 0.182924 20.7698 8.08336 12.6865
4.51988 0 0.183242 20.7698 8.28313 12.4866
4.52985 0 0.183515 20.7697 8.49676 12.2729
4.53983 0 0.183747 20.7696 8.7233 12.0463
4.54981 0 0.183938 20.7696 8.96175 11.8078
4.55979 0 0.18409 20.7695 9.2111 11.5584
4.56977 0 0.184206 20.7695 9.47034 11.2991
4.57974 0 0.184286 20.7694 9.73842 11.031
4.58972 0 0.184333 20.7693 10.0143 10.755
4.5997 0 0.184349 20.7693 10.297 10.4723
4.60968 0 0.184336 20.7684 10.5829 10.1855
4.61965 0 0.184296 20.7683 10.8708 9.89749
4.62963 0 0.184231 20.7683 11.1625 9.60573
4.63961 0 0.184143 20.7682 11.457 9.31121
4.64959 0 0.184034 20.7682 11.7533 9.01483
4.65956 0 0.183906 20.7681 12.0506 8.7175
4.66954 0 0.183761 20.7681 12.348 8.42007
4.67952 0 0.183601 20.768 12.6447 8.12336
4.6895 0 0.183428 20.768 12.9398 7.82817
4.69947 0 0.183245 20.7679 13.2327 7.53524
4.70945 0 0.183053 20.7679 13.5226 7.24527
4.71943 0 0.182854 20.7679 13.8089 6.95893
4.72941 0 0.18265 20.7678 14.091 6.67684
4.73939 0 0.182444 20.7678 14.3682 6.39958
4.74936 0 0.182235 20.7678 14.6401 6.12769
4.75934 0 0.182028 20.7678 14.9061 5.86167
4.76932 0 0.181822 20.7677 15.1658 5.60197
4.7793 0 0.181621 20.7677 15.4187 5.349
4.78927 0 0.181424 20.7677 15.6646 5.10313
4.79925 0 0.181235 20.722 15.8539 4.86814
4.80923 0 0.181055 20.722 15.9854 4.73663
4.81921 0 0.180883 20.722 16.1077 4.61429
4.82918 0 0.180722 20.722 16.2209 4.50114
4.83916 0 0.18057 20.722 16.3249 4.39713
4.84914 0 0.18043 20.722 16.4199 4.30219
4.85912 0 0.180302 20.7221 16.5058 4.21624
4.86909 0 0.180185 20.7221 16.5829 4.13914
4.87907 0 0.180081 20.7732 16.5868 4.18635
4.88905 0 0.179989 20.7732 16.518 4.25514
4.89903 0 0.179908 20.7732 16.4424 4.33087
4.90901 0 0.179838 20.7732 16.3601 4.41316
4.91898 0 0.179778 20.7733 16.2716 4.50165
4.92896 0 0.179727 20.7733 16.1774 4.59594
4.93894 0 0.179685 20.7733 16.0777 4.69565
4.94892 0 0.17965 20.7734 15.973 4.80035
4.95889 0 0.179622 20.7734 15.8637 4.90965
4.96887 0 0.179601 20.7734 15.7503 5.02309
4.97885 0 0.179584 20.7734 15.6332 5.14026
4.98883 0 0.179571 20.7735 15.5128 5.26069
4.9988 0 0.179561 20.7735 15.3896 5.38394
5.00878 0 0.179553 20.7735 15.264 5.50954
5.01876 0 0.179547 20.7593 15.1056 5.6537
5.02874 0 0.17954 20.7593 14.9161 5.84321
5.03872 0 0.179532 20.7593 14.7282 6.03116
5.04869 0 0.179521 20.7593 14.5421 6.21719
5.05867 0 0.179505 20.7594 14.3584 6.40092
5.06865 0 0.179485 20.7594 14.1774 6.58199
5.07863 0 0.179457 20.7594 13.9994 6.76001
5.0886 0 0.179422 20.7594 13.8249 6.93457
5.09858 0 0.179377 20.7595 13.6541 7.1053
5.10856 0 0.179322 20.7595 13.4877 7.2718
5.11854 0 0.179256 20.7595 13.3258 7.43367
5.12851 0 0.179176 20.7595 13.169 7.59051
5.13849 0 0.179083 20.7595 13.0176 7.74194
5.14847 0 0.178974 20.7596 12.872 7.88756
5.15845 0 0.178849 20.7596 12.7326 8.027
5.16842 0 0.178707 20.7596 12.5997 8.15988
5.1784 0 0.178547 20.7596 12.4738 8.28583
5.18838 0 0.178368 20.7597 12.3552 8.40451
5.19836 0 0.178169 20.7597 12.2441 8.51556
5.20834 0 0.177949 20.7597 12.141 8.61867
5.21831 0 0.177707 20.7597 12.0462 8.71353
5.22829 0 0.177444 20.7607 11.9572 8.80347
5.23827 0 0.177157 20.7649 11.8666 8.89828
5.24825 0 0.176847 20.7649 11.7775 8.98748
5.25822 0 0.176513 20.765 11.6979 9.06703
5.2682 0 0.176154 20.765 11.6282 9.13676
5.27818 0 0.17577 20.765 11.5685 9.19651
5.28816 0 0.175361 20.765 11.5189 9.24613
5.29813 0 0.174926 20.765 11.4795 9.28552
5.30811 0 0.174465 20.765 11.4504 9.31461
5.31809 0 0.173977 20.765 11.4316 9.33335
5.32807 0 0.173464 20.765 11.4233 9.34172
5.33804 0 0.172924 20.765 11.4252 9.33975
5.34802 0 0.172358 20.765 11.4375 9.32746
5.358 0 0.171766 20.765 11.46 9.30495
5.36798 0 0.171148 20.765 11.4927 9.2723
5.37796 0 0.170504 20.765 11.5353 9.22967
5.38793 0 0.169835 20.7649 11.5877 9.17721
5.39791 0 0.169142 20.7649 11.6498 9.11511
5.40789 0 0.168424 20.7649 11.7213 9.04359
5.41787 0 0.167682 20.7649 11.802 8.96289
5.42784 0 0.166918 20.7649 11.8916 8.87328
5.43782 0 0.166131 20.7649 11.9898 8.77504
5.4478 0 0.165322 20.7648 12.0964 8.66849
5.45778 0 0.164493 20.7648 12.2109 8.55394
5.46775 0 0.163643 20.7648 12.333 8.43175
5.47773 0 0.162775 20.7648 12.4625 8.30226
5.48771 0 0.161888 20.7647 12.5989 8.16585
5.49769 0 0.160985 20.7647 12.7418 8.02289
5.50766 0 0.160065 20.7647 12.8909 7.87378
5.51764 0 0.15913 20.7647 13.0458 7.71891
5.52762 0 0.158182 20.7647 13.206 7.55868
5.5376 0 0.157221 20.7646 13.3711 7.39348
5.54758 0 0.156249 20.7646 13.5409 7.22373
5.55755 0 0.155267 20.7646 13.7148 7.04982
5.56753 0 0.154275 20.7646 13.8924 6.87214
5.57751 0 0.153276 20.7645 14.0734 6.6911
5.58749 0 0.152271 20.7645 14.2574 6.50709
5.59746 0 0.151261 20.7645 14.444 6.32047
5.60744 0 0.150247 20.7645 14.6328 6.13162
5.61742 0 0.14923 20.7644 14.8235 5.94091
5.6274 0 0.148213 20.7644 15.0157 5.74868
5.63737 0 0.147195 20.7644 15.2091 5.55527
5.64735 0 0.14618 20.7644 15.4034 5.36102
5.65733 0 0.145167 20.7644 15.5981 5.16623
5.66731 0 0.144159 20.7644 15.7931 4.9712
5.67728 0 0.143156 20.7643 15.9881 4.77623
5.68726 0 0.142161 20.7643 16.1827 4.58158
5.69724 0 0.141173 20.7643 16.3768 4.3875
5.70722 0 0.140196 20.7643 16.57 4.19425
5.7172 0 0.139229 20.7643 16.7622 4.00205
5.72717 0 0.138274 20.7643 16.9532 3.81111
5.73715 0 0.137333 20.7643 17.1426 3.62163
5.74713 0 0.136407 20.7643 17.3305 3.4338
5.75711 0 0.135496 20.7643 17.5165 3.24779
5.76708 0 0.134603 20.7642 17.7005 3.06375
5.77706 0 0.133728 20.7642 17.8824 2.88183
5.78704 0 0.132872 20.7642 18.0621 2.70215
5.79702 0 0.132037 20.7642 18.2394 2.52484
5.80699 0 0.131224 20.7642 18.4142 2.35
5.81697 0 0.130434 20.7642 18.5865 2.17772
5.82695 0 0.129668 20.7642 18.7561 2.00809
5.83693 0 0.128927 20.7642 18.923 1.84118
5.8469 0 0.128212 20.7642 19.0872 1.67705
5.85688 0 0.127524 20.7642 19.2485 1.51576
5.86686 0 0.126865 20.7642 19.4069 1.35735
5.87684 0 0.126234 20.7642 19.5624 1.20185
5.88682 0 0.125633 20.7642 19.7149 1.04928
5.89679 0 0.125063 20.7642 19.8645 0.899683
5.90677 0 0.124525 20.8149 19.9358 0.879071
5.91675 0 0.12402 20.866 19.875 0.990937
5.92673 0 0.123545 20.866 19.7558 1.11014
5.9367 0 0.123101 20.866 19.6304 1.23556
5.94668 0 0.122687 20.866 19.4989 1.36704
5.95666 0 0.122302 20.866 19.3616 1.50436
5.96664 0 0.121945 20.866 19.2187 1.64729
5.97661 0 0.121615 20.866 19.0705 1.79558
5.98659 0 0.121311 20.8693 18.9137 1.95563
5.99657 0 0.121032 20.8693 18.7485 2.12082
6.00655 0 0.120776 20.8693 18.5786 2.29068
6.01653 0 0.120544 20.8693 18.4045 2.46484
6.0265 0 0.120332 20.8694 18.2265 2.64291
6.03648 0 0.120141 20.8694 18.0449 2.82448
6.04646 0 0.119969 20.8694 17.8603 3.0091
6.05644 0 0.119814 20.8695 17.6731 3.19632
6.06641 0 0.119675 20.8695 17.4838 3.38563
6.07639 0 0.119551 20.8695 17.293 3.57652
6.08637 0 0.119441 20.8695 17.1011 3.76844
6.09635 0 0.119343 20.8685 16.8936 3.97491
6.10632 0 0.119256 20.8686 16.6715 4.19704
6.1163 0 0.119178 20.8686 16.4509 4.41771
6.12628 0 0.119107 20.8686 16.2323 4.63632
6.13626 0 0.119042 20.8687 16.0164 4.85222
6.14623 0 0.118982 20.8687 15.804 5.06476
6.15621 0 0.118925 20.8688 15.5955 5.27327
6.16619 0 0.118869 20.8688 15.3917 5.47707
6.17617 0 0.118814 20.8688 15.1933 5.67549
6.18615 0 0.118757 20.8689 15.001 5.86786
6.19612 0 0.118697 20.8689 14.8154 6.05349
6.2061 0 0.118633 20.869 14.6372 6.23172
6.21608 0 0.118564 20.869 14.4671 6.40188
6.22606 0 0.118489 20.869 14.3057 6.56333
6.23603 0 0.118405 20.8691 14.1536 6.71546
6.24601 0 0.118313 20.8691 14.0115 6.85765
6.25599 0 0.118211 20.8692 13.8798 6.98933
6.26597 0 0.118098 20.8692 13.7592 7.10997
6.27594 0 0.117973 20.8692 13.6502 7.21905
6.28592 0 0.117835 20.8692 13.5531 7.31611
6.2959 0 0.117684 20.8693 13.4685 7.40073
6.30588 0 0.117519 20.8693 13.3968 7.47253
6.31585 0 0.11734 20.8693 13.3381 7.53118
6.32583 0 0.117146 20.8693 13.2929 7.5764
6.33581 0 0.116936 20.8693 13.2614 7.60798
6.34579 0 0.116711 20.8704 13.2407 7.62969
6.35577 0 0.11647 20.8704 13.2312 7.63918
6.36574 0 0.116213 20.8704 13.2359 7.63448
6.37572 0 0.115941 20.8704 13.2548 7.61562
6.3857 0 0.115653 20.8704 13.2877 7.58268
6.39568 0 0.115349 20.8704 13.3346 7.5358
6.40565 0 0.115031 20.8704 13.3952 7.47515
6.41563 0 0.114697 20.8704 13.4694 7.40099
6.42561 0 0.11435 20.8703 13.5567 7.31361
6.43559 0 0.113989 20.8703 13.657 7.21337
6.44556 0 0.113615 20.8703 13.7696 7.10064
6.45554 0 0.11323 20.8703 13.8944 6.97587
6.46552 0 0.112833 20.8702 14.0307 6.83954
6.4755 0 0.112426 20.8702 14.178 6.69215
6.48547 0 0.11201 20.8702 14.3359 6.53425
6.49545 0 0.111586 20.8701 14.5037 6.36641
6.50543 0 0.111156 20.8701 14.6808 6.18924
6.51541 0 0.11072 20.87 14.8667 6.00334
6.52539 0 0.110279 20.87 15.0607 5.80934
6.53536 0 0.109836 20.87 15.2621 5.60791
6.54534 0 0.109392 20.8699 15.4702 5.39967
6.55532 0 0.108947 20.8699 15.6846 5.1853
6.5653 0 0.108504 20.8698 15.9044 4.96545
6.57527 0 0.108064 20.8698 16.129 4.74076
6.58525 0 0.107629 20.8698 16.3579 4.51188
6.59523 0 0.1072 20.8697 16.5903 4.27945
6.60521 0 0.106778 20.865 16.7998 4.06522
6.61518 0 0.106366 20.865 16.9856 3.87939
6.62516 0 0.105965 20.865 17.1729 3.69204
6.63514 0 0.105575 20.8649 17.3613 3.50366
6.64512 0 0.105199 20.8649 17.5502 3.31474
6.65509 0 0.104838 20.8649 17.7392 3.12571
6.66507 0 0.104492 20.8649 17.9278 2.93703
6.67505 0 0.104163 20.8648 18.1157 2.7491
6.68503 0 0.103853 20.8648 18.3025 2.56231
6.69501 0 0.103563 20.8648 18.4878 2.37701
6.70498 0 0.103294 20.8648 18.6712 2.19355
6.71496 0 0.103047 20.8648 18.8525 2.01224
6.72494 0 0.102824 20.8648 19.0314 1.83336
6.73492 0 0.102625 20.8648 19.2076 1.65719
6.74489 0 0.102453 20.8647 19.3808 1.48395
6.75487 0 0.102307 20.8647 19.5509 1.31387
6.76485 0 0.102189 20.8647 19.7176 1.14713
6.77483 0 0.102101 20.8647 19.8808 0.983917
6.7848 0 0.102043 20.8647 20.0404 0.824364
6.79478 0 0.102016 20.8647 20.1961 0.668603
6.80476 0 0.102021 20.8647 20.348 0.516741
6.81474 0 0.10206 20.8647 20.4958 0.368866
6.82472 0 0.102133 20.8647 20.6397 0.225046
6.83469 0 0.102241 20.8631 20.7774 0.0857139
6.84467 0 0.102384 20.8631 20.9089 -0.045835
6.85465 0 0.102564 20.8631 21.0363 -0.173171
6.86463 0 0.102782 20.8631 21.1594 -0.296284
6.8746 0 0.103038 20.8631 21.2783 -0.415177
6.88458 0 0.103333 20.8631 21.393 -0.529865
6.89456 0 0.103667 20.8631 21.5035 -0.640378
6.90454 0 0.104042 20.8631 21.6099 -0.746753
6.91451 0 0.104457 20.86 21.6903 -0.830269
6.92449 0 0.104914 20.86 21.7442 -0.884196
6.93447 0 0.105412 20.86 21.7931 -0.933025
6.94445 0 0.105952 20.8601 21.8369 -0.976855
6.95442 0 0.106535 20.8548 21.8469 -0.992059
6.9644 0 0.107159 20.8549 21.8243 -0.96947
6.97438 0 0.107825 20.8607 21.7522 -0.891507
6.98436 0 0.108533 20.8607 21.6305 -0.769812
6.99434 0 0.109282 20.8607 21.5063 -0.645613
7.00431 0 0.110071 20.8607 21.3796 -0.518883
7.01429 0 0.110899 20.8607 21.2503 -0.389592
7.02427 0 0.111766 20.8607 21.1184 -0.257717
7.03425 0 0.112671 20.8607 20.9839 -0.123234
7.04422 0 0.113613 20.8607 20.8468 0.0138765
7.0542 0 0.114591 20.8588 20.6966 0.162167
7.06418 0 0.115605 20.8588 20.5331 0.325686
7.07416 0 0.116653 20.8588 20.3664 0.492324
7.08413 0 0.117734 20.8588 20.1967 0.662075
7.09411 0 0.118848 20.8588 20.0238 0.834926
7.10409 0 0.119994 20.8588 19.8479 1.01085
7.11407 0 0.121169 20.8588 19.6689 1.18983
7.12404 0 0.122374 20.8588 19.4869 1.37182
7.13402 0 0.123607 20.8588 19.302 1.55677
7.144 0 0.124867 20.8588 19.1141 1.74463
7.15398 0 0.126152 20.8588 18.9234 1.93533
7.16396 0 0.127463 20.8588 18.73 2.12879
7.17393 0 0.128797 20.8588 18.5339 2.32492
7.18391 0 0.130153 20.8588 18.3352 2.52361
7.19389 0 0.13153 20.8588 18.134 2.72475
7.20387 0 0.132927 20.8588 17.9306 2.92819
7.21384 0 0.134342 20.8588 17.725 3.13381
7.22382 0 0.135775 20.8588 17.5174 3.34142
7.2338 0 0.137223 20.8588 17.308 3.55086
7.24378 0 0.138686 20.8588 17.0969 3.76191
7.25375 0 0.140162 20.8588 16.8844 3.97438
7.26373 0 0.14165 20.8588 16.6708 4.18803
7.27371 0 0.143148 20.8589 16.4562 4.40261
7.28369 0 0.144655 20.8589 16.241 4.61785
7.29366 0 0.14617 20.8589 16.0254 4.83347
7.30364 0 0.147691 20.8589 15.8097 5.04916
7.31362 0 0.149216 20.8589 15.5943 5.2646
7.3236 0 0.150745 20.8589 15.3795 5.47945
7.33358 0 0.152276 20.859 15.1656 5.69336
7.34355 0 0.153807 20.859 14.9531 5.90594
7.35353 0 0.155337 20.859 14.7422 6.11682
7.36351 0 0.156865 20.859 14.5335 6.32558
7.37349 0 0.158389 20.8591 14.3272 6.53182
7.38346 0 0.159908 20.8591 14.124 6.7351
7.39344 0 0.16142 20.8591 13.9241 6.93498
7.40342 0 0.162924 20.8591 13.7281 7.13101
7.4134 0 0.164419 20.8592 13.5364 7.32275
7.42337 0 0.165904 20.8592 13.3495 7.50972
7.43335 0 0.167377 20.8592 13.1678 7.69147
7.44333 0 0.168836 20.8593 12.9917 7.86754
7.45331 0 0.170282 20.8593 12.8218 8.03747
7.46328 0 0.171712 20.8593 12.6585 8.2008
7.47326 0 0.173125 20.8593 12.5022 8.3571
7.48324 0 0.174521 20.8594 12.3534 8.50592
7.49322 0 0.175899 20.8594 12.2125 8.64684
7.5032 0 0.177256 20.8594 12.0799 8.77948
7.51317 0 0.178594 20.8594 11.956 8.90343
7.52315 0 0.17991 20.8595 11.8411 9.01835
7.53313 0 0.181204 20.8595 11.7356 9.12391
7.54311 0 0.182475 20.8595 11.6397 9.21978
7.55308 0 0.183723 20.8595 11.5538 9.30571
7.56306 0 0.184946 20.8595 11.4781 9.38145
7.57304 0 0.186146 20.8595 11.4127 9.44679
7.58302 0 0.18732 20.8595 11.358 9.50157
7.59299 0 0.18847 20.8595 11.3139 9.54565
7.60297 0 0.189593 20.8595 11.2806 9.57895
7.61295 0 0.190692 20.8595 11.2581 9.60141
7.62293 0 0.191764 20.8595 11.2465 9.61302
7.6329 0 0.192811 20.8595 11.2457 9.61382
7.64288 0 0.193832 20.8595 11.2557 9.60387
7.65286 0 0.194827 20.8595 11.2762 9.5833
7.66284 0 0.195797 20.8333 11.2535 9.57978
7.67282 0 0.196742 20.8333 11.1856 9.64762
7.68279 0 0.197661 20.8332 11.1242 9.70901
7.69277 0 0.198555 20.8332 11.0689 9.76429
7.70275 0 0.199422 20.8332 11.0193 9.81384
7.71273 0 0.200263 20.8332 10.9751 9.85803
7.7227 0 0.201078 20.8331 10.9358 9.8973
7.73268 0 0.201866 20.8331 10.901 9.93206
7.74266 0 0.202627 20.8331 10.8703 9.96277
7.75264 0 0.203362 20.833 10.8432 9.98988
7.76261 0 0.20407 20.833 10.8192 10.0138
7.77259 0 0.204751 20.833 10.7979 10.0351
7.78257 0 0.205406 20.8329 10.7788 10.0541
7.79255 0 0.206034 20.8329 10.7615 10.0714
7.80253 0 0.206635 20.8329 10.7456 10.0872
7.8125 0 0.207209 20.8328 10.7307 10.1021
7.82248 0 0.207757 20.8328 10.7164 10.1164
7.83246 0 0.208278 20.8328 10.7023 10.1305
7.84244 0 0.208772 20.8328 10.688 10.1447
7.85241 0 0.209239 20.8328 10.6734 10.1593
7.86239 0 0.20968 20.8327 10.6581 10.1746
7.87237 0 0.210094 20.8327 10.642 10.1907
7.88235 0 0.210481 20.8327 10.6248 10.2079
7.89232 0 0.210841 20.8327 10.6064 10.2263
7.9023 0 0.211174 20.8327 10.5868 10.2459
7.91228 0 0.21148 20.8327 10.5659 10.2668
7.92226 0 0.211758 20.8327 10.5437 10.289
7.93223 0 0.212009 20.8327 10.5204 10.3123
7.94221 0 0.212232 20.8327 10.496 10.3367
7.95219 0 0.212427 20.8327 10.4707 10.3621
7.96217 0 0.212593 20.8327 10.4447 10.3881
7.97215 0 0.212732 20.8328 10.4183 10.4145
7.98212 0 0.212841 20.8328 10.3918 10.441
7.9921 0 0.212922 20.8328 10.3655 10.4673
8.00208 0 0.212973 20.8328 10.34 10.4929
8.01206 0 0.212994 20.8329 10.3155 10.5173
8.02203 0 0.212986 20.8329 10.2927 10.5402
8.03201 0 0.212947 20.8329 10.272 10.561
8.04199 0 0.212878 20.833 10.2539 10.5791
8.05197 0 0.212778 20.833 10.239 10.594
8.06194 0 0.212647 20.8331 10.2279 10.6052
8.07192 0 0.212485 20.8331 10.2211 10.6119
8.0819 0 0.212291 20.883 10.1181 10.7649
8.09188 0 0.212064 20.8831 9.92076 10.9623
8.10185 0 0.211803 20.8831 9.73107 11.1521
8.11183 0 0.211507 20.8832 9.54985 11.3333
8.12181 0 0.211175 20.8832 9.37784 11.5054
8.13179 0 0.210804 20.8833 9.21574 11.6675
8.14177 0 0.210394 20.8833 9.06425 11.8191
8.15174 0 0.209943 20.8833 8.92399 11.9593
8.16172 0 0.209451 20.8834 8.79556 12.0878
8.1717 0 0.208916 20.8834 8.6795 12.2039
8.18168 0 0.208339 20.8834 8.57631 12.3071
8.19165 0 0.207716 20.8834 8.48642 12.397
8.20163 0 0.20705 20.8835 8.4102 12.4733
8.21161 0 0.206337 20.8828 8.34601 12.5368
8.22159 0 0.205579 20.8828 8.29482 12.588
8.23156 0 0.204774 20.8828 8.25895 12.6239
8.24154 0 0.203922 20.8829 8.23856 12.6443
8.25152 0 0.203024 20.8829 8.23371 12.6491
8.2615 0 0.202078 20.8828 8.24441 12.6384
8.27147 0 0.201085 20.8828 8.27062 12.6122
8.28145 0 0.200046 20.8828 8.3122 12.5706
8.29143 0 0.19896 20.8828 8.369 12.5138
8.30141 0 0.197827 20.8828 8.44077 12.442
8.31139 0 0.196648 20.8828 8.52724 12.3555
8.32136 0 0.195424 20.8828 8.62809 12.2547
8.33134 0 0.194155 20.8827 8.74294 12.1398
8.34132 0 0.192842 20.8827 8.87138 12.0113
8.3513 0 0.191486 20.8827 9.01298 11.8697
8.36127 0 0.190088 20.8809 9.1649 11.716
8.37125 0 0.188648 20.8809 9.32587 11.555
8.38123 0 0.187168 20.8808 9.49744 11.3834
8.39121 0 0.185648 20.8808 9.6791 11.2017
8.40118 0 0.184091 20.8808 9.87035 11.0104
8.41116 0 0.182496 20.8807 10.0707 10.8101
8.42114 0 0.180867 20.8807 10.2795 10.6012
8.43112 0 0.179203 20.8807 10.4964 10.3842
8.44109 0 0.177506 20.8806 10.7208 10.1598
8.45107 0 0.175778 20.8806 10.9522 9.92843
8.46105 0 0.174021 20.8806 11.19 9.69056
8.47103 0 0.172235 20.8806 11.4338 9.44675
8.48101 0 0.170423 20.8805 11.6831 9.19748
8.49098 0 0.168586 20.8805 11.9373 8.94326
8.50096 0 0.166725 20.8805 12.1959 8.68458
8.51094 0 0.164843 20.8805 12.4586 8.4219
8.52092 0 0.162941 20.8804 12.7247 8.15572
8.53089 0 0.16102 20.8804 12.9939 7.88648
8.54087 0 0.159083 20.8804 13.2658 7.61464
8.55085 0 0.157132 20.8804 13.5397 7.34063
8.56083 0 0.155167 20.8835 13.8124 7.07107
8.5708 0 0.153192 20.8834 14.0834 6.8
8.58078 0 0.151207 20.8834 14.3558 6.52762
8.59076 0 0.149214 20.8935 14.5269 6.36654
8.60074 0 0.147215 20.8934 14.6003 6.29315
8.61072 0 0.14521 20.8934 14.6816 6.21188
8.62069 0 0.143199 20.8934 14.7706 6.12284
8.63067 0 0.141183 20.8934 14.8672 6.02619
8.64065 0 0.139163 20.8934 14.9713 5.92211
8.65063 0 0.137139 20.8934 15.0826 5.81078
8.6606 0 0.135112 20.8934 15.201 5.69242
8.67058 0 0.133082 20.8934 15.3261 5.56727
8.68056 0 0.131052 20.8934 15.4578 5.43556
8.69054 0 0.12902 20.8933 15.5958 5.29756
8.70051 0 0.126989 20.8933 15.7398 5.15355
8.71049 0 0.124959 20.8933 15.8895 5.0038
8.72047 0 0.122932 20.8933 16.0447 4.84862
8.73045 0 0.120907 20.8933 16.205 4.68831
8.74042 0 0.118887 20.8932 16.3701 4.5232
8.7504 0 0.116872 20.8932 16.5396 4.35358
8.76038 0 0.114863 20.8932 16.7134 4.17981
8.77036 0 0.112862 20.8932 16.891 4.00219
8.78034 0 0.11087 20.8971 17.0674 3.82975
8.79031 0 0.108888 20.8971 17.2419 3.65515
8.80029 0 0.106916 20.8971 17.4189 3.47816
8.81027 0 0.104957 20.897 17.5979 3.29912
8.82025 0 0.103011 20.897 17.7786 3.11839
8.83022 0 0.10108 20.897 17.9607 2.93632
8.8402 0 0.0991639 20.897 18.1437 2.75326
8.85018 0 0.0972651 20.897 18.3274 2.56954
8.86016 0 0.0953845 20.8969 18.5115 2.38549
8.87013 0 0.0935232 20.8969 18.6955 2.20146
8.88011 0 0.0916824 20.8969 18.8792 2.01775
8.89009 0 0.0898634 20.8969 19.0622 1.83468
8.90007 0 0.0880673 20.8969 19.2443 1.65255
8.91004 0 0.0862953 20.8969 19.4252 1.47166
8.92002 0 0.0845486 20.8968 19.6046 1.29229
8.93 0 0.0828284 20.8968 19.7821 1.11471
8.93998 0 0.0811357 20.8968 19.9576 0.939199
8.94996 0 0.0794718 20.8968 20.1308 0.765994
8.95993 0 0.0778377 20.8969 20.299 0.59794
8.96991 0 0.0762345 20.8969 20.4619 0.435005
8.97989 0 0.0746633 20.8969 20.6218 0.275096
8.98987 0 0.073125 20.8969 20.7785 0.118422
8.99984 0 0.0716208 20.8969 20.9317 -0.0348197
9.00982 0 0.0701516 20.8969 21.0813 -0.184444
9.0198 0 0.0687183 20.8969 21.2271 -0.330276
9.02978 0 0.0673218 20.8968 21.369 -0.472157
9.03975 0 0.0659631 20.8968 21.5068 -0.609935
9.04973 0 0.0646431 20.8968 21.6403 -0.743474
9.05971 0 0.0633625 20.8968 21.7695 -0.872646
9.06969 0 0.0621223 20.8968 21.8942 -0.997337
9.07966 0 0.060923 20.8968 22.0143 -1.11744
9.08964 0 0.0597656 20.8968 22.1297 -1.23287
9.09962 0 0.0586507 20.8968 22.2404 -1.34354
9.1096 0 0.057579 20.8968 22.3462 -1.44937
9.11958 0 0.0565512 20.8968 22.4471 -1.55032
9.12955 0 0.0555678 20.8953 22.5318 -1.63651
9.13953 0 0.0546294 20.8953 22.6004 -1.70508
9.14951 0 0.0537363 20.8953 22.6642 -1.76891
9.15949 0 0.0528892 20.8953 22.7233 -1.82797
9.16946 0 0.0520882 20.8953 22.7776 -1.88222
9.17944 0 0.0513337 20.8953 22.827 -1.93167
9.18942 0 0.050626 20.8953 22.8716 -1.97629
9.1994 0 0.0499654 20.8953 22.9114 -2.01611
9.20937 0 0.0493522 20.8953 22.9465 -2.05112
9.21935 0 0.0487865 20.8953 22.9767 -2.08134
9.22933 0 0.0482685 20.8953 23.0022 -2.10681
9.23931 0 0.0477983 20.8953 23.0229 -2.12756
9.24928 0 0.0473761 20.8954 23.039 -2.14363
9.25926 0 0.0470018 20.8954 23.0504 -2.15508
9.26924 0 0.0466756 20.8954 23.0573 -2.16196
9.27922 0 0.0463975 20.8954 23.0597 -2.16433
9.2892 0 0.0461675 20.8954 23.0577 -2.16228
9.29917 0 0.0459854 20.8954 23.0513 -2.15588
9.30915 0 0.0458512 20.8954 23.0406 -2.14522
9.31913 0 0.0457648 20.8954 23.0258 -2.13039
9.32911 0 0.0457261 20.8954 23.0069 -2.11149
9.33908 0 0.0457348 20.8954 22.984 -2.08863
9.34906 0 0.0457909 20.8954 22.9574 -2.06193
9.35904 0 0.045894 20.8954 22.9269 -2.03151
9.36902 0 0.0460439 20.8954 22.8929 -1.99749
9.37899 0 0.0462404 20.8954 22.8555 -1.96001
9.38897 0 0.0464832 20.9017 22.783 -1.88127
9.39895 0 0.0467717 20.9018 22.6755 -1.77375
9.40893 0 0.0471053 20.9048 22.5608 -1.65594
9.4189 0 0.0474833 20.9048 22.4393 -1.5345
9.42888 0 0.0479049 20.9048 22.3153 -1.4105
9.43886 0 0.0483693 20.9048 22.1888 -1.28402
9.44884 0 0.0488758 20.9048 22.06 -1.15515
9.45882 0 0.0494235 20.9048 21.9288 -1.02399
9.46879 0 0.0500116 20.9048 21.7955 -0.890654
9.47877 0 0.0506393 20.9048 21.6601 -0.755248
9.48875 0 0.0513057 20.9048 21.5227 -0.617903
9.49873 0 0.05201 20.9048 21.3836 -0.478756
9.5087 0 0.0527512 20.9049 21.2428 -0.337951
9.51868 0 0.0535285 20.9041 21.0957 -0.191643
9.52866 0 0.0543409 20.901 20.9382 -0.0372034
9.53864 0 0.0551875 20.901 20.7751 0.125917
9.54861 0 0.0560672 20.901 20.6106 0.290497
9.55859 0 0.0569791 20.9011 20.4447 0.45636
9.56857 0 0.057922 20.9011 20.2777 0.623318
9.57855 0 0.0588949 20.9011 20.1099 0.791178
9.58853 0 0.0598968 20.9011 19.9414 0.959734
9.5985 0 0.0609267 20.9011 19.7723 1.12877
9.60848 0 0.0619834 20.9011 19.603 1.29808
9.61846 0 0.0630659 20.9011 19.4337 1.46742
9.62844 0 0.0641731 20.9011 19.2646 1.63656
9.63841 0 0.065304 20.9011 19.0959 1.80526
9.64839 0 0.0664575 20.9012 18.9279 1.97326
9.65837 0 0.0676325 20.9012 18.7609 2.14032
9.66835 0 0.0688279 20.9012 18.595 2.30617
9.67832 0 0.0700428 20.9012 18.4307 2.47056
9.6883 0 0.0712761 20.9012 18.268 2.6332
9.69828 0 0.0725267 20.9012 18.1074 2.79383
9.70826 0 0.0737937 20.9013 17.9491 2.95218
9.71823 0 0.0750759 20.9013 17.7933 3.10797
9.72821 0 0.0763725 20.9013 17.6404 3.26093
9.73819 0 0.0776825 20.9013 17.4905 3.41077
9.74817 0 0.0790049 20.9013 17.3441 3.55723
9.75815 0 0.0803389 20.9013 17.2013 3.70003
9.76812 0 0.0816834 20.9013 17.0625 3.83889
9.7781 0 0.0830376 20.9171 16.903 4.01403
9.78808 0 0.0844005 20.9171 16.7215 4.19558
9.79806 0 0.085771 20.9171 16.5415 4.37562
9.80803 0 0.087148 20.9171 16.3632 4.55393
9.81801 0 0.0885303 20.9171 16.1868 4.73032
9.82799 0 0.0899168 20.9171 16.0126 4.90457
9.83797 0 0.0913066 20.9171 15.8406 5.07649
9.84794 0 0.0926985 20.9171 15.6713 5.24586
9.85792 0 0.0940915 20.9172 15.5047 5.41249
9.8679 0 0.0954846 20.9172 15.341 5.57618
9.87788 0 0.0968768 20.9172 15.1805 5.73672
9.88785 0 0.0982671 20.9172 15.0233 5.89393
9.89783 0 0.0996546 20.9172 14.8696 6.04761
9.90781 0 0.101038 20.9172 14.7196 6.19759
9.91779 0 0.102417 20.9172 14.5735 6.34368
9.92777 0 0.103791 20.9172 14.4315 6.48572
9.93774 0 0.105158 20.9172 14.2937 6.62353
9.94772 0 0.106518 20.9172 14.1603 6.75696
9.9577 0 0.107869 20.9172 14.0314 6.88586
9.96768 0 0.109212 20.9173 13.9072 7.01008
9.97765 0 0.110546 20.9173 13.7878 7.12949
