0.0199553 0 5.26951e-05 -4165.4 2283.13 -6448.54
0.029933 0 0.000118549 -4165.4 2282.25 -6447.66
0.0399106 0 0.000210715 -4165.4 2281.01 -6446.42
0.0498883 0 0.000329166 -4165.4 2279.42 -6444.83
0.0598659 0 0.000473864 -4165.4 2277.47 -6442.88
0.0698436 0 0.000644765 -4165.4 2275.17 -6440.58
0.0798212 0 0.000841815 -4165.4 2272.52 -6437.92
0.0897989 0 0.00106495 -4165.4 2269.51 -6434.91
0.0997765 0 0.00131411 -4165.4 2266.14 -6431.55
0.109754 0 0.00158921 -4165.41 2262.42 -6427.83
0.119732 0 0.00189016 -4165.41 2258.35 -6423.75
0.129709 0 0.00221687 -4165.41 2253.92 -6419.32
0.139687 0 0.00256924 -4165.41 2249.13 -6414.54
0.149665 0 0.00294715 -4165.41 2243.99 -6409.39
0.159642 0 0.00335049 -4165.41 2238.48 -6403.89
0.16962 0 0.00377912 -4165.41 2232.62 -6398.03
0.179598 0 0.00423292 -4165.41 2226.41 -6391.81
0.189575 0 0.00471173 -4165.41 2219.83 -6385.24
0.199553 0 0.0052154 -4165.41 2212.9 -6378.3
0.209531 0 0.00574378 -4165.41 2205.61 -6371.01
0.219508 0 0.00629668 -4165.41 2197.95 -6363.36
0.229486 0 0.00687393 -4165.41 2189.94 -6355.35
0.239464 0 0.00747533 -4165.41 2181.57 -6346.98
0.249441 0 0.0081007 -4165.41 2172.85 -6338.25
0.259419 0 0.00874983 -4165.41 2163.76 -6329.16
0.269397 0 0.00942249 -4165.41 2154.31 -6319.72
0.279374 0 0.0101185 -4165.41 2144.51 -6309.91
0.289352 0 0.0108375 -4165.41 2134.35 -6299.75
0.29933 0 0.0115794 -4165.41 2123.83 -6289.23
0.309307 0 0.0123439 -4165.41 2112.95 -6278.36
0.319285 0 0.0131308 -4165.41 2101.72 -6267.12
0.329263 0 0.0139396 -4165.41 2090.13 -6255.54
0.33924 0 0.0147703 -4165.41 2078.19 -6243.59
0.349218 0 0.0156225 -4165.41 2065.89 -6231.3
0.359196 0 0.0164958 -4165.41 2053.25 -6218.65
0.369173 0 0.0173901 -4165.41 2040.25 -6205.66
0.379151 0 0.0183049 -4165.41 2026.9 -6192.31
0.389128 0 0.01924 -4165.41 2013.21 -6178.62
0.399106 0 0.020195 -4165.41 1999.17 -6164.58
0.409084 0 0.0211696 -4165.41 1984.79 -6150.2
0.419061 0 0.0221633 -4165.41 1970.08 -6135.48
0.429039 0 0.023176 -4165.41 1955.02 -6120.43
0.439017 0 0.0242071 -4165.41 1939.64 -6105.04
0.448994 0 0.0252564 -4165.41 1923.92 -6089.33
0.458972 0 0.0263233 -4165.41 1907.88 -6073.29
0.46895 0 0.0274076 -4165.41 1891.53 -6056.93
0.478927 0 0.0285088 -4165.41 1874.85 -6040.26
0.488905 0 0.0296265 -4165.41 1857.87 -6023.28
0.498883 0 0.0307602 -4165.41 1840.59 -6005.99
0.50886 0 0.0319096 -4165.41 1823.01 -5988.41
0.518838 0 0.0330742 -4165.4 1805.14 -5970.54
0.528816 0 0.0342535 -4165.4 1786.99 -5952.39
0.538793 0 0.035447 -4165.4 1768.56 -5933.96
0.548771 0 0.0366544 -4165.4 1749.87 -5915.27
0.558749 0 0.0378752 -4165.4 1730.92 -5896.32
0.568726 0 0.0391087 -4165.4 1711.72 -5877.13
0.578704 0 0.0403547 -4165.4 1692.29 -5857.69
0.588682 0 0.0416124 -4165.4 1672.64 -5838.04
0.598659 0 0.0428816 -4165.4 1652.77 -5818.17
0.608637 0 0.0441615 -4165.4 1632.69 -5798.09
0.618615 0 0.0454518 -4165.4 1612.43 -5777.83
0.628592 0 0.0467519 -4165.4 1591.99 -5757.39
0.63857 0 0.0480612 -4165.4 1571.4 -5736.79
0.648547 0 0.0493793 -4165.4 1550.65 -5716.05
0.658525 0 0.0507055 -4165.4 1529.77 -5695.17
0.668503 0 0.0520394 -4165.4 1508.78 -5674.18
0.67848 0 0.0533803 -4165.39 1487.69 -5653.08
0.688458 0 0.0547278 -4165.39 1466.51 -5631.91
0.698436 0 0.0560812 -4165.39 1445.27 -5610.66
0.708413 0 0.0574401 -4165.39 1423.98 -5589.38
0.718391 0 0.0588038 -4165.39 1402.67 -5568.06
0.728369 0 0.0601718 -4165.39 1381.35 -5546.73
0.738346 0 0.0615434 -4165.39 1360.03 -5525.42
0.748324 0 0.0629183 -4165.39 1338.75 -5504.14
0.758302 0 0.0642957 -4165.39 1317.52 -5482.9
0.768279 0 0.0656751 -4165.38 1296.35 -5461.74
0.778257 0 0.067056 -4165.38 1275.29 -5440.67
0.788235 0 0.0684378 -4165.38 1254.33 -5419.71
0.798212 0 0.06982 -4165.38 1233.51 -5398.89
0.80819 0 0.0712019 -4165.38 1212.84 -5378.22
0.818168 0 0.072583 -4165.38 1192.36 -5357.73
0.828145 0 0.0739628 -4165.38 1172.07 -5337.44
0.838123 0 0.0753408 -4165.38 1152 -5317.37
0.848101 0 0.0767163 -4165.37 1132.17 -5297.54
0.858078 0 0.0780889 -4165.37 1112.6 -5277.98
0.868056 0 0.0794581 -4165.37 1093.32 -5258.69
0.878034 0 0.0808233 -4165.37 1074.33 -5239.7
0.888011 0 0.0821841 -4165.37 1055.67 -5221.04
0.897989 0 0.0835398 -4165.37 1037.35 -5202.72
0.907966 0 0.0848902 -4165.37 1019.39 -5184.76
0.917944 0 0.0862346 -4165.37 1001.81 -5167.18
0.927922 0 0.0875726 -4165.37 984.624 -5149.99
0.937899 0 0.0889038 -4165.36 967.848 -5133.21
0.947877 0 0.0902277 -4165.36 951.5 -5116.86
0.957855 0 0.0915439 -4165.36 935.594 -5100.96
0.967832 0 0.0928519 -4165.36 920.144 -5085.51
0.97781 0 0.0941515 -4165.36 905.164 -5070.52
0.987788 0 0.0954421 -4165.36 890.665 -5056.02
0.997765 0 0.0967234 -4165.36 876.658 -5042.02
1.00774 0 0.0979951 -4165.36 863.154 -5028.51
1.01772 0 0.0992567 -4165.36 850.162 -5015.52
1.0277 0 0.100508 -4165.36 837.689 -5003.05
1.03768 0 0.101749 -4165.36 825.742 -4991.1
1.04765 0 0.102979 -4165.36 814.327 -4979.68
1.05763 0 0.104197 -4165.36 803.449 -4968.81
1.06761 0 0.105404 -4165.36 793.112 -4958.47
1.07759 0 0.1066 -4165.36 783.317 -4948.67
1.08756 0 0.107783 -4165.36 774.067 -4939.42
1.09754 0 0.108954 -4165.36 765.361 -4930.72
1.10752 0 0.110113 -4165.36 757.199 -4922.56
1.1175 0 0.111259 -4165.36 749.579 -4914.94
1.12747 0 0.112393 -4165.36 742.498 -4907.86
1.13745 0 0.113513 -4165.36 735.954 -4901.31
1.14743 0 0.114621 -4165.36 729.94 -4895.3
1.15741 0 0.115715 -4165.36 724.452 -4889.81
1.16739 0 0.116796 -4165.36 719.484 -4884.84
1.17736 0 0.117864 -4165.36 715.027 -4880.39
1.18734 0 0.118919 -4165.36 711.075 -4876.44
1.19732 0 0.119959 -4165.36 707.619 -4872.98
1.2073 0 0.120987 -4165.36 704.649 -4870.01
1.21727 0 0.122 -4165.36 702.155 -4867.52
1.22725 0 0.123 -4165.36 700.128 -4865.49
1.23723 0 0.123987 -4165.36 698.554 -4863.92
1.24721 0 0.12496 -4165.36 697.424 -4862.79
1.25718 0 0.125919 -4165.36 696.725 -4862.09
1.26716 0 0.126864 -4165.37 696.444 -4861.81
1.27714 0 0.127796 -4165.37 696.568 -4861.93
1.28712 0 0.128715 -4165.37 697.085 -4862.45
1.29709 0 0.12962 -4165.37 697.98 -4863.35
1.30707 0 0.130512 -4165.37 699.24 -4864.61
1.31705 0 0.131391 -4165.37 700.852 -4866.22
1.32703 0 0.132256 -4165.37 702.8 -4868.17
1.33701 0 0.133108 -4165.37 705.071 -4870.44
1.34698 0 0.133947 -4165.37 707.651 -4873.02
1.35696 0 0.134774 -4165.37 710.525 -4875.9
1.36694 0 0.135588 -4165.37 713.679 -4879.05
1.37692 0 0.136389 -4165.37 717.099 -4882.47
1.38689 0 0.137177 -4165.38 720.769 -4886.14
1.39687 0 0.137954 -4165.38 724.677 -4890.05
1.40685 0 0.138718 -4165.38 728.808 -4894.19
1.41683 0 0.13947 -4165.38 733.148 -4898.53
1.4268 0 0.14021 -4165.38 737.683 -4903.06
1.43678 0 0.140938 -4165.38 742.4 -4907.78
1.44676 0 0.141655 -4165.38 747.285 -4912.67
1.45674 0 0.142361 -4165.38 752.326 -4917.71
1.46672 0 0.143055 -4165.38 757.508 -4922.89
1.47669 0 0.143739 -4165.38 762.821 -4928.2
1.48667 0 0.144411 -4165.38 768.251 -4933.63
1.49665 0 0.145073 -4165.38 773.786 -4939.17
1.50663 0 0.145725 -4165.38 779.415 -4944.8
1.5166 0 0.146366 -4165.38 785.126 -4950.51
1.52658 0 0.146997 -4165.39 790.908 -4956.29
1.53656 0 0.147618 -4165.39 796.751 -4962.14
1.54654 0 0.14823 -4165.39 802.643 -4968.03
1.55651 0 0.148832 -4165.39 808.576 -4973.96
1.56649 0 0.149424 -4165.39 814.539 -4979.93
1.57647 0 0.150008 -4165.39 820.522 -4985.91
1.58645 0 0.150582 -4165.39 826.518 -4991.91
1.59642 0 0.151148 -4165.39 832.517 -4997.91
1.6064 0 0.151705 -4165.39 838.511 -5003.9
1.61638 0 0.152254 -4165.39 844.493 -5009.88
1.62636 0 0.152794 -4165.39 850.454 -5015.84
1.63634 0 0.153326 -4165.39 856.388 -5021.78
1.64631 0 0.153851 -4165.39 862.287 -5027.68
1.65629 0 0.154368 -4165.39 868.146 -5033.54
1.66627 0 0.154877 -4165.39 873.959 -5039.35
1.67625 0 0.155379 -4165.39 879.719 -5045.11
1.68622 0 0.155874 -4165.39 885.422 -5050.81
1.6962 0 0.156362 -4165.39 891.061 -5056.45
1.70618 0 0.156843 -4165.39 896.633 -5062.03
1.71616 0 0.157317 -4165.39 902.134 -5067.53
1.72613 0 0.157785 -4165.39 907.558 -5072.95
1.73611 0 0.158246 -4165.39 912.902 -5078.3
1.74609 0 0.158702 -4165.39 918.163 -5083.56
1.75607 0 0.159151 -4165.39 923.338 -5088.73
1.76604 0 0.159594 -4165.39 928.423 -5093.82
1.77602 0 0.160032 -4165.39 933.416 -5098.81
1.786 0 0.160464 -4165.39 938.314 -5103.71
1.79598 0 0.16089 -4165.39 943.116 -5108.51
1.80596 0 0.161311 -4165.39 947.819 -5113.21
1.81593 0 0.161727 -4165.39 952.423 -5117.82
1.82591 0 0.162138 -4165.39 956.924 -5122.32
1.83589 0 0.162544 -4165.39 961.323 -5126.72
1.84587 0 0.162945 -4165.39 965.619 -5131.01
1.85584 0 0.163341 -4165.39 969.809 -5135.2
1.86582 0 0.163733 -4165.39 973.895 -5139.29
1.8758 0 0.16412 -4165.39 977.874 -5143.27
1.88578 0 0.164503 -4165.39 981.748 -5147.14
1.89575 0 0.164881 -4165.39 985.515 -5150.91
1.90573 0 0.165256 -4165.39 989.176 -5154.57
1.91571 0 0.165626 -4165.39 992.731 -5158.12
1.92569 0 0.165993 -4165.39 996.18 -5161.57
1.93566 0 0.166355 -4165.39 999.523 -5164.92
1.94564 0 0.166714 -4165.39 1002.76 -5168.15
1.95562 0 0.167069 -4165.39 1005.89 -5171.29
1.9656 0 0.16742 -4165.39 1008.92 -5174.32
1.97558 0 0.167768 -4165.39 1011.85 -5177.24
1.98555 0 0.168112 -4165.39 1014.67 -5180.07
1.99553 0 0.168453 -4165.39 1017.4 -5182.79
2.00551 0 0.168791 -4165.39 1020.02 -5185.41
2.01549 0 0.169125 -4165.39 1022.54 -5187.93
2.02546 0 0.169456 -4165.39 1024.96 -5190.35
2.03544 0 0.169784 -4165.39 1027.28 -5192.67
2.04542 0 0.170109 -4165.39 1029.51 -5194.9
2.0554 0 0.170431 -4165.39 1031.64 -5197.03
2.06537 0 0.17075 -4165.39 1033.67 -5199.06
2.07535 0 0.171066 -4165.39 1035.61 -5201
2.08533 0 0.171379 -4165.39 1037.46 -5202.85
2.09531 0 0.17169 -4165.39 1039.21 -5204.61
2.10528 0 0.171997 -4165.39 1040.88 -5206.27
2.11526 0 0.172302 -4165.39 1042.45 -5207.84
2.12524 0 0.172605 -4165.39 1043.94 -5209.33
2.13522 0 0.172904 -4165.39 1045.34 -5210.73
2.1452 0 0.173201 -4165.39 1046.65 -5212.04
2.15517 0 0.173496 -4165.39 1047.88 -5213.27
2.16515 0 0.173788 -4165.39 1049.02 -5214.41
2.17513 0 0.174077 -4165.39 1050.08 -5215.47
2.18511 0 0.174364 -4165.39 1051.06 -5216.45
2.19508 0 0.174648 -4165.39 1051.96 -5217.35
2.20506 0 0.17493 -4165.39 1052.78 -5218.17
2.21504 0 0.17521 -4165.39 1053.52 -5218.91
2.22502 0 0.175487 -4165.39 1054.18 -5219.57
2.23499 0 0.175762 -4165.39 1054.77 -5220.16
2.24497 0 0.176035 -4165.39 1055.28 -5220.67
2.25495 0 0.176305 -4165.39 1055.72 -5221.11
2.26493 0 0.176573 -4165.39 1056.08 -5221.47
2.27491 0 0.176838 -4165.39 1056.38 -5221.77
2.28488 0 0.177101 -4165.39 1056.6 -5221.99
2.29486 0 0.177362 -4165.39 1056.76 -5222.15
2.30484 0 0.17762 -4165.39 1056.85 -5222.24
2.31482 0 0.177876 -4165.39 1056.88 -5222.26
2.32479 0 0.17813 -4165.39 1056.84 -5222.23
2.33477 0 0.178382 -4165.39 1056.73 -5222.12
2.34475 0 0.178631 -4165.39 1056.57 -5221.96
2.35473 0 0.178878 -4165.39 1056.35 -5221.74
2.3647 0 0.179122 -4165.39 1056.06 -5221.45
2.37468 0 0.179364 -4165.39 1055.73 -5221.11
2.38466 0 0.179604 -4165.39 1055.33 -5220.72
2.39464 0 0.179842 -4165.39 1054.89 -5220.27
2.40461 0 0.180077 -4165.39 1054.39 -5219.78
2.41459 0 0.180309 -4165.39 1053.84 -5219.23
2.42457 0 0.180539 -4165.39 1053.24 -5218.63
2.43455 0 0.180767 -4165.39 1052.6 -5217.99
2.44453 0 0.180993 -4165.39 1051.91 -5217.3
2.4545 0 0.181215 -4165.39 1051.19 -5216.57
2.46448 0 0.181436 -4165.39 1050.42 -5215.81
2.47446 0 0.181654 -4165.39 1049.61 -5215
2.48444 0 0.181869 -4165.39 1048.77 -5214.15
2.49441 0 0.182082 -4165.39 1047.89 -5213.28
2.50439 0 0.182292 -4165.39 1046.98 -5212.37
2.51437 0 0.182499 -4165.39 1046.04 -5211.43
2.52435 0 0.182704 -4165.39 1045.07 -5210.46
2.53432 0 0.182906 -4165.39 1044.08 -5209.47
2.5443 0 0.183106 -4165.39 1043.06 -5208.45
2.55428 0 0.183303 -4165.39 1042.02 -5207.41
2.56426 0 0.183497 -4165.39 1040.97 -5206.36
2.57423 0 0.183688 -4165.39 1039.9 -5205.28
2.58421 0 0.183877 -4165.39 1038.81 -5204.2
2.59419 0 0.184062 -4165.39 1037.71 -5203.1
2.60417 0 0.184245 -4165.39 1036.6 -5201.99
2.61415 0 0.184425 -4165.39 1035.49 -5200.88
2.62412 0 0.184602 -4165.39 1034.37 -5199.76
2.6341 0 0.184776 -4165.39 1033.25 -5198.63
2.64408 0 0.184947 -4165.39 1032.12 -5197.51
2.65406 0 0.185114 -4165.39 1031 -5196.39
2.66403 0 0.185279 -4165.39 1029.88 -5195.27
2.67401 0 0.185441 -4165.39 1028.77 -5194.15
2.68399 0 0.1856 -4165.39 1027.66 -5193.05
2.69397 0 0.185755 -4165.39 1026.57 -5191.95
2.70394 0 0.185907 -4165.39 1025.49 -5190.87
2.71392 0 0.186057 -4165.39 1024.42 -5189.8
2.7239 0 0.186202 -4165.39 1023.37 -5188.75
2.73388 0 0.186345 -4165.39 1022.34 -5187.72
2.74385 0 0.186484 -4165.38 1021.32 -5186.71
2.75383 0 0.18662 -4165.38 1020.33 -5185.72
2.76381 0 0.186753 -4165.38 1019.36 -5184.75
2.77379 0 0.186882 -4165.38 1018.42 -5183.81
2.78377 0 0.187008 -4165.38 1017.51 -5182.89
2.79374 0 0.18713 -4165.38 1016.62 -5182.01
2.80372 0 0.187249 -4165.38 1015.77 -5181.15
2.8137 0 0.187364 -4165.38 1014.94 -5180.32
2.82368 0 0.187476 -4165.38 1014.15 -5179.53
2.83365 0 0.187584 -4165.38 1013.39 -5178.77
2.84363 0 0.187689 -4165.38 1012.67 -5178.05
2.85361 0 0.18779 -4165.38 1011.98 -5177.36
2.86359 0 0.187888 -4165.38 1011.33 -5176.71
2.87356 0 0.187982 -4165.38 1010.72 -5176.1
2.88354 0 0.188072 -4165.38 1010.15 -5175.53
2.89352 0 0.188159 -4165.38 1009.61 -5175
2.9035 0 0.188242 -4165.38 1009.12 -5174.51
2.91347 0 0.188322 -4165.38 1008.67 -5174.05
2.92345 0 0.188397 -4165.38 1008.26 -5173.65
2.93343 0 0.18847 -4165.38 1007.89 -5173.28
2.94341 0 0.188538 -4165.38 1007.57 -5172.95
2.95339 0 0.188603 -4165.38 1007.29 -5172.67
2.96336 0 0.188664 -4165.38 1007.05 -5172.43
2.97334 0 0.188721 -4165.38 1006.85 -5172.24
2.98332 0 0.188774 -4165.38 1006.7 -5172.09
2.9933 0 0.188824 -4165.38 1006.59 -5171.98
3.00327 0 0.18887 -4165.38 1006.53 -5171.91
3.01325 0 0.188912 -4165.38 1006.51 -5171.89
3.02323 0 0.188951 -4165.38 1006.53 -5171.91
3.03321 0 0.188986 -4165.38 1006.6 -5171.98
3.04318 0 0.189017 -4165.38 1006.71 -5172.09
3.05316 0 0.189044 -4165.38 1006.86 -5172.24
3.06314 0 0.189068 -4165.38 1007.06 -5172.44
3.07312 0 0.189088 -4165.38 1007.29 -5172.68
3.08309 0 0.189104 -4165.38 1007.57 -5172.96
3.09307 0 0.189116 -4165.38 1007.9 -5173.28
3.10305 0 0.189125 -4165.38 1008.26 -5173.64
3.11303 0 0.18913 -4165.38 1008.67 -5174.05
3.12301 0 0.189131 -4165.38 1009.11 -5174.5
3.13298 0 0.189129 -4165.38 1009.6 -5174.98
3.14296 0 0.189123 -4165.38 1010.13 -5175.51
3.15294 0 0.189114 -4165.38 1010.69 -5176.08
3.16292 0 0.1891 -4165.38 1011.3 -5176.68
3.17289 0 0.189084 -4165.38 1011.94 -5177.33
3.18287 0 0.189063 -4165.38 1012.63 -5178.01
3.19285 0 0.189039 -4165.38 1013.35 -5178.73
3.20283 0 0.189011 -4165.38 1014.11 -5179.49
3.2128 0 0.18898 -4165.38 1014.91 -5180.29
3.22278 0 0.188946 -4165.38 1015.74 -5181.12
3.23276 0 0.188907 -4165.38 1016.61 -5181.99
3.24274 0 0.188866 -4165.38 1017.52 -5182.9
3.25272 0 0.188821 -4165.38 1018.46 -5183.84
3.26269 0 0.188772 -4165.38 1019.43 -5184.82
3.27267 0 0.18872 -4165.38 1020.45 -5185.83
3.28265 0 0.188665 -4165.38 1021.49 -5186.87
3.29263 0 0.188606 -4165.38 1022.57 -5187.95
3.3026 0 0.188544 -4165.38 1023.68 -5189.06
3.31258 0 0.188478 -4165.38 1024.82 -5190.21
3.32256 0 0.18841 -4165.38 1026 -5191.38
3.33254 0 0.188338 -4165.38 1027.21 -5192.59
3.34251 0 0.188262 -4165.38 1028.45 -5193.83
3.35249 0 0.188184 -4165.38 1029.72 -5195.1
3.36247 0 0.188102 -4165.38 1031.02 -5196.4
3.37245 0 0.188018 -4165.38 1032.35 -5197.73
3.38242 0 0.18793 -4165.38 1033.7 -5199.09
3.3924 0 0.187839 -4165.38 1035.09 -5200.47
3.40238 0 0.187745 -4165.38 1036.5 -5201.89
3.41236 0 0.187648 -4165.38 1037.94 -5203.33
3.42234 0 0.187548 -4165.38 1039.41 -5204.8
3.43231 0 0.187445 -4165.38 1040.9 -5206.29
3.44229 0 0.18734 -4165.38 1042.42 -5207.81
3.45227 0 0.187231 -4165.38 1043.96 -5209.35
3.46225 0 0.18712 -4165.39 1045.53 -5210.91
3.47222 0 0.187005 -4165.39 1047.12 -5212.5
3.4822 0 0.186888 -4165.39 1048.73 -5214.11
3.49218 0 0.186769 -4165.39 1050.36 -5215.75
3.50216 0 0.186646 -4165.39 1052.01 -5217.4
3.51213 0 0.186521 -4165.39 1053.68 -5219.07
3.52211 0 0.186394 -4165.39 1055.37 -5220.76
3.53209 0 0.186264 -4165.39 1057.08 -5222.46
3.54207 0 0.186131 -4165.39 1058.8 -5224.18
3.55204 0 0.185996 -4165.39 1060.54 -5225.92
3.56202 0 0.185859 -4165.39 1062.29 -5227.67
3.572 0 0.185719 -4165.39 1064.05 -5229.44
3.58198 0 0.185576 -4165.39 1065.83 -5231.21
3.59196 0 0.185432 -4165.39 1067.61 -5233
3.60193 0 0.185285 -4165.39 1069.41 -5234.79
3.61191 0 0.185136 -4165.39 1071.21 -5236.6
3.62189 0 0.184985 -4165.39 1073.02 -5238.41
3.63187 0 0.184832 -4165.39 1074.84 -5240.22
3.64184 0 0.184676 -4165.39 1076.66 -5242.04
3.65182 0 0.184519 -4165.39 1078.48 -5243.87
3.6618 0 0.184359 -4165.39 1080.31 -5245.69
3.67178 0 0.184198 -4165.39 1082.13 -5247.52
3.68175 0 0.184035 -4165.39 1083.96 -5249.35
3.69173 0 0.18387 -4165.39 1085.79 -5251.17
3.70171 0 0.183703 -4165.39 1087.61 -5252.99
3.71169 0 0.183534 -4165.39 1089.42 -5254.81
3.72166 0 0.183364 -4165.39 1091.24 -5256.62
3.73164 0 0.183192 -4165.39 1093.04 -5258.43
3.74162 0 0.183018 -4165.39 1094.84 -5260.23
3.7516 0 0.182842 -4165.39 1096.63 -5262.02
3.76158 0 0.182665 -4165.39 1098.41 -5263.8
3.77155 0 0.182487 -4165.39 1100.18 -5265.57
3.78153 0 0.182307 -4165.39 1101.94 -5267.33
3.79151 0 0.182125 -4165.39 1103.69 -5269.07
3.80149 0 0.181943 -4165.39 1105.42 -5270.81
3.81146 0 0.181758 -4165.39 1107.14 -5272.53
3.82144 0 0.181573 -4165.39 1108.84 -5274.23
3.83142 0 0.181386 -4165.39 1110.53 -5275.92
3.8414 0 0.181198 -4165.39 1112.21 -5277.59
3.85137 0 0.181008 -4165.39 1113.86 -5279.25
3.86135 0 0.180818 -4165.39 1115.5 -5280.89
3.87133 0 0.180626 -4165.39 1117.13 -5282.51
3.88131 0 0.180434 -4165.39 1118.73 -5284.12
3.89128 0 0.18024 -4165.39 1120.32 -5285.71
3.90126 0 0.180045 -4165.39 1121.89 -5287.27
3.91124 0 0.179849 -4165.39 1123.44 -5288.83
3.92122 0 0.179652 -4165.39 1124.97 -5290.36
3.9312 0 0.179454 -4165.39 1126.49 -5291.87
3.94117 0 0.179256 -4165.39 1127.98 -5293.37
3.95115 0 0.179056 -4165.39 1129.46 -5294.85
3.96113 0 0.178856 -4165.39 1130.92 -5296.31
3.97111 0 0.178654 -4165.39 1132.36 -5297.75
3.98108 0 0.178452 -4165.39 1133.79 -5299.17
3.99106 0 0.178249 -4165.39 1135.19 -5300.58
4.00104 0 0.178046 -4165.39 1136.59 -5301.97
4.01102 0 0.177842 -4165.39 1137.96 -5303.35
4.02099 0 0.177637 -4165.39 1139.32 -5304.71
4.03097 0 0.177431 -4165.39 1140.67 -5306.05
4.04095 0 0.177225 -4165.39 1142 -5307.38
4.05093 0 0.177018 -4165.39 1143.31 -5308.7
4.0609 0 0.176811 -4165.39 1144.62 -5310
4.07088 0 0.176603 -4165.39 1145.91 -5311.29
4.08086 0 0.176394 -4165.39 1147.18 -5312.57
4.09084 0 0.176185 -4165.39 1148.45 -5313.84
4.10082 0 0.175975 -4165.39 1149.71 -5315.09
4.11079 0 0.175765 -4165.39 1150.95 -5316.34
4.12077 0 0.175555 -4165.39 1152.19 -5317.57
4.13075 0 0.175344 -4165.39 1153.41 -5318.8
4.14073 0 0.175133 -4165.39 1154.63 -5320.02
4.1507 0 0.174921 -4165.39 1155.85 -5321.23
4.16068 0 0.17471 -4165.39 1157.05 -5322.44
4.17066 0 0.174497 -4165.39 1158.25 -5323.63
4.18064 0 0.174285 -4165.39 1159.44 -5324.83
4.19061 0 0.174072 -4165.39 1160.63 -5326.01
4.20059 0 0.173859 -4165.39 1161.81 -5327.2
4.21057 0 0.173645 -4165.39 1162.99 -5328.38
4.22055 0 0.173432 -4165.39 1164.16 -5329.55
4.23053 0 0.173218 -4165.39 1165.34 -5330.72
4.2405 0 0.173004 -4165.39 1166.5 -5331.89
4.25048 0 0.17279 -4165.39 1167.67 -5333.06
4.26046 0 0.172576 -4165.39 1168.83 -5334.22
4.27044 0 0.172362 -4165.39 1169.99 -5335.38
4.28041 0 0.172148 -4165.39 1171.15 -5336.54
4.29039 0 0.171933 -4165.39 1172.31 -5337.69
4.30037 0 0.171719 -4165.39 1173.46 -5338.85
4.31035 0 0.171504 -4165.39 1174.62 -5340
4.32032 0 0.17129 -4165.39 1175.77 -5341.15
4.3303 0 0.171076 -4165.39 1176.91 -5342.3
4.34028 0 0.170861 -4165.39 1178.06 -5343.44
4.35026 0 0.170647 -4165.39 1179.2 -5344.59
4.36023 0 0.170433 -4165.39 1180.34 -5345.73
4.37021 0 0.170219 -4165.39 1181.48 -5346.86
4.38019 0 0.170005 -4165.39 1182.61 -5348
4.39017 0 0.169792 -4165.39 1183.74 -5349.13
4.40015 0 0.169578 -4165.39 1184.86 -5350.25
4.41012 0 0.169365 -4165.39 1185.98 -5351.37
4.4201 0 0.169152 -4165.39 1187.1 -5352.49
4.43008 0 0.16894 -4165.39 1188.21 -5353.59
4.44006 0 0.168727 -4165.39 1189.31 -5354.7
4.45003 0 0.168515 -4165.39 1190.4 -5355.79
4.46001 0 0.168304 -4165.39 1191.49 -5356.88
4.46999 0 0.168093 -4165.39 1192.57 -5357.96
4.47997 0 0.167882 -4165.39 1193.64 -5359.03
4.48994 0 0.167671 -4165.39 1194.7 -5360.09
4.49992 0 0.167461 -4165.39 1195.75 -5361.14
4.5099 0 0.167252 -4165.39 1196.79 -5362.17
4.51988 0 0.167043 -4165.39 1197.81 -5363.2
4.52985 0 0.166835 -4165.39 1198.83 -5364.21
4.53983 0 0.166627 -4165.39 1199.83 -5365.21
4.54981 0 0.166419 -4165.39 1200.81 -5366.2
4.55979 0 0.166213 -4165.39 1201.79 -5367.17
4.56977 0 0.166006 -4165.39 1202.74 -5368.13
4.57974 0 0.165801 -4165.39 1203.68 -5369.07
4.58972 0 0.165596 -4165.39 1204.61 -5369.99
4.5997 0 0.165392 -4165.39 1205.51 -5370.9
4.60968 0 0.165188 -4165.39 1206.4 -5371.79
4.61965 0 0.164986 -4165.39 1207.27 -5372.66
