0.00997765 0 3.14003e-05 -2384.65 12901.4 -15286.1
0.0199553 0 0.000125591 -2384.65 12898.3 -15283
0.029933 0 0.000282542 -2384.65 12893.1 -15277.8
0.0399106 0 0.000502204 -2384.65 12885.9 -15270.5
0.0498883 0 0.000784504 -2384.65 12876.6 -15261.2
0.0598659 0 0.00112935 -2384.65 12865.1 -15249.8
0.0698436 0 0.00153664 -2384.65 12851.6 -15236.2
0.0798212 0 0.00200623 -2384.66 12835.9 -15220.6
0.0897989 0 0.00253797 -2384.66 12818.2 -15202.8
0.0997765 0 0.00313168 -2384.66 12798.3 -15182.9
0.109754 0 0.00378718 -2384.66 12776.2 -15160.9
0.119732 0 0.00450424 -2384.66 12751.9 -15136.6
0.129709 0 0.00528263 -2384.66 12725.5 -15110.2
0.139687 0 0.00612208 -2384.67 12696.8 -15081.5
0.149665 0 0.00702231 -2384.67 12665.9 -15050.6
0.159642 0 0.007983 -2384.67 12632.8 -15017.5
0.16962 0 0.00900384 -2384.67 12597.4 -14982
0.179598 0 0.0100845 -2384.68 12559.6 -14944.3
0.189575 0 0.0112245 -2384.68 12519.5 -14904.2
0.199553 0 0.0124235 -2384.68 12477.1 -14861.8
0.209531 0 0.0136811 -2384.69 12432.2 -14816.9
0.219508 0 0.0149969 -2384.69 12385 -14769.7
0.229486 0 0.0163702 -2384.69 12335.2 -14719.9
0.239464 0 0.0178007 -2384.69 12283 -14667.7
0.249441 0 0.0192878 -2384.7 12228.3 -14613
0.259419 0 0.0208309 -2384.7 12171 -14555.7
0.269397 0 0.0224295 -2384.71 12111.1 -14495.8
0.279374 0 0.0240828 -2384.71 12048.6 -14433.4
0.289352 0 0.0257903 -2384.71 11983.5 -14368.2
0.29933 0 0.0275513 -2384.72 11915.6 -14300.4
0.309307 0 0.029365 -2384.72 11845.1 -14229.8
0.319285 0 0.0312308 -2384.73 11771.7 -14156.5
0.329263 0 0.0331477 -2384.73 11695.6 -14080.4
0.33924 0 0.035115 -2384.73 11616.7 -14001.5
0.349218 0 0.0371319 -2384.74 11535 -13919.7
0.359196 0 0.0391975 -2384.74 11450.4 -13835.1
0.369173 0 0.0413107 -2384.74 11362.9 -13747.7
0.379151 0 0.0434708 -2384.74 11272.6 -13657.3
0.389128 0 0.0456766 -2384.75 11179.3 -13564.1
0.399106 0 0.0479271 -2384.75 11083.2 -13468
0.409084 0 0.0502213 -2384.75 10984.2 -13368.9
0.419061 0 0.052558 -2384.75 10882.3 -13267
0.429039 0 0.0549361 -2384.75 10777.5 -13162.3
0.439017 0 0.0573544 -2384.75 10669.9 -13054.7
0.448994 0 0.0598117 -2384.75 10559.5 -12944.3
0.458972 0 0.0623067 -2384.75 10446.4 -12831.1
0.46895 0 0.064838 -2384.75 10330.5 -12715.3
0.478927 0 0.0674045 -2384.75 10212 -12596.8
0.488905 0 0.0700045 -2384.74 10091 -12475.7
0.498883 0 0.0726368 -2384.74 9967.49 -12352.2
0.50886 0 0.0752999 -2384.73 9841.66 -12226.4
0.518838 0 0.0779922 -2384.73 9713.59 -12098.3
0.528816 0 0.0807124 -2384.72 9583.44 -11968.2
0.538793 0 0.0834587 -2384.71 9451.34 -11836
0.548771 0 0.0862296 -2384.7 9317.46 -11702.2
0.558749 0 0.0890236 -2384.69 9181.99 -11566.7
0.568726 0 0.0918389 -2384.68 9045.11 -11429.8
0.578704 0 0.0946739 -2384.67 8907.04 -11291.7
0.588682 0 0.0975269 -2384.66 8767.99 -11152.7
0.598659 0 0.100396 -2384.64 8628.2 -11012.8
0.608637 0 0.10328 -2384.63 8487.91 -10872.5
0.618615 0 0.106177 -2384.61 8347.37 -10732
0.628592 0 0.109085 -2384.6 8206.85 -10591.4
0.63857 0 0.112003 -2384.58 8066.6 -10451.2
0.648547 0 0.114928 -2384.57 7926.91 -10311.5
0.658525 0 0.117859 -2384.55 7788.04 -10172.6
0.668503 0 0.120795 -2384.54 7650.28 -10034.8
0.67848 0 0.123733 -2384.52 7513.89 -9898.41
0.688458 0 0.126672 -2384.5 7379.15 -9763.65
0.698436 0 0.129611 -2384.49 7246.32 -9630.81
0.708413 0 0.132547 -2384.47 7115.66 -9500.13
0.718391 0 0.135479 -2384.46 6987.43 -9371.89
0.728369 0 0.138406 -2384.44 6861.87 -9246.31
0.738346 0 0.141326 -2384.43 6739.21 -9123.64
0.748324 0 0.144237 -2384.42 6619.66 -9004.08
0.758302 0 0.147138 -2384.41 6503.44 -8887.85
0.768279 0 0.150028 -2384.4 6390.73 -8775.13
0.778257 0 0.152906 -2384.39 6281.71 -8666.1
0.788235 0 0.15577 -2384.38 6176.54 -8560.92
0.798212 0 0.158618 -2384.37 6075.36 -8459.73
0.80819 0 0.16145 -2384.36 5978.3 -8362.67
0.818168 0 0.164265 -2384.36 5885.47 -8269.83
0.828145 0 0.167062 -2384.35 5796.96 -8181.32
0.838123 0 0.169839 -2384.35 5712.85 -8097.2
0.848101 0 0.172595 -2384.35 5633.19 -8017.54
0.858078 0 0.17533 -2384.35 5558.03 -7942.37
0.868056 0 0.178044 -2384.35 5487.38 -7871.73
0.878034 0 0.180734 -2384.35 5421.27 -7805.61
0.888011 0 0.183401 -2384.35 5359.67 -7744.02
0.897989 0 0.186044 -2384.35 5302.58 -7686.93
0.907966 0 0.188663 -2384.35 5249.94 -7634.3
0.917944 0 0.191256 -2384.36 5201.72 -7586.08
0.927922 0 0.193823 -2384.36 5157.85 -7542.21
0.937899 0 0.196365 -2384.37 5118.26 -7502.62
0.947877 0 0.198881 -2384.37 5082.85 -7467.22
0.957855 0 0.201369 -2384.38 5051.54 -7435.92
0.967832 0 0.203832 -2384.38 5024.22 -7408.6
0.97781 0 0.206267 -2384.39 5000.77 -7385.16
0.987788 0 0.208675 -2384.4 4981.08 -7365.48
0.997765 0 0.211056 -2384.41 4965.02 -7349.43
1.00774 0 0.213411 -2384.41 4952.46 -7336.88
1.01772 0 0.215738 -2384.42 4943.26 -7327.68
1.0277 0 0.218038 -2384.43 4937.28 -7321.71
1.03768 0 0.220311 -2384.44 4934.37 -7318.81
1.04765 0 0.222558 -2384.45 4934.4 -7318.85
1.05763 0 0.224778 -2384.46 4937.21 -7321.66
1.06761 0 0.226972 -2384.47 4942.64 -7327.11
1.07759 0 0.229139 -2384.47 4950.57 -7335.04
1.08756 0 0.231281 -2384.48 4960.83 -7345.31
1.09754 0 0.233398 -2384.49 4973.27 -7357.76
1.10752 0 0.235489 -2384.5 4987.76 -7372.26
1.1175 0 0.237556 -2384.51 5004.14 -7388.65
1.12747 0 0.239598 -2384.52 5022.27 -7406.79
1.13745 0 0.241616 -2384.52 5042.02 -7426.55
1.14743 0 0.243611 -2384.53 5063.24 -7447.77
1.15741 0 0.245582 -2384.54 5085.81 -7470.34
1.16739 0 0.247531 -2384.55 5109.58 -7494.12
1.17736 0 0.249457 -2384.55 5134.43 -7518.98
1.18734 0 0.251362 -2384.56 5160.24 -7544.8
1.19732 0 0.253245 -2384.56 5186.89 -7571.46
1.2073 0 0.255107 -2384.57 5214.26 -7598.84
1.21727 0 0.256949 -2384.58 5242.25 -7626.83
1.22725 0 0.25877 -2384.58 5270.74 -7655.32
1.23723 0 0.260572 -2384.59 5299.64 -7684.22
1.24721 0 0.262356 -2384.59 5328.84 -7713.43
1.25718 0 0.26412 -2384.6 5358.25 -7742.85
1.26716 0 0.265867 -2384.6 5387.78 -7772.39
1.27714 0 0.267596 -2384.61 5417.36 -7801.96
1.28712 0 0.269307 -2384.61 5446.89 -7831.5
1.29709 0 0.271003 -2384.61 5476.31 -7860.92
1.30707 0 0.272681 -2384.62 5505.54 -7890.16
1.31705 0 0.274344 -2384.62 5534.52 -7919.14
1.32703 0 0.275992 -2384.62 5563.18 -7947.8
1.33701 0 0.277625 -2384.63 5591.47 -7976.1
1.34698 0 0.279243 -2384.63 5619.34 -8003.97
1.35696 0 0.280848 -2384.63 5646.73 -8031.36
1.36694 0 0.282438 -2384.63 5673.6 -8058.24
1.37692 0 0.284015 -2384.63 5699.92 -8084.55
1.38689 0 0.28558 -2384.63 5725.64 -8110.27
1.39687 0 0.287132 -2384.64 5750.73 -8135.36
1.40685 0 0.288671 -2384.64 5775.16 -8159.79
1.41683 0 0.290199 -2384.64 5798.9 -8183.54
1.4268 0 0.291716 -2384.64 5821.94 -8206.58
1.43678 0 0.293221 -2384.64 5844.26 -8228.9
1.44676 0 0.294715 -2384.64 5865.83 -8250.47
1.45674 0 0.296199 -2384.64 5886.65 -8271.29
1.46672 0 0.297673 -2384.64 5906.7 -8291.34
1.47669 0 0.299137 -2384.64 5925.97 -8310.61
1.48667 0 0.300591 -2384.64 5944.47 -8329.11
1.49665 0 0.302035 -2384.64 5962.18 -8346.82
1.50663 0 0.303471 -2384.64 5979.11 -8363.74
1.5166 0 0.304897 -2384.64 5995.24 -8379.88
1.52658 0 0.306315 -2384.64 6010.6 -8395.23
1.53656 0 0.307724 -2384.64 6025.17 -8409.8
1.54654 0 0.309124 -2384.64 6038.96 -8423.6
1.55651 0 0.310517 -2384.64 6051.98 -8436.62
1.56649 0 0.311901 -2384.63 6064.24 -8448.87
1.57647 0 0.313278 -2384.63 6075.74 -8460.37
1.58645 0 0.314647 -2384.63 6086.48 -8471.12
1.59642 0 0.316008 -2384.63 6096.49 -8481.13
1.6064 0 0.317362 -2384.63 6105.78 -8490.41
1.61638 0 0.318709 -2384.63 6114.34 -8498.97
1.62636 0 0.320049 -2384.63 6122.2 -8506.83
1.63634 0 0.321381 -2384.63 6129.37 -8514
1.64631 0 0.322707 -2384.63 6135.87 -8520.49
1.65629 0 0.324025 -2384.63 6141.7 -8526.33
1.66627 0 0.325337 -2384.62 6146.9 -8531.52
1.67625 0 0.326642 -2384.62 6151.47 -8536.09
1.68622 0 0.32794 -2384.62 6155.43 -8540.05
1.6962 0 0.329232 -2384.62 6158.8 -8543.42
1.70618 0 0.330517 -2384.62 6161.61 -8546.23
1.71616 0 0.331795 -2384.62 6163.88 -8548.5
1.72613 0 0.333067 -2384.62 6165.63 -8550.24
1.73611 0 0.334332 -2384.61 6166.87 -8551.49
1.74609 0 0.335591 -2384.61 6167.65 -8552.26
1.75607 0 0.336843 -2384.61 6167.97 -8552.58
1.76604 0 0.338088 -2384.61 6167.88 -8552.49
1.77602 0 0.339328 -2384.61 6167.38 -8551.99
1.786 0 0.34056 -2384.61 6166.52 -8551.12
1.79598 0 0.341786 -2384.6 6165.31 -8549.92
1.80596 0 0.343006 -2384.6 6163.79 -8548.39
1.81593 0 0.344218 -2384.6 6161.98 -8546.58
1.82591 0 0.345425 -2384.6 6159.91 -8544.51
1.83589 0 0.346624 -2384.6 6157.6 -8542.2
1.84587 0 0.347817 -2384.6 6155.09 -8539.69
1.85584 0 0.349003 -2384.59 6152.4 -8537
1.86582 0 0.350183 -2384.59 6149.56 -8534.15
1.8758 0 0.351355 -2384.59 6146.59 -8531.18
1.88578 0 0.352521 -2384.59 6143.51 -8528.1
1.89575 0 0.35368 -2384.59 6140.35 -8524.94
1.90573 0 0.354832 -2384.59 6137.13 -8521.72
1.91571 0 0.355977 -2384.59 6133.87 -8518.46
1.92569 0 0.357115 -2384.59 6130.6 -8515.19
1.93566 0 0.358246 -2384.58 6127.33 -8511.91
1.94564 0 0.359369 -2384.58 6124.07 -8508.65
1.95562 0 0.360486 -2384.58 6120.85 -8505.43
1.9656 0 0.361596 -2384.58 6117.67 -8502.25
1.97558 0 0.362698 -2384.58 6114.55 -8499.13
1.98555 0 0.363793 -2384.58 6111.5 -8496.08
1.99553 0 0.364881 -2384.58 6108.53 -8493.1
2.00551 0 0.365962 -2384.58 6105.64 -8490.22
2.01549 0 0.367035 -2384.58 6102.85 -8487.43
2.02546 0 0.368101 -2384.58 6100.15 -8484.73
2.03544 0 0.36916 -2384.58 6097.56 -8482.14
2.04542 0 0.370211 -2384.58 6095.07 -8479.65
2.0554 0 0.371255 -2384.58 6092.69 -8477.27
2.06537 0 0.372292 -2384.58 6090.41 -8474.99
2.07535 0 0.373321 -2384.58 6088.25 -8472.82
2.08533 0 0.374342 -2384.58 6086.18 -8470.76
2.09531 0 0.375356 -2384.58 6084.22 -8468.8
2.10528 0 0.376363 -2384.58 6082.37 -8466.95
2.11526 0 0.377362 -2384.58 6080.61 -8465.19
2.12524 0 0.378353 -2384.58 6078.95 -8463.53
2.13522 0 0.379337 -2384.58 6077.39 -8461.97
2.1452 0 0.380314 -2384.58 6075.92 -8460.5
2.15517 0 0.381283 -2384.58 6074.55 -8459.13
2.16515 0 0.382244 -2384.58 6073.26 -8457.84
2.17513 0 0.383198 -2384.58 6072.07 -8456.65
2.18511 0 0.384144 -2384.58 6070.96 -8455.54
2.19508 0 0.385083 -2384.58 6069.95 -8454.53
2.20506 0 0.386014 -2384.58 6069.02 -8453.6
2.21504 0 0.386938 -2384.58 6068.18 -8452.76
2.22502 0 0.387854 -2384.58 6067.43 -8452.01
2.23499 0 0.388763 -2384.58 6066.78 -8451.36
2.24497 0 0.389664 -2384.58 6066.22 -8450.8
2.25495 0 0.390557 -2384.58 6065.76 -8450.34
2.26493 0 0.391443 -2384.58 6065.41 -8449.99
2.27491 0 0.392321 -2384.58 6065.16 -8449.74
2.28488 0 0.393192 -2384.58 6065.03 -8449.61
2.29486 0 0.394056 -2384.58 6065.01 -8449.59
2.30484 0 0.394911 -2384.58 6065.12 -8449.7
2.31482 0 0.395759 -2384.58 6065.36 -8449.93
2.32479 0 0.3966 -2384.58 6065.73 -8450.3
2.33477 0 0.397433 -2384.58 6066.24 -8450.81
2.34475 0 0.398259 -2384.58 6066.89 -8451.47
2.35473 0 0.399077 -2384.58 6067.7 -8452.28
2.3647 0 0.399888 -2384.58 6068.67 -8453.25
2.37468 0 0.400692 -2384.58 6069.8 -8454.38
2.38466 0 0.401488 -2384.58 6071.1 -8455.68
2.39464 0 0.402276 -2384.58 6072.58 -8457.15
2.40461 0 0.403057 -2384.58 6074.23 -8458.8
2.41459 0 0.403831 -2384.57 6076.06 -8460.63
2.42457 0 0.404598 -2384.57 6078.07 -8462.64
2.43455 0 0.405357 -2384.57 6080.27 -8464.84
2.44453 0 0.406109 -2384.57 6082.65 -8467.23
2.4545 0 0.406854 -2384.57 6085.22 -8469.8
2.46448 0 0.407592 -2384.57 6087.98 -8472.56
2.47446 0 0.408322 -2384.57 6090.93 -8475.5
2.48444 0 0.409046 -2384.57 6094.05 -8478.63
2.49441 0 0.409762 -2384.57 6097.36 -8481.94
2.50439 0 0.410471 -2384.58 6100.85 -8485.42
2.51437 0 0.411174 -2384.58 6104.5 -8489.08
2.52435 0 0.411869 -2384.58 6108.33 -8492.9
2.53432 0 0.412558 -2384.58 6112.32 -8496.89
2.5443 0 0.41324 -2384.58 6116.46 -8501.04
2.55428 0 0.413915 -2384.58 6120.76 -8505.34
2.56426 0 0.414584 -2384.58 6125.2 -8509.77
2.57423 0 0.415246 -2384.58 6129.77 -8514.35
2.58421 0 0.415901 -2384.58 6134.47 -8519.05
2.59419 0 0.41655 -2384.58 6139.29 -8523.87
2.60417 0 0.417193 -2384.58 6144.22 -8528.8
2.61415 0 0.417829 -2384.58 6149.25 -8533.83
2.62412 0 0.418459 -2384.58 6154.37 -8538.95
2.6341 0 0.419083 -2384.58 6159.57 -8544.15
2.64408 0 0.4197 -2384.58 6164.85 -8549.43
2.65406 0 0.420312 -2384.58 6170.19 -8554.77
2.66403 0 0.420918 -2384.58 6175.59 -8560.17
2.67401 0 0.421517 -2384.58 6181.03 -8565.61
2.68399 0 0.422111 -2384.58 6186.51 -8571.09
2.69397 0 0.4227 -2384.58 6192.01 -8576.59
2.70394 0 0.423282 -2384.58 6197.53 -8582.12
2.71392 0 0.423859 -2384.58 6203.07 -8587.65
2.7239 0 0.42443 -2384.58 6208.61 -8593.19
2.73388 0 0.424996 -2384.59 6214.14 -8598.72
2.74385 0 0.425557 -2384.59 6219.66 -8604.25
2.75383 0 0.426112 -2384.59 6225.16 -8609.75
2.76381 0 0.426662 -2384.59 6230.64 -8615.23
2.77379 0 0.427207 -2384.59 6236.1 -8620.68
2.78377 0 0.427747 -2384.59 6241.51 -8626.1
2.79374 0 0.428282 -2384.59 6246.9 -8631.48
2.80372 0 0.428812 -2384.59 6252.23 -8636.82
2.8137 0 0.429337 -2384.59 6257.53 -8642.11
2.82368 0 0.429857 -2384.59 6262.77 -8647.36
2.83365 0 0.430372 -2384.59 6267.97 -8652.55
2.84363 0 0.430883 -2384.59 6273.11 -8657.69
2.85361 0 0.431389 -2384.59 6278.19 -8662.78
2.86359 0 0.431891 -2384.59 6283.22 -8667.81
2.87356 0 0.432388 -2384.59 6288.19 -8672.78
2.88354 0 0.432881 -2384.59 6293.1 -8677.68
2.89352 0 0.433369 -2384.59 6297.95 -8682.53
2.9035 0 0.433853 -2384.59 6302.73 -8687.31
2.91347 0 0.434333 -2384.59 6307.45 -8692.03
2.92345 0 0.434809 -2384.59 6312.09 -8696.68
2.93343 0 0.435281 -2384.59 6316.67 -8701.26
2.94341 0 0.435748 -2384.59 6321.17 -8705.76
2.95339 0 0.436212 -2384.59 6325.6 -8710.19
2.96336 0 0.436671 -2384.59 6329.94 -8714.53
2.97334 0 0.437127 -2384.59 6334.21 -8718.79
2.98332 0 0.437579 -2384.59 6338.38 -8722.96
2.9933 0 0.438027 -2384.59 6342.46 -8727.04
3.00327 0 0.438471 -2384.59 6346.44 -8731.02
3.01325 0 0.438912 -2384.59 6350.32 -8734.9
3.02323 0 0.439349 -2384.59 6354.09 -8738.68
3.03321 0 0.439782 -2384.59 6357.75 -8742.34
3.04318 0 0.440212 -2384.59 6361.3 -8745.89
3.05316 0 0.440639 -2384.59 6364.72 -8749.31
3.06314 0 0.441062 -2384.59 6368.02 -8752.61
3.07312 0 0.441481 -2384.59 6371.2 -8755.78
3.08309 0 0.441897 -2384.59 6374.23 -8758.82
3.09307 0 0.44231 -2384.59 6377.14 -8761.72
3.10305 0 0.44272 -2384.59 6379.9 -8764.49
3.11303 0 0.443126 -2384.59 6382.52 -8767.11
3.12301 0 0.443529 -2384.59 6385 -8769.59
3.13298 0 0.443929 -2384.59 6387.34 -8771.92
3.14296 0 0.444326 -2384.59 6389.53 -8774.11
3.15294 0 0.444719 -2384.59 6391.57 -8776.16
3.16292 0 0.44511 -2384.59 6393.46 -8778.05
3.17289 0 0.445497 -2384.59 6395.21 -8779.8
3.18287 0 0.445881 -2384.59 6396.82 -8781.41
3.19285 0 0.446263 -2384.59 6398.28 -8782.87
3.20283 0 0.446641 -2384.59 6399.6 -8784.19
3.2128 0 0.447016 -2384.59 6400.78 -8785.37
3.22278 0 0.447388 -2384.59 6401.82 -8786.41
3.23276 0 0.447757 -2384.59 6402.73 -8787.32
3.24274 0 0.448123 -2384.58 6403.51 -8788.1
3.25272 0 0.448487 -2384.58 6404.17 -8788.75
3.26269 0 0.448847 -2384.58 6404.7 -8789.29
3.27267 0 0.449204 -2384.58 6405.12 -8789.7
3.28265 0 0.449558 -2384.58 6405.43 -8790.01
3.29263 0 0.44991 -2384.58 6405.63 -8790.21
3.3026 0 0.450258 -2384.58 6405.73 -8790.31
3.31258 0 0.450603 -2384.58 6405.75 -8790.33
3.32256 0 0.450946 -2384.58 6405.67 -8790.26
3.33254 0 0.451285 -2384.58 6405.53 -8790.11
3.34251 0 0.451622 -2384.58 6405.31 -8789.89
3.35249 0 0.451955 -2384.58 6405.03 -8789.61
3.36247 0 0.452286 -2384.58 6404.69 -8789.27
3.37245 0 0.452613 -2384.58 6404.31 -8788.89
3.38242 0 0.452938 -2384.58 6403.9 -8788.48
3.3924 0 0.45326 -2384.58 6403.45 -8788.03
3.40238 0 0.453578 -2384.58 6402.99 -8787.57
3.41236 0 0.453894 -2384.58 6402.52 -8787.1
3.42234 0 0.454206 -2384.58 6402.05 -8786.63
3.43231 0 0.454515 -2384.57 6401.59 -8786.17
3.44229 0 0.454822 -2384.57 6401.16 -8785.73
3.45227 0 0.455125 -2384.57 6400.75 -8785.32
3.46225 0 0.455425 -2384.57 6400.39 -8784.96
3.47222 0 0.455722 -2384.57 6400.07 -8784.64
3.4822 0 0.456016 -2384.57 6399.82 -8784.39
3.49218 0 0.456307 -2384.57 6399.64 -8784.21
3.50216 0 0.456595 -2384.57 6399.55 -8784.12
3.51213 0 0.45688 -2384.57 6399.54 -8784.11
3.52211 0 0.457161 -2384.57 6399.64 -8784.21
3.53209 0 0.45744 -2384.57 6399.86 -8784.42
3.54207 0 0.457715 -2384.57 6400.19 -8784.76
3.55204 0 0.457988 -2384.57 6400.66 -8785.22
3.56202 0 0.458257 -2384.57 6401.26 -8785.83
3.572 0 0.458523 -2384.57 6402.01 -8786.57
3.58198 0 0.458786 -2384.57 6402.91 -8787.47
3.59196 0 0.459046 -2384.57 6403.97 -8788.53
3.60193 0 0.459302 -2384.57 6405.19 -8789.76
3.61191 0 0.459556 -2384.57 6406.58 -8791.15
3.62189 0 0.459807 -2384.56 6408.15 -8792.72
3.63187 0 0.460054 -2384.56 6409.89 -8794.46
3.64184 0 0.460299 -2384.56 6411.81 -8796.38
3.65182 0 0.460541 -2384.56 6413.91 -8798.47
3.6618 0 0.460779 -2384.57 6416.19 -8800.75
3.67178 0 0.461015 -2384.57 6418.64 -8803.21
3.68175 0 0.461248 -2384.57 6421.27 -8805.84
3.69173 0 0.461477 -2384.57 6424.08 -8808.65
3.70171 0 0.461704 -2384.57 6427.06 -8811.62
3.71169 0 0.461928 -2384.57 6430.2 -8814.77
3.72166 0 0.46215 -2384.57 6433.51 -8818.08
3.73164 0 0.462368 -2384.57 6436.98 -8821.54
3.74162 0 0.462584 -2384.57 6440.59 -8825.16
3.7516 0 0.462797 -2384.57 6444.35 -8828.92
3.76158 0 0.463008 -2384.57 6448.25 -8832.82
3.77155 0 0.463216 -2384.57 6452.28 -8836.85
3.78153 0 0.463422 -2384.57 6456.43 -8841
3.79151 0 0.463625 -2384.57 6460.69 -8845.26
3.80149 0 0.463825 -2384.57 6465.07 -8849.64
3.81146 0 0.464023 -2384.57 6469.54 -8854.11
3.82144 0 0.464219 -2384.57 6474.1 -8858.67
3.83142 0 0.464413 -2384.57 6478.75 -8863.32
3.8414 0 0.464604 -2384.57 6483.46 -8868.04
3.85137 0 0.464793 -2384.57 6488.25 -8872.82
3.86135 0 0.46498 -2384.57 6493.09 -8877.67
3.87133 0 0.465165 -2384.57 6497.99 -8882.56
3.88131 0 0.465348 -2384.57 6502.93 -8887.51
3.89128 0 0.465529 -2384.57 6507.91 -8892.49
3.90126 0 0.465709 -2384.57 6512.93 -8897.5
3.91124 0 0.465886 -2384.58 6517.97 -8902.54
3.92122 0 0.466062 -2384.58 6523.03 -8907.6
3.9312 0 0.466236 -2384.58 6528.1 -8912.68
3.94117 0 0.466408 -2384.58 6533.19 -8917.76
3.95115 0 0.466579 -2384.58 6538.28 -8922.85
3.96113 0 0.466748 -2384.58 6543.37 -8927.95
3.97111 0 0.466915 -2384.58 6548.46 -8933.04
3.98108 0 0.467082 -2384.58 6553.55 -8938.12
3.99106 0 0.467247 -2384.58 6558.62 -8943.2
4.00104 0 0.46741 -2384.58 6563.68 -8948.26
4.01102 0 0.467572 -2384.58 6568.72 -8953.3
4.02099 0 0.467734 -2384.58 6573.74 -8958.32
4.03097 0 0.467894 -2384.58 6578.74 -8963.32
4.04095 0 0.468053 -2384.58 6583.7 -8968.28
4.05093 0 0.468211 -2384.58 6588.64 -8973.22
4.0609 0 0.468368 -2384.58 6593.54 -8978.12
4.07088 0 0.468524 -2384.58 6598.4 -8982.98
4.08086 0 0.468679 -2384.58 6603.22 -8987.8
4.09084 0 0.468833 -2384.58 6608 -8992.58
4.10082 0 0.468987 -2384.58 6612.73 -8997.31
4.11079 0 0.46914 -2384.58 6617.41 -9001.99
4.12077 0 0.469292 -2384.58 6622.03 -9006.61
4.13075 0 0.469444 -2384.58 6626.59 -9011.17
4.14073 0 0.469595 -2384.58 6631.09 -9015.67
4.1507 0 0.469746 -2384.58 6635.53 -9020.11
4.16068 0 0.469897 -2384.58 6639.9 -9024.48
4.17066 0 0.470047 -2384.58 6644.2 -9028.78
4.18064 0 0.470196 -2384.58 6648.42 -9033
4.19061 0 0.470346 -2384.58 6652.57 -9037.15
4.20059 0 0.470495 -2384.58 6656.64 -9041.22
4.21057 0 0.470644 -2384.58 6660.62 -9045.2
4.22055 0 0.470793 -2384.58 6664.52 -9049.1
4.23053 0 0.470942 -2384.58 6668.33 -9052.91
4.2405 0 0.47109 -2384.58 6672.05 -9056.63
4.25048 0 0.471239 -2384.58 6675.67 -9060.25
4.26046 0 0.471388 -2384.58 6679.19 -9063.77
4.27044 0 0.471537 -2384.58 6682.6 -9067.19
4.28041 0 0.471686 -2384.58 6685.91 -9070.5
4.29039 0 0.471835 -2384.58 6689.11 -9073.69
4.30037 0 0.471984 -2384.58 6692.19 -9076.77
4.31035 0 0.472134 -2384.58 6695.15 -9079.73
4.32032 0 0.472284 -2384.58 6697.98 -9082.57
4.3303 0 0.472434 -2384.59 6700.68 -9085.27
4.34028 0 0.472585 -2384.59 6703.25 -9087.84
4.35026 0 0.472736 -2384.59 6705.67 -9090.26
4.36023 0 0.472887 -2384.59 6707.95 -9092.54
4.37021 0 0.473039 -2384.59 6710.07 -9094.66
4.38019 0 0.473191 -2384.59 6712.03 -9096.62
4.39017 0 0.473344 -2384.59 6713.83 -9098.42
4.40015 0 0.473498 -2384.59 6715.45 -9100.04
4.41012 0 0.473651 -2384.59 6716.9 -9101.49
4.4201 0 0.473806 -2384.59 6718.16 -9102.75
4.43008 0 0.473961 -2384.59 6719.24 -9103.83
4.44006 0 0.474116 -2384.59 6720.12 -9104.71
4.45003 0 0.474273 -2384.59 6720.8 -9105.39
4.46001 0 0.474429 -2384.59 6721.27 -9105.86
4.46999 0 0.474587 -2384.59 6721.54 -9106.13
4.47997 0 0.474745 -2384.59 6721.6 -9106.19
4.48994 0 0.474904 -2384.59 6721.45 -9106.04
4.49992 0 0.475063 -2384.59 6721.08 -9105.67
4.5099 0 0.475223 -2384.59 6720.49 -9105.08
4.51988 0 0.475383 -2384.59 6719.69 -9104.28
4.52985 0 0.475544 -2384.59 6718.67 -9103.26
4.53983 0 0.475706 -2384.59 6717.43 -9102.02
4.54981 0 0.475868 -2384.59 6715.99 -9100.58
4.55979 0 0.47603 -2384.59 6714.33 -9098.92
4.56977 0 0.476194 -2384.59 6712.47 -9097.06
4.57974 0 0.476357 -2384.59 6710.41 -9095
4.58972 0 0.476521 -2384.59 6708.15 -9092.74
4.5997 0 0.476686 -2384.59 6705.71 -9090.3
4.60968 0 0.47685 -2384.59 6703.09 -9087.68
4.61965 0 0.477016 -2384.59 6700.29 -9084.88
4.62963 0 0.477181 -2384.59 6697.34 -9081.93
4.63961 0 0.477347 -2384.59 6694.24 -9078.82
4.64959 0 0.477513 -2384.59 6690.99 -9075.58
4.65956 0 0.477679 -2384.59 6687.62 -9072.21
4.66954 0 0.477845 -2384.59 6684.14 -9068.72
4.67952 0 0.478011 -2384.58 6680.54 -9065.13
4.6895 0 0.478177 -2384.58 6676.86 -9061.44
4.69947 0 0.478343 -2384.58 6673.1 -9057.68
4.70945 0 0.478509 -2384.58 6669.27 -9053.85
4.71943 0 0.478674 -2384.58 6665.38 -9049.96
4.72941 0 0.47884 -2384.58 6661.45 -9046.03
4.73939 0 0.479005 -2384.58 6657.49 -9042.07
4.74936 0 0.47917 -2384.58 6653.51 -9038.09
4.75934 0 0.479334 -2384.58 6649.52 -9034.1
4.76932 0 0.479498 -2384.58 6645.52 -9030.1
4.7793 0 0.479662 -2384.58 6641.54 -9026.12
4.78927 0 0.479824 -2384.58 6637.57 -9022.15
4.79925 0 0.479987 -2384.58 6633.62 -9018.2
4.80923 0 0.480148 -2384.58 6629.71 -9014.29
4.81921 0 0.480309 -2384.58 6625.83 -9010.41
4.82918 0 0.480469 -2384.58 6622 -9006.57
4.83916 0 0.480628 -2384.58 6618.21 -9002.79
4.84914 0 0.480786 -2384.58 6614.47 -8999.05
4.85912 0 0.480943 -2384.58 6610.79 -8995.37
4.86909 0 0.481099 -2384.58 6607.17 -8991.75
4.87907 0 0.481254 -2384.58 6603.61 -8988.19
4.88905 0 0.481408 -2384.58 6600.12 -8984.69
4.89903 0 0.481561 -2384.58 6596.69 -8981.27
4.90901 0 0.481712 -2384.58 6593.34 -8977.91
4.91898 0 0.481863 -2384.58 6590.05 -8974.63
4.92896 0 0.482012 -2384.58 6586.85 -8971.43
4.93894 0 0.482159 -2384.58 6583.73 -8968.31
4.94892 0 0.482306 -2384.58 6580.69 -8965.27
4.95889 0 0.48245 -2384.58 6577.74 -8962.32
4.96887 0 0.482594 -2384.58 6574.88 -8959.46
4.97885 0 0.482736 -2384.58 6572.12 -8956.69
4.98883 0 0.482876 -2384.57 6569.46 -8954.03
4.9988 0 0.483015 -2384.57 6566.9 -8951.48
5.00878 0 0.483152 -2384.57 6564.46 -8949.03
5.01876 0 0.483287 -2384.57 6562.13 -8946.7
5.02874 0 0.483421 -2384.57 6559.92 -8944.49
5.03872 0 0.483553 -2384.57 6557.84 -8942.41
5.04869 0 0.483683 -2384.57 6555.89 -8940.46
5.05867 0 0.483811 -2384.57 6554.08 -8938.65
5.06865 0 0.483938 -2384.57 6552.41 -8936.98
5.07863 0 0.484063 -2384.57 6550.89 -8935.46
5.0886 0 0.484186 -2384.57 6549.52 -8934.1
5.09858 0 0.484307 -2384.57 6548.31 -8932.88
5.10856 0 0.484426 -2384.57 6547.26 -8931.83
5.11854 0 0.484543 -2384.57 6546.37 -8930.94
5.12851 0 0.484658 -2384.57 6545.65 -8930.22
5.13849 0 0.484772 -2384.57 6545.09 -8929.66
5.14847 0 0.484883 -2384.57 6544.71 -8929.28
5.15845 0 0.484992 -2384.57 6544.49 -8929.06
5.16842 0 0.4851 -2384.57 6544.43 -8929
5.1784 0 0.485206 -2384.57 6544.54 -8929.12
5.18838 0 0.485309 -2384.57 6544.82 -8929.39
5.19836 0 0.485411 -2384.57 6545.25 -8929.83
5.20834 0 0.48551 -2384.57 6545.85 -8930.42
5.21831 0 0.485608 -2384.57 6546.59 -8931.16
5.22829 0 0.485704 -2384.57 6547.48 -8932.05
5.23827 0 0.485797 -2384.57 6548.5 -8933.08
5.24825 0 0.485889 -2384.57 6549.66 -8934.24
5.25822 0 0.485979 -2384.57 6550.95 -8935.52
5.2682 0 0.486067 -2384.57 6552.35 -8936.93
5.27818 0 0.486153 -2384.57 6553.87 -8938.44
5.28816 0 0.486238 -2384.58 6555.48 -8940.06
5.29813 0 0.48632 -2384.58 6557.19 -8941.77
5.30811 0 0.486401 -2384.58 6558.99 -8943.56
5.31809 0 0.48648 -2384.58 6560.86 -8945.43
5.32807 0 0.486557 -2384.58 6562.79 -8947.37
5.33804 0 0.486632 -2384.58 6564.79 -8949.37
5.34802 0 0.486705 -2384.58 6566.84 -8951.42
5.358 0 0.486777 -2384.58 6568.92 -8953.5
5.36798 0 0.486847 -2384.58 6571.05 -8955.63
5.37796 0 0.486916 -2384.58 6573.19 -8957.77
5.38793 0 0.486983 -2384.58 6575.36 -8959.94
5.39791 0 0.487048 -2384.58 6577.53 -8962.11
5.40789 0 0.487112 -2384.58 6579.71 -8964.29
5.41787 0 0.487174 -2384.58 6581.88 -8966.46
5.42784 0 0.487234 -2384.58 6584.04 -8968.62
5.43782 0 0.487293 -2384.58 6586.18 -8970.76
5.4478 0 0.487351 -2384.58 6588.3 -8972.88
5.45778 0 0.487407 -2384.58 6590.39 -8974.98
5.46775 0 0.487461 -2384.58 6592.45 -8977.03
5.47773 0 0.487515 -2384.58 6594.47 -8979.06
5.48771 0 0.487566 -2384.58 6596.45 -8981.03
5.49769 0 0.487617 -2384.58 6598.38 -8982.97
5.50766 0 0.487666 -2384.58 6600.27 -8984.85
5.51764 0 0.487714 -2384.58 6602.1 -8986.68
5.52762 0 0.48776 -2384.58 6603.88 -8988.46
5.5376 0 0.487805 -2384.58 6605.6 -8990.19
5.54758 0 0.487849 -2384.58 6607.28 -8991.86
5.55755 0 0.487891 -2384.58 6608.89 -8993.48
5.56753 0 0.487932 -2384.58 6610.45 -8995.04
5.57751 0 0.487972 -2384.58 6611.96 -8996.54
5.58749 0 0.488011 -2384.58 6613.42 -8998
5.59746 0 0.488048 -2384.58 6614.82 -8999.41
5.60744 0 0.488085 -2384.58 6616.18 -9000.77
5.61742 0 0.48812 -2384.58 6617.5 -9002.09
5.6274 0 0.488153 -2384.58 6618.79 -9003.37
5.63737 0 0.488186 -2384.58 6620.03 -9004.62
5.64735 0 0.488217 -2384.58 6621.26 -9005.84
5.65733 0 0.488247 -2384.58 6622.45 -9007.04
5.66731 0 0.488276 -2384.58 6623.64 -9008.22
5.67728 0 0.488304 -2384.58 6624.81 -9009.39
5.68726 0 0.488331 -2384.58 6625.97 -9010.56
5.69724 0 0.488356 -2384.58 6627.15 -9011.73
5.70722 0 0.488381 -2384.58 6628.33 -9012.91
5.7172 0 0.488404 -2384.58 6629.52 -9014.1
5.72717 0 0.488426 -2384.58 6630.74 -9015.32
5.73715 0 0.488446 -2384.58 6631.99 -9016.57
5.74713 0 0.488466 -2384.58 6633.27 -9017.85
5.75711 0 0.488485 -2384.58 6634.59 -9019.17
5.76708 0 0.488502 -2384.58 6635.96 -9020.54
5.77706 0 0.488518 -2384.58 6637.38 -9021.96
5.78704 0 0.488533 -2384.58 6638.86 -9023.44
5.79702 0 0.488547 -2384.58 6640.4 -9024.98
5.80699 0 0.48856 -2384.58 6642 -9026.58
5.81697 0 0.488572 -2384.58 6643.68 -9028.25
5.82695 0 0.488583 -2384.58 6645.42 -9030
5.83693 0 0.488592 -2384.58 6647.24 -9031.81
5.8469 0 0.488601 -2384.58 6649.13 -9033.71
5.85688 0 0.488609 -2384.58 6651.1 -9035.68
5.86686 0 0.488615 -2384.58 6653.15 -9037.73
5.87684 0 0.488621 -2384.58 6655.27 -9039.85
5.88682 0 0.488625 -2384.58 6657.48 -9042.06
5.89679 0 0.488629 -2384.58 6659.76 -9044.34
5.90677 0 0.488632 -2384.58 6662.12 -9046.69
5.91675 0 0.488634 -2384.58 6664.55 -9049.13
5.92673 0 0.488635 -2384.58 6667.06 -9051.63
5.9367 0 0.488635 -2384.58 6669.64 -9054.21
5.94668 0 0.488634 -2384.58 6672.29 -9056.86
5.95666 0 0.488633 -2384.58 6675.01 -9059.58
5.96664 0 0.48863 -2384.58 6677.79 -9062.37
5.97661 0 0.488628 -2384.58 6680.64 -9065.22
5.98659 0 0.488624 -2384.58 6683.55 -9068.13
5.99657 0 0.488619 -2384.58 6686.52 -9071.1
6.00655 0 0.488614 -2384.58 6689.54 -9074.12
6.01653 0 0.488609 -2384.58 6692.62 -9077.19
6.0265 0 0.488603 -2384.58 6695.74 -9080.32
6.03648 0 0.488596 -2384.58 6698.91 -9083.49
6.04646 0 0.488589 -2384.58 6702.12 -9086.7
6.05644 0 0.488581 -2384.58 6705.38 -9089.96
6.06641 0 0.488573 -2384.58 6708.67 -9093.24
6.07639 0 0.488565 -2384.58 6711.99 -9096.56
6.08637 0 0.488556 -2384.58 6715.33 -9099.91
6.09635 0 0.488547 -2384.58 6718.7 -9103.28
6.10632 0 0.488538 -2384.58 6722.1 -9106.68
6.1163 0 0.488528 -2384.58 6725.51 -9110.09
6.12628 0 0.488519 -2384.58 6728.93 -9113.51
6.13626 0 0.488509 -2384.58 6732.35 -9116.93
6.14623 0 0.488499 -2384.58 6735.78 -9120.36
6.15621 0 0.488489 -2384.58 6739.2 -9123.79
6.16619 0 0.48848 -2384.58 6742.62 -9127.2
6.17617 0 0.48847 -2384.58 6746.02 -9130.6
6.18615 0 0.48846 -2384.58 6749.4 -9133.98
6.19612 0 0.488451 -2384.58 6752.74 -9137.32
6.2061 0 0.488442 -2384.58 6756.05 -9140.64
6.21608 0 0.488433 -2384.58 6759.32 -9143.9
6.22606 0 0.488424 -2384.58 6762.53 -9147.12
6.23603 0 0.488415 -2384.58 6765.69 -9150.27
6.24601 0 0.488407 -2384.58 6768.77 -9153.35
6.25599 0 0.4884 -2384.58 6771.78 -9156.36
6.26597 0 0.488393 -2384.58 6774.69 -9159.28
6.27594 0 0.488386 -2384.59 6777.52 -9162.1
6.28592 0 0.48838 -2384.59 6780.23 -9164.82
6.2959 0 0.488375 -2384.59 6782.83 -9167.42
6.30588 0 0.48837 -2384.59 6785.31 -9169.9
6.31585 0 0.488366 -2384.59 6787.67 -9172.25
6.32583 0 0.488362 -2384.59 6789.88 -9174.47
6.33581 0 0.48836 -2384.59 6791.95 -9176.54
6.34579 0 0.488358 -2384.59 6793.87 -9178.45
6.35577 0 0.488357 -2384.59 6795.63 -9180.21
6.36574 0 0.488356 -2384.59 6797.23 -9181.82
6.37572 0 0.488357 -2384.59 6798.66 -9183.25
6.3857 0 0.488358 -2384.59 6799.93 -9184.52
6.39568 0 0.48836 -2384.59 6801.03 -9185.62
6.40565 0 0.488363 -2384.59 6801.96 -9186.55
6.41563 0 0.488367 -2384.59 6802.72 -9187.31
6.42561 0 0.488372 -2384.59 6803.31 -9187.9
6.43559 0 0.488378 -2384.59 6803.74 -9188.33
6.44556 0 0.488385 -2384.59 6804.01 -9188.6
6.45554 0 0.488393 -2384.59 6804.12 -9188.71
6.46552 0 0.488401 -2384.59 6804.09 -9188.67
6.4755 0 0.488411 -2384.59 6803.91 -9188.49
6.48547 0 0.488421 -2384.59 6803.59 -9188.18
6.49545 0 0.488432 -2384.58 6803.16 -9187.74
6.50543 0 0.488444 -2384.58 6802.6 -9187.18
6.51541 0 0.488458 -2384.58 6801.94 -9186.52
6.52539 0 0.488472 -2384.58 6801.18 -9185.76
6.53536 0 0.488486 -2384.58 6800.33 -9184.92
6.54534 0 0.488502 -2384.58 6799.42 -9184
6.55532 0 0.488518 -2384.58 6798.44 -9183.02
6.5653 0 0.488536 -2384.58 6797.41 -9181.99
6.57527 0 0.488554 -2384.58 6796.35 -9180.93
6.58525 0 0.488573 -2384.58 6795.26 -9179.84
6.59523 0 0.488592 -2384.58 6794.16 -9178.73
6.60521 0 0.488612 -2384.58 6793.05 -9177.62
6.61518 0 0.488633 -2384.57 6791.95 -9176.52
6.62516 0 0.488655 -2384.57 6790.87 -9175.44
6.63514 0 0.488677 -2384.57 6789.82 -9174.39
6.64512 0 0.4887 -2384.57 6788.8 -9173.38
6.65509 0 0.488724 -2384.57 6787.83 -9172.41
6.66507 0 0.488748 -2384.57 6786.92 -9171.49
6.67505 0 0.488772 -2384.57 6786.06 -9170.63
6.68503 0 0.488798 -2384.57 6785.27 -9169.84
6.69501 0 0.488824 -2384.57 6784.55 -9169.12
6.70498 0 0.48885 -2384.57 6783.89 -9168.46
6.71496 0 0.488877 -2384.57 6783.32 -9167.89
6.72494 0 0.488904 -2384.57 6782.81 -9167.38
6.73492 0 0.488932 -2384.57 6782.39 -9166.96
6.74489 0 0.48896 -2384.57 6782.03 -9166.6
6.75487 0 0.488989 -2384.57 6781.75 -9166.32
6.76485 0 0.489019 -2384.57 6781.54 -9166.11
6.77483 0 0.489048 -2384.57 6781.4 -9165.97
6.7848 0 0.489079 -2384.57 6781.32 -9165.89
6.79478 0 0.489109 -2384.57 6781.29 -9165.87
6.80476 0 0.489141 -2384.57 6781.32 -9165.9
6.81474 0 0.489172 -2384.57 6781.4 -9165.97
6.82472 0 0.489204 -2384.57 6781.52 -9166.09
6.83469 0 0.489237 -2384.57 6781.67 -9166.24
6.84467 0 0.48927 -2384.57 6781.85 -9166.42
6.85465 0 0.489303 -2384.58 6782.05 -9166.62
6.86463 0 0.489337 -2384.58 6782.27 -9166.84
6.8746 0 0.489371 -2384.58 6782.5 -9167.07
6.88458 0 0.489406 -2384.58 6782.73 -9167.31
6.89456 0 0.489441 -2384.58 6782.96 -9167.54
6.90454 0 0.489477 -2384.58 6783.19 -9167.77
6.91451 0 0.489513 -2384.58 6783.41 -9167.99
6.92449 0 0.489549 -2384.58 6783.61 -9168.19
6.93447 0 0.489586 -2384.58 6783.8 -9168.38
6.94445 0 0.489623 -2384.58 6783.97 -9168.55
6.95442 0 0.489661 -2384.58 6784.11 -9168.69
6.9644 0 0.489699 -2384.58 6784.23 -9168.81
6.97438 0 0.489738 -2384.58 6784.33 -9168.91
6.98436 0 0.489777 -2384.58 6784.4 -9168.97
6.99434 0 0.489817 -2384.58 6784.44 -9169.02
7.00431 0 0.489856 -2384.58 6784.45 -9169.03
7.01429 0 0.489897 -2384.58 6784.43 -9169.01
7.02427 0 0.489937 -2384.58 6784.39 -9168.97
7.03425 0 0.489978 -2384.58 6784.32 -9168.9
7.04422 0 0.49002 -2384.58 6784.22 -9168.8
7.0542 0 0.490062 -2384.58 6784.1 -9168.67
7.06418 0 0.490104 -2384.58 6783.95 -9168.52
7.07416 0 0.490147 -2384.58 6783.77 -9168.35
7.08413 0 0.49019 -2384.58 6783.57 -9168.15
7.09411 0 0.490233 -2384.58 6783.34 -9167.92
7.10409 0 0.490277 -2384.58 6783.09 -9167.67
7.11407 0 0.490321 -2384.58 6782.82 -9167.4
7.12404 0 0.490365 -2384.58 6782.52 -9167.1
7.13402 0 0.49041 -2384.58 6782.2 -9166.77
7.144 0 0.490455 -2384.58 6781.85 -9166.42
7.15398 0 0.4905 -2384.58 6781.47 -9166.04
7.16396 0 0.490546 -2384.58 6781.06 -9165.64
7.17393 0 0.490592 -2384.58 6780.62 -9165.2
7.18391 0 0.490638 -2384.58 6780.15 -9164.73
7.19389 0 0.490684 -2384.58 6779.64 -9164.22
7.20387 0 0.490731 -2384.58 6779.1 -9163.68
7.21384 0 0.490778 -2384.58 6778.52 -9163.09
7.22382 0 0.490825 -2384.58 6777.89 -9162.47
7.2338 0 0.490872 -2384.58 6777.21 -9161.79
7.24378 0 0.49092 -2384.58 6776.49 -9161.07
7.25375 0 0.490968 -2384.58 6775.71 -9160.29
7.26373 0 0.491016 -2384.58 6774.87 -9159.45
7.27371 0 0.491064 -2384.58 6773.97 -9158.55
7.28369 0 0.491113 -2384.58 6773.01 -9157.59
7.29366 0 0.491161 -2384.58 6771.98 -9156.56
7.30364 0 0.49121 -2384.58 6770.88 -9155.46
7.31362 0 0.491259 -2384.58 6769.7 -9154.28
7.3236 0 0.491308 -2384.58 6768.45 -9153.03
7.33358 0 0.491357 -2384.58 6767.12 -9151.7
7.34355 0 0.491406 -2384.58 6765.71 -9150.29
7.35353 0 0.491456 -2384.58 6764.22 -9148.8
7.36351 0 0.491505 -2384.58 6762.64 -9147.22
7.37349 0 0.491555 -2384.58 6760.99 -9145.57
7.38346 0 0.491604 -2384.58 6759.24 -9143.82
7.39344 0 0.491653 -2384.58 6757.42 -9142
7.40342 0 0.491703 -2384.58 6755.51 -9140.09
7.4134 0 0.491752 -2384.58 6753.52 -9138.1
7.42337 0 0.491802 -2384.58 6751.45 -9136.03
7.43335 0 0.491851 -2384.58 6749.3 -9133.88
7.44333 0 0.4919 -2384.58 6747.08 -9131.66
7.45331 0 0.491949 -2384.58 6744.78 -9129.36
7.46328 0 0.491998 -2384.58 6742.42 -9127
7.47326 0 0.492046 -2384.58 6740 -9124.58
7.48324 0 0.492095 -2384.58 6737.52 -9122.09
7.49322 0 0.492143 -2384.58 6734.97 -9119.55
7.5032 0 0.49219 -2384.58 6732.38 -9116.96
7.51317 0 0.492238 -2384.58 6729.74 -9114.32
7.52315 0 0.492285 -2384.58 6727.06 -9111.64
7.53313 0 0.492332 -2384.58 6724.34 -9108.92
7.54311 0 0.492378 -2384.58 6721.59 -9106.17
7.55308 0 0.492424 -2384.58 6718.81 -9103.38
7.56306 0 0.492469 -2384.58 6716 -9100.58
7.57304 0 0.492514 -2384.58 6713.18 -9097.75
7.58302 0 0.492558 -2384.58 6710.34 -9094.91
7.59299 0 0.492602 -2384.58 6707.48 -9092.06
7.60297 0 0.492645 -2384.58 6704.63 -9089.2
7.61295 0 0.492687 -2384.58 6701.76 -9086.34
7.62293 0 0.492729 -2384.58 6698.9 -9083.48
7.6329 0 0.49277 -2384.57 6696.04 -9080.62
7.64288 0 0.49281 -2384.57 6693.19 -9077.76
7.65286 0 0.49285 -2384.57 6690.34 -9074.92
7.66284 0 0.492888 -2384.57 6687.51 -9072.08
7.67282 0 0.492926 -2384.57 6684.69 -9069.26
7.68279 0 0.492963 -2384.57 6681.89 -9066.46
7.69277 0 0.492999 -2384.57 6679.1 -9063.68
7.70275 0 0.493033 -2384.57 6676.34 -9060.91
7.71273 0 0.493067 -2384.57 6673.6 -9058.17
7.7227 0 0.4931 -2384.57 6670.88 -9055.45
7.73268 0 0.493132 -2384.57 6668.19 -9052.76
7.74266 0 0.493163 -2384.57 6665.53 -9050.1
7.75264 0 0.493192 -2384.57 6662.9 -9047.47
7.76261 0 0.493221 -2384.57 6660.31 -9044.88
7.77259 0 0.493248 -2384.57 6657.75 -9042.32
7.78257 0 0.493274 -2384.57 6655.23 -9039.8
7.79255 0 0.493299 -2384.57 6652.75 -9037.32
7.80253 0 0.493323 -2384.57 6650.31 -9034.88
7.8125 0 0.493345 -2384.57 6647.93 -9032.5
7.82248 0 0.493366 -2384.57 6645.59 -9030.16
7.83246 0 0.493385 -2384.57 6643.31 -9027.88
7.84244 0 0.493403 -2384.57 6641.09 -9025.66
7.85241 0 0.49342 -2384.57 6638.93 -9023.5
7.86239 0 0.493436 -2384.57 6636.83 -9021.41
7.87237 0 0.493449 -2384.57 6634.81 -9019.38
7.88235 0 0.493462 -2384.57 6632.86 -9017.43
7.89232 0 0.493473 -2384.57 6630.99 -9015.56
7.9023 0 0.493482 -2384.57 6629.21 -9013.78
7.91228 0 0.49349 -2384.57 6627.51 -9012.08
7.92226 0 0.493496 -2384.57 6625.9 -9010.47
7.93223 0 0.493501 -2384.57 6624.38 -9008.95
7.94221 0 0.493504 -2384.57 6622.97 -9007.54
7.95219 0 0.493505 -2384.57 6621.65 -9006.22
7.96217 0 0.493505 -2384.57 6620.45 -9005.01
7.97215 0 0.493503 -2384.57 6619.34 -9003.91
7.98212 0 0.493499 -2384.57 6618.35 -9002.92
7.9921 0 0.493494 -2384.57 6617.48 -9002.05
8.00208 0 0.493487 -2384.57 6616.71 -9001.28
8.01206 0 0.493479 -2384.57 6616.07 -9000.63
8.02203 0 0.493468 -2384.57 6615.54 -9000.1
8.03201 0 0.493456 -2384.57 6615.12 -8999.69
8.04199 0 0.493443 -2384.57 6614.83 -8999.4
8.05197 0 0.493427 -2384.57 6614.65 -8999.22
8.06194 0 0.49341 -2384.57 6614.59 -8999.16
8.07192 0 0.493392 -2384.57 6614.65 -8999.22
8.0819 0 0.493371 -2384.57 6614.82 -8999.39
8.09188 0 0.493349 -2384.57 6615.11 -8999.68
8.10185 0 0.493326 -2384.57 6615.51 -9000.08
8.11183 0 0.4933 -2384.57 6616.03 -9000.6
8.12181 0 0.493273 -2384.57 6616.65 -9001.22
8.13179 0 0.493245 -2384.57 6617.38 -9001.95
8.14177 0 0.493214 -2384.57 6618.21 -9002.78
8.15174 0 0.493183 -2384.57 6619.15 -9003.72
8.16172 0 0.493149 -2384.57 6620.18 -9004.75
8.1717 0 0.493114 -2384.57 6621.31 -9005.89
8.18168 0 0.493078 -2384.57 6622.54 -9007.11
8.19165 0 0.49304 -2384.57 6623.85 -9008.42
8.20163 0 0.493 -2384.57 6625.24 -9009.81
8.21161 0 0.492959 -2384.57 6626.72 -9011.29
8.22159 0 0.492917 -2384.57 6628.27 -9012.84
8.23156 0 0.492873 -2384.57 6629.89 -9014.46
8.24154 0 0.492827 -2384.57 6631.58 -9016.15
8.25152 0 0.492781 -2384.57 6633.33 -9017.9
8.2615 0 0.492733 -2384.57 6635.14 -9019.71
8.27147 0 0.492683 -2384.57 6637 -9021.57
8.28145 0 0.492633 -2384.57 6638.9 -9023.47
8.29143 0 0.492581 -2384.57 6640.84 -9025.42
8.30141 0 0.492528 -2384.57 6642.82 -9027.4
8.31139 0 0.492473 -2384.57 6644.83 -9029.41
8.32136 0 0.492418 -2384.57 6646.86 -9031.44
8.33134 0 0.492361 -2384.58 6648.91 -9033.49
8.34132 0 0.492304 -2384.58 6650.97 -9035.55
8.3513 0 0.492245 -2384.58 6653.04 -9037.62
8.36127 0 0.492185 -2384.58 6655.11 -9039.69
8.37125 0 0.492124 -2384.58 6657.17 -9041.75
8.38123 0 0.492062 -2384.58 6659.23 -9043.8
8.39121 0 0.491999 -2384.58 6661.27 -9045.84
8.40118 0 0.491936 -2384.58 6663.29 -9047.86
8.41116 0 0.491871 -2384.58 6665.28 -9049.86
8.42114 0 0.491806 -2384.58 6667.25 -9051.83
8.43112 0 0.491739 -2384.58 6669.18 -9053.76
8.44109 0 0.491672 -2384.58 6671.08 -9055.66
8.45107 0 0.491604 -2384.58 6672.93 -9057.51
8.46105 0 0.491536 -2384.58 6674.74 -9059.32
8.47103 0 0.491466 -2384.58 6676.5 -9061.08
8.48101 0 0.491396 -2384.58 6678.21 -9062.79
8.49098 0 0.491325 -2384.58 6679.86 -9064.44
8.50096 0 0.491254 -2384.58 6681.46 -9066.04
8.51094 0 0.491182 -2384.58 6683 -9067.58
8.52092 0 0.491109 -2384.58 6684.48 -9069.06
8.53089 0 0.491036 -2384.58 6685.9 -9070.48
8.54087 0 0.490962 -2384.58 6687.25 -9071.83
8.55085 0 0.490887 -2384.58 6688.55 -9073.13
8.56083 0 0.490812 -2384.58 6689.78 -9074.36
8.5708 0 0.490737 -2384.58 6690.95 -9075.53
8.58078 0 0.490661 -2384.58 6692.06 -9076.64
8.59076 0 0.490584 -2384.58 6693.11 -9077.69
8.60074 0 0.490507 -2384.58 6694.1 -9078.68
8.61072 0 0.49043 -2384.58 6695.04 -9079.62
8.62069 0 0.490352 -2384.58 6695.92 -9080.5
8.63067 0 0.490273 -2384.58 6696.75 -9081.33
8.64065 0 0.490195 -2384.58 6697.53 -9082.11
8.65063 0 0.490115 -2384.58 6698.26 -9082.84
8.6606 0 0.490035 -2384.58 6698.96 -9083.54
8.67058 0 0.489955 -2384.58 6699.61 -9084.19
8.68056 0 0.489875 -2384.58 6700.23 -9084.81
8.69054 0 0.489793 -2384.58 6700.82 -9085.4
8.70051 0 0.489712 -2384.58 6701.38 -9085.96
8.71049 0 0.48963 -2384.58 6701.91 -9086.49
8.72047 0 0.489548 -2384.58 6702.42 -9087
8.73045 0 0.489465 -2384.58 6702.92 -9087.5
8.74042 0 0.489382 -2384.58 6703.4 -9087.98
8.7504 0 0.489298 -2384.58 6703.87 -9088.45
8.76038 0 0.489214 -2384.58 6704.33 -9088.9
8.77036 0 0.489129 -2384.58 6704.78 -9089.36
8.78034 0 0.489044 -2384.58 6705.23 -9089.81
8.79031 0 0.488959 -2384.58 6705.68 -9090.26
8.80029 0 0.488873 -2384.58 6706.13 -9090.71
8.81027 0 0.488787 -2384.58 6706.59 -9091.16
8.82025 0 0.4887 -2384.58 6707.05 -9091.63
8.83022 0 0.488613 -2384.58 6707.52 -9092.09
8.8402 0 0.488526 -2384.58 6708 -9092.57
8.85018 0 0.488438 -2384.58 6708.48 -9093.06
8.86016 0 0.488349 -2384.58 6708.99 -9093.56
8.87013 0 0.488261 -2384.58 6709.5 -9094.08
8.88011 0 0.488171 -2384.58 6710.03 -9094.61
8.89009 0 0.488082 -2384.58 6710.57 -9095.15
8.90007 0 0.487991 -2384.58 6711.14 -9095.71
8.91004 0 0.487901 -2384.58 6711.72 -9096.29
8.92002 0 0.48781 -2384.58 6712.32 -9096.89
8.93 0 0.487718 -2384.58 6712.94 -9097.51
8.93998 0 0.487626 -2384.58 6713.58 -9098.15
8.94996 0 0.487534 -2384.58 6714.23 -9098.81
8.95993 0 0.487441 -2384.58 6714.91 -9099.49
8.96991 0 0.487348 -2384.58 6715.61 -9100.19
8.97989 0 0.487254 -2384.58 6716.33 -9100.91
8.98987 0 0.48716 -2384.58 6717.07 -9101.65
8.99984 0 0.487065 -2384.58 6717.83 -9102.4
9.00982 0 0.48697 -2384.58 6718.6 -9103.18
9.0198 0 0.486875 -2384.58 6719.4 -9103.97
9.02978 0 0.486779 -2384.58 6720.2 -9104.78
9.03975 0 0.486682 -2384.58 6721.03 -9105.6
9.04973 0 0.486586 -2384.58 6721.86 -9106.44
9.05971 0 0.486489 -2384.58 6722.7 -9107.28
9.06969 0 0.486391 -2384.58 6723.55 -9108.13
9.07966 0 0.486293 -2384.58 6724.41 -9108.99
9.08964 0 0.486195 -2384.58 6725.27 -9109.84
9.09962 0 0.486096 -2384.58 6726.12 -9110.7
9.1096 0 0.485997 -2384.58 6726.98 -9111.56
9.11958 0 0.485897 -2384.58 6727.83 -9112.4
9.12955 0 0.485797 -2384.58 6728.66 -9113.24
9.13953 0 0.485697 -2384.58 6729.49 -9114.07
9.14951 0 0.485596 -2384.58 6730.3 -9114.88
9.15949 0 0.485495 -2384.58 6731.09 -9115.67
9.16946 0 0.485394 -2384.58 6731.85 -9116.43
9.17944 0 0.485292 -2384.58 6732.59 -9117.17
9.18942 0 0.48519 -2384.58 6733.31 -9117.89
9.1994 0 0.485088 -2384.58 6733.99 -9118.57
9.20937 0 0.484985 -2384.58 6734.64 -9119.22
9.21935 0 0.484882 -2384.58 6735.26 -9119.84
9.22933 0 0.484779 -2384.58 6735.84 -9120.42
9.23931 0 0.484675 -2384.58 6736.39 -9120.97
9.24928 0 0.484571 -2384.58 6736.9 -9121.48
9.25926 0 0.484466 -2384.58 6737.37 -9121.95
9.26924 0 0.484362 -2384.58 6737.81 -9122.39
9.27922 0 0.484257 -2384.58 6738.21 -9122.79
9.2892 0 0.484151 -2384.58 6738.58 -9123.16
9.29917 0 0.484045 -2384.58 6738.92 -9123.5
9.30915 0 0.483939 -2384.58 6739.22 -9123.81
9.31913 0 0.483833 -2384.58 6739.51 -9124.09
9.32911 0 0.483726 -2384.58 6739.77 -9124.35
9.33908 0 0.483619 -2384.58 6740.02 -9124.6
9.34906 0 0.483511 -2384.58 6740.25 -9124.83
9.35904 0 0.483403 -2384.58 6740.47 -9125.05
9.36902 0 0.483295 -2384.58 6740.69 -9125.27
9.37899 0 0.483186 -2384.58 6740.92 -9125.49
9.38897 0 0.483077 -2384.58 6741.14 -9125.72
9.39895 0 0.482967 -2384.58 6741.39 -9125.96
9.40893 0 0.482858 -2384.58 6741.65 -9126.22
9.4189 0 0.482747 -2384.58 6741.93 -9126.51
9.42888 0 0.482636 -2384.58 6742.24 -9126.82
9.43886 0 0.482525 -2384.58 6742.59 -9127.17
9.44884 0 0.482414 -2384.58 6742.98 -9127.55
9.45882 0 0.482302 -2384.57 6743.41 -9127.98
9.46879 0 0.482189 -2384.57 6743.89 -9128.46
9.47877 0 0.482076 -2384.57 6744.42 -9129
9.48875 0 0.481963 -2384.57 6745.01 -9129.59
9.49873 0 0.481849 -2384.57 6745.66 -9130.24
9.5087 0 0.481735 -2384.57 6746.38 -9130.95
9.51868 0 0.48162 -2384.57 6747.15 -9131.73
9.52866 0 0.481505 -2384.57 6748 -9132.57
9.53864 0 0.48139 -2384.57 6748.91 -9133.48
9.54861 0 0.481274 -2384.57 6749.89 -9134.47
9.55859 0 0.481157 -2384.57 6750.94 -9135.52
9.56857 0 0.48104 -2384.57 6752.06 -9136.64
9.57855 0 0.480923 -2384.57 6753.25 -9137.82
9.58853 0 0.480805 -2384.57 6754.5 -9139.08
9.5985 0 0.480687 -2384.57 6755.82 -9140.39
9.60848 0 0.480569 -2384.57 6757.2 -9141.77
9.61846 0 0.48045 -2384.57 6758.63 -9143.21
9.62844 0 0.480331 -2384.57 6760.12 -9144.7
9.63841 0 0.480212 -2384.57 6761.66 -9146.24
9.64839 0 0.480092 -2384.57 6763.25 -9147.82
9.65837 0 0.479972 -2384.57 6764.87 -9149.44
9.66835 0 0.479851 -2384.58 6766.52 -9151.1
9.67832 0 0.47973 -2384.58 6768.2 -9152.78
9.6883 0 0.47961 -2384.58 6769.91 -9154.48
9.69828 0 0.479488 -2384.58 6771.62 -9156.2
9.70826 0 0.479367 -2384.58 6773.34 -9157.92
9.71823 0 0.479245 -2384.58 6775.07 -9159.64
9.72821 0 0.479124 -2384.58 6776.78 -9161.36
9.73819 0 0.479002 -2384.58 6778.48 -9163.06
9.74817 0 0.47888 -2384.58 6780.17 -9164.74
9.75815 0 0.478757 -2384.58 6781.82 -9166.4
9.76812 0 0.478635 -2384.58 6783.43 -9168.01
9.7781 0 0.478513 -2384.58 6785.01 -9169.59
9.78808 0 0.47839 -2384.58 6786.53 -9171.11
9.79806 0 0.478268 -2384.58 6788 -9172.58
9.80803 0 0.478145 -2384.58 6789.41 -9173.99
9.81801 0 0.478023 -2384.58 6790.76 -9175.34
9.82799 0 0.4779 -2384.58 6792.03 -9176.61
9.83797 0 0.477778 -2384.58 6793.23 -9177.81
9.84794 0 0.477655 -2384.58 6794.35 -9178.93
9.85792 0 0.477533 -2384.58 6795.39 -9179.97
9.8679 0 0.47741 -2384.58 6796.34 -9180.92
9.87788 0 0.477288 -2384.58 6797.21 -9181.79
9.88785 0 0.477166 -2384.58 6797.99 -9182.57
