         0.000000000 -7.054680000E-06    -2.818064000E-05 1.473098400E-05
    -2.809222400E-05 1.469852800E-05
    -2.802825600E-05 1.467883200E-05
    -2.797388800E-05 1.466142400E-05
    -2.791462400E-05 1.464039200E-05
    -2.786505600E-05 1.462493600E-05
    -2.779216000E-05 1.459942400E-05
    -2.7         0.000000000 -6.93313    -2.76         0.000000000 -6.9144    -2.759         0.000000000 -6.899    -2.7544         0.000000000 -6.88    -2.747411200E-05 1.449488000E-05
    -2.739020800E-05 1.446803600E-05
    -2.734778400E-05 1.445335200E-05
    -2.727779200E-05 1.443032800E-05
    -2.723142400E-05 1.441181600E-05
    -2.713296000E         0.000000000    -2.707036800E-05 1.435889600E-05
    -2.703580800E-05 1.435152000E-05
    -2.692812800E-05 1.431175200E-05
000 -6.732032000E-06
