     -0.006989030475
      -0.01397787150
       0.01949703162
       0.01250816946
      0.005519132274
     -0.001469890493
     -0.008458709392
       0.02501618931
       0.01802730701
       0.01103826410
      0.004049250037
     -0.002939545739
       0.03053534411
       0.02354644266
       0.01655739503
      0.009568390667
      0.002579619009
       0.03605449557
       0.02906557598
       0.02207652462
       0.01508753095
      0.008098784406
       0.04157364326
       0.03458470652
       0.02759565243
       0.02060667044
       0.01361795000
       0.04709278673
       0.04010383382
       0.03311477799
       0.02612580869
       0.05960061566
       0.05261192552
       0.04562295745
       0.03863390088
       0.03164494526
       0.06511977792
       0.05813105920
       0.05114207696
       0.04415302064
       0.03716407970
       0.07063893363
       0.06365018732
       0.05666119190
       0.04967213683
