           0.
           0.
           0.
           0.
           0.
           0.
           0.
           0.
           0.
           0.
           0.
           0.
           0.
           0.
           0.
           0.
           0.
           0.
           0.
           0.
           0.
           0.
           0.
           0.
           0.
           0.
           0.
           0.
           0.
           0.
           0.
           0.
           0.
           0.
           0.
           0.
           0.
           0.
           0.
           0.
           0.
           0.
           0.
           0.
           0.
           0.
           0.
           0.
           0.
           0.
           0.
           0.
           0.
           0.
           0.
           0.
           0.
           0.
           0.
           0.
           0.
           0.
           0.
           0.
           0.
           0.
           0.
           0.
           0.
           0.
           0.
           0.
           0.
           0.
           0.
           0.
           0.
           0.
           0.
           0.
           0.
           0.
           0.
           0.
           0.
           0.
           0.
           0.
           0.
           0.
           0.
           0.
           0.
           0.
           0.
           0.
           0.
           0.
           0.
           0.
           0.
           0.
           0.
           0.
           0.
           0.
           0.
           0.
           0.
           0.
           0.
           0.
           0.
           0.
           0.
           0.
           0.
           0.
           0.
           0.
           0.
           0.
           0.
           0.
           0.
           0.
           0.
           0.
           0.
           0.
           0.
           0.
           0.
           0.
           0.
           0.
           0.
           0.
           0.
           0.
           0.
           0.
           0.
           0.
           0.
           0.
           0.
           0.
           0.
           0.
           0.
           0.
           0.
           0.
           0.
           0.
           0.
           0.
           0.
           0.
           0.
           0.
           0.
           0.
           0.
           0.
           0.
           0.
           0.
           0.
           0.
           0.
           0.
           0.
           0.
           0.
           0.
           0.
           0.
           0.
           0.
           0.
           0.
           0.
           0.
           0.
           0.
           0.
           0.
           0.
           0.
           0.
           0.
           0.
           0.
           0.
           0.
           0.
           0.
           0.
           0.
           0.
           0.
           0.
           0.
           0.
           0.
           0.
           0.
           0.
           0.
           0.
           0.
           0.
           0.
           0.
           0.
           0.
           0.
           0.
           0.
           0.
           0.
           0.
           0.
           0.
           0.
           0.
           0.
           0.
           0.
           0.
           0.
           0.
           0.
           0.
           0.
           0.
           0.
           0.
           0.
           0.
           0.
           0.
           0.
           0.
           0.
           0.
           0.
           0.
           0.
           0.
           0.
           0.
           0.
           0.
           0.
           0.
           0.
           0.
           0.
           0.
           0.
           0.
           0.
           0.
           0.
           0.
           0.
           0.
           0.
           0.
           0.
           0.
           0.
           0.
           0.
           0.
           0.
           0.
   1.0000e+00
           0.
           0.
           0.
           0.
           0.
           0.
           0.
           0.
           0.
           0.
           0.
   1.0000e+00
           0.
           0.
           0.
   4.0000e+00
           0.
           0.
           0.
   8.0000e+00
           0.
           0.
           0.
   5.0000e+00
           0.
           0.
           0.
   1.1000e+01
           0.
           0.
           0.
   1.7000e+01
           0.
           0.
           0.
   1.8000e+01
           0.
           0.
           0.
   2.6000e+01
           0.
           0.
           0.
   3.5000e+01
           0.
           0.
           0.
   5.8000e+01
           0.
           0.
           0.
   7.3000e+01
           0.
           0.
           0.
   1.0400e+02
           0.
           0.
           0.
   1.2000e+02
           0.
           0.
           0.
   1.5600e+02
           0.
           0.
           0.
   2.4000e+02
           0.
           0.
           0.
   3.1600e+02
           0.
           0.
           0.
   4.1300e+02
           0.
           0.
           0.
   4.9700e+02
           0.
           0.
           0.
   6.6500e+02
           0.
           0.
           0.
   7.9100e+02
           0.
           0.
           0.
   1.0150e+03
           0.
           0.
           0.
   1.1810e+03
           0.
           0.
           0.
   1.4490e+03
           0.
           0.
           0.
   1.7410e+03
           0.
           0.
           0.
   2.2060e+03
           0.
           0.
           0.
   2.5970e+03
           0.
           0.
           0.
   2.9770e+03
           0.
           0.
           0.
   3.6490e+03
           0.
           0.
           0.
   4.0020e+03
           0.
           0.
           0.
   4.6170e+03
           0.
           0.
           0.
   5.2580e+03
           0.
           0.
           0.
   5.9050e+03
           0.
           0.
           0.
   6.4750e+03
           0.
           0.
           0.
   7.2700e+03
           0.
           0.
           0.
   7.9970e+03
           0.
           0.
           0.
   8.6750e+03
           0.
           0.
           0.
   9.5120e+03
           0.
           0.
           0.
   9.9550e+03
           0.
           0.
           0.
   1.0709e+04
           0.
           0.
           0.
   1.1469e+04
           0.
           0.
           0.
   1.1821e+04
           0.
           0.
           0.
   1.2232e+04
           0.
           0.
           0.
   1.2774e+04
           0.
           0.
           0.
   1.3148e+04
           0.
           0.
           0.
   1.3332e+04
           0.
           0.
           0.
   1.3504e+04
           0.
           0.
           0.
   1.3900e+04
           0.
           0.
           0.
   1.3804e+04
           0.
           0.
           0.
   1.3912e+04
           0.
           0.
           0.
   1.3893e+04
           0.
           0.
           0.
   1.3975e+04
           0.
           0.
           0.
   1.3440e+04
           0.
           0.
           0.
   1.3214e+04
           0.
           0.
           0.
   1.3223e+04
           0.
           0.
           0.
   1.2697e+04
           0.
           0.
           0.
   1.2429e+04
           0.
           0.
           0.
   1.1861e+04
           0.
           0.
           0.
   1.1577e+04
           0.
           0.
           0.
   1.1068e+04
           0.
           0.
           0.
   1.0762e+04
           0.
           0.
           0.
   1.0198e+04
           0.
           0.
           0.
   9.7690e+03
           0.
           0.
           0.
   9.2210e+03
           0.
           0.
           0.
   8.7080e+03
           0.
           0.
           0.
   8.1750e+03
           0.
           0.
           0.
   7.6410e+03
           0.
           0.
           0.
   7.2930e+03
           0.
           0.
           0.
   6.8460e+03
           0.
           0.
           0.
   6.2810e+03
           0.
           0.
           0.
   5.8210e+03
           0.
           0.
           0.
   5.4020e+03
           0.
           0.
           0.
   5.0270e+03
           0.
           0.
           0.
   4.5500e+03
           0.
           0.
           0.
   4.2460e+03
           0.
           0.
           0.
   3.8770e+03
           0.
           0.
           0.
   3.5510e+03
           0.
           0.
           0.
   3.1390e+03
           0.
           0.
           0.
   2.8030e+03
           0.
           0.
           0.
   2.4660e+03
           0.
           0.
           0.
   2.2750e+03
           0.
           0.
           0.
   1.9720e+03
           0.
           0.
           0.
   1.7710e+03
           0.
           0.
           0.
   1.5390e+03
           0.
           0.
           0.
   1.3860e+03
           0.
           0.
           0.
   1.1730e+03
           0.
           0.
           0.
   1.0030e+03
           0.
           0.
           0.
   8.9800e+02
           0.
           0.
           0.
   7.8300e+02
           0.
           0.
           0.
   6.3100e+02
           0.
           0.
           0.
   5.5300e+02
           0.
           0.
           0.
   4.1800e+02
           0.
           0.
           0.
   3.7700e+02
           0.
           0.
           0.
   3.2100e+02
           0.
           0.
           0.
   2.5600e+02
           0.
           0.
           0.
   2.0700e+02
           0.
           0.
           0.
   1.6200e+02
           0.
           0.
           0.
   1.1400e+02
           0.
           0.
           0.
   8.5000e+01
           0.
           0.
           0.
   9.5000e+01
           0.
           0.
           0.
   4.3000e+01
           0.
           0.
           0.
   3.6000e+01
           0.
           0.
           0.
   2.3000e+01
           0.
           0.
           0.
   2.2000e+01
           0.
           0.
           0.
   1.2000e+01
           0.
           0.
           0.
   1.4000e+01
           0.
           0.
           0.
   1.3000e+01
           0.
           0.
           0.
   1.0000e+01
           0.
           0.
           0.
   2.0000e+00
           0.
           0.
           0.
   4.0000e+00
           0.
           0.
           0.
   1.0000e+00
           0.
           0.
           0.
   1.0000e+00
           0.
           0.
           0.
   1.0000e+00
           0.
           0.
           0.
   1.0000e+00
           0.
           0.
           0.
           0.
           0.
           0.
           0.
           0.
           0.
           0.
           0.
           0.
           0.
           0.
           0.
           0.
           0.
           0.
           0.
           0.
           0.
           0.
           0.
           0.
           0.
           0.
           0.
           0.
           0.
           0.
           0.
           0.
           0.
           0.
           0.
           0.
           0.
           0.
           0.
           0.
           0.
           0.
           0.
           0.
           0.
           0.
           0.
           0.
           0.
           0.
           0.
           0.
           0.
           0.
           0.
           0.
           0.
           0.
           0.
           0.
           0.
           0.
           0.
           0.
           0.
           0.
           0.
           0.
           0.
           0.
           0.
           0.
           0.
           0.
           0.
           0.
           0.
           0.
           0.
           0.
           0.
           0.
           0.
           0.
           0.
           0.
           0.
           0.
           0.
           0.
           0.
           0.
           0.
           0.
           0.
           0.
           0.
           0.
           0.
           0.
           0.
           0.
           0.
           0.
           0.
           0.
           0.
           0.
           0.
           0.
           0.
           0.
           0.
           0.
           0.
           0.
           0.
           0.
           0.
           0.
           0.
           0.
           0.
           0.
           0.
           0.
           0.
           0.
           0.
           0.
           0.
           0.
           0.
           0.
           0.
           0.
           0.
           0.
           0.
           0.
           0.
           0.
           0.
           0.
           0.
           0.
           0.
           0.
           0.
           0.
           0.
           0.
           0.
           0.
           0.
           0.
           0.
           0.
           0.
           0.
           0.
           0.
           0.
           0.
           0.
           0.
           0.
           0.
           0.
           0.
           0.
           0.
           0.
           0.
           0.
           0.
           0.
           0.
           0.
           0.
           0.
           0.
           0.
           0.
           0.
           0.
           0.
           0.
           0.
           0.
           0.
           0.
           0.
           0.
           0.
           0.
           0.
           0.
           0.
           0.
           0.
           0.
           0.
           0.
           0.
           0.
           0.
           0.
           0.
           0.
           0.
           0.
           0.
           0.
           0.
           0.
           0.
           0.
           0.
           0.
           0.
           0.
           0.
           0.
           0.
           0.
           0.
           0.
           0.
           0.
           0.
           0.
           0.
           0.
           0.
           0.
           0.
           0.
           0.
           0.
           0.
           0.
           0.
           0.
           0.
           0.
           0.
           0.
           0.
           0.
           0.
           0.
           0.
           0.
           0.
           0.
           0.
           0.
           0.
           0.

